date,scheme_code,scheme_name,nav
2014-02-13,100033,Aditya Birla Sun Life Large & Mid Cap Fund - Regular Growth,165.75
2014-02-13,100034,Aditya Birla Sun Life Large & Mid Cap Fund -Regular - IDCW,75.59
2014-02-13,100037,Aditya Birla Sun Life Income Fund - Regular - Quarterly IDCW,12.192
2014-02-13,100038,Aditya Birla Sun Life Income Fund - Growth - Regular Plan,53.1472
2014-02-13,100041,Aditya Birla Sun Life Liquid Fund -Institutional - IDCW,108.023
2014-02-13,100042,Aditya Birla Sun Life Liquid Fund-Retail (Growth),330.0577
2014-02-13,100043,Aditya Birla Sun Life Liquid Fund-Institutional (Growth),338.6131
2014-02-13,100044,Aditya Birla Sun Life Liquid Fund -Retail - IDCW,163.694
2014-02-13,100046,Aditya Birla Sun Life Liquid Fund -Daily IDCW,100.195
2014-02-13,100047,Aditya Birla Sun Life Liquid Fund - Growth,203.2445
2014-02-13,100048,Aditya Birla Sun Life Liquid Fund -Institutional - weekly  IDCW,108.2138
2014-02-13,100051,Aditya Birla Sun Life Liquid Fund -weekly IDCW,100.3668
2014-02-13,100054,Aditya Birla Sun Life Gilt Plus - Liquid Plan - Quarterly Dividend - Regular Plan,10.8499
2014-02-13,100055,Aditya Birla Sun Life Gilt Plus - Liquid Plan - Growth - Regular Plan,28.1525
2014-02-13,100056,Aditya Birla Sun Life Gilt Plus - Liquid Plan - Annual Dividend - Regular Plan,11.0835
2014-02-13,100057,Aditya Birla Sun Life Govenment Securities Fund -Regular - Quarterly IDCW,10.4858
2014-02-13,100058,Aditya Birla Sun Life Government Securities Fund  - Growth - Regular Plan,31.1006
2014-02-13,100060,Aditya Birla Sun Life Constant Maturity 10 Year Gilt Fund - Quarterly Dividend - Regular Plan,11.9072
2014-02-13,100061,Aditya Birla Sun Life Constant Maturity 10 Year Gilt Fund - Growth - Regular Plan,36.3213
2014-02-13,100063,Aditya Birla Sun Life MNC Fund - Regular - IDCW,84.6
2014-02-13,100064,Aditya Birla Sun Life MNC Fund - Growth - Regular Plan,272.29
2014-02-13,100065,Aditya Birla Sun Life India Opportunities Fund - Dividend - Regular Plan,18.39
2014-02-13,100066,Aditya Birla Sun Life India Opportunities Fund - Growth - Regular Plan,65.99
2014-02-13,100067,Aditya Birla Sun Life Tax Plan -Regular - IDCW,50.17
2014-02-13,100068,BARODA ELSS 96 - Plan A - IDCW,23.11
2014-02-13,100077,DSP Bond Fund - IDCW,10.5731
2014-02-13,100078,DSP Bond Fund - Growth,37.945
2014-02-13,100079,DSP Bond Fund - IDCW - Monthly,10.7169
2014-02-13,100080,DSP Flexi Cap Fund - Regular Plan - IDCW,43.08
2014-02-13,100081,DSP Aggressive Hybrid Fund- Regular Plan - Growth,68.626
2014-02-13,100082,DSP Aggressive Hybrid Fund- Regular Plan - IDCW,21.029
2014-02-13,100084,DSP Gilt Fund - Regular Plan - Growth,38.1121
2014-02-13,100085,DSP Gilt Fund - Regular Plan - IDCW,10.9797
2014-02-13,100086,DSP Gilt Fund - Regular Plan - IDCW - Monthly,9.9772
2014-02-13,100087,DSP Savings Fund - Regular Plan - Growth,25.7223
2014-02-13,100088,DSP Savings Fund - Regular Plan - IDCW,11.5666
2014-02-13,100089,DSP Savings Fund - Regular Plan - IDCW - Monthly,10.314
2014-02-13,100090,DSP BlackRock Technology.com   Fund - Regular Plan - Growth,41.766
2014-02-13,100119,HDFC Balanced Advantage Fund - Growth Plan,87.232
2014-02-13,100120,HDFC Balanced Advantage Fund - IDCW Plan,25.019
2014-02-13,100121,HDFC Balanced Fund - Dividend Option,20.156
2014-02-13,100122,HDFC Balanced Fund - Growth Option,69.088
2014-02-13,100123,HDFC Income Fund - Quarterly IDCW Option,10.6111
2014-02-13,100124,HDFC Income Fund - Growth Option,27.0257
2014-02-13,100151,Principal Retail Equity Savings Fund - Growth Option,82.12
2014-02-13,100152,Principal Nifty 100 Equal Weight Fund-Income Distribution CUM Capital Withdrawal,24.2664
2014-02-13,100153,Principal Nifty 100 Equal Weight Fund-Growth,41.289
2014-02-13,100156,Principal Tax Savings Fund,87.97
2014-02-13,100171,Quant Dynamic Bond-Dividend,11.4386
2014-02-13,100172,Quant Dynamic Bond-Growth,41.1775
2014-02-13,100173,Quant Dynamic Bond-Bonus,21.6524
2014-02-13,100174,quant ELSS Tax Saver Fund - IDCW Option - Regular Plan,7.4188
2014-02-13,100175,quant ELSS Tax Saver Fund - Growth Option - Regular Plan,33.4033
2014-02-13,100176,quant Small Cap Fund - IDCW Option - Regular Plan,32.9486
2014-02-13,100177,quant Small Cap Fund - Growth - Regular Plan,36.5312
2014-02-13,100178,ING Income Fund-Regular Plan -Dividend Option (Quarterly),11.3886
2014-02-13,100179,ING Income Fund-Regular Plan -Dividend Option (Half Yearly),10.6312
2014-02-13,100180,ING Income Fund- Regular Plan - Dividend Option (Annual),10.8743
2014-02-13,100181,ING Income Fund-Regular Plan -Growth Option,30.7855
2014-02-13,100182,ING Income Fund-Institutional Plan - Dividend Option (Half Yearly),10.0
2014-02-13,100183,ING Income Fund-Institutional Plan - Dividend Option (Quarterly),10.0
2014-02-13,100184,ING Income Fund-Institutional Plan -Dividend Option (Annual),10.0
2014-02-13,100187,ING Income Fund-Institutional Plan - Growth Option,13.136
2014-02-13,100188,ING Core Equity Fund-Dividend Option,16.21
2014-02-13,100189,ING Core Equity Fund-Growth Option,40.67
2014-02-13,100190,ING Liquid Fund-Regular Growth Option,25.9678
2014-02-13,100191,ING Liquid Fund-Regular Weekly Dividend Option,10.8309
2014-02-13,100192,ING Liquid Fund-Regular Daily Dividend Option,10.7873
2014-02-13,100196,ING Liquid Fund-Institutional Growth Option,19.6708
2014-02-13,100197,ING Liquid Fund-Institutional Weekly Dividend Option,10.0605
2014-02-13,100198,ING Liquid Fund-Institutional Daily Dividend Option,10.0121
2014-02-13,100199,ING Liquid Fund-Super Institutional Growth Option,18.8469
2014-02-13,100200,ING Liquid Fund-Super Institutional Daily Dividend Option,10.0048
2014-02-13,100201,ING Liquid Fund-Super Institutional Weekly Dividend Option,10.0117
2014-02-13,100202,ING Balanced Fund-Dividend Option,13.03
2014-02-13,100203,ING Balanced Fund-Growth Option,27.64
2014-02-13,100218,JM Large Cap Fund (Regular) - IDCW,13.9723
2014-02-13,100219,JM Large Cap Fund (Regular) - Growth Option,34.3253
2014-02-13,100220,JM Aggressive Hybrid Fund (Regular) - IDCW,18.6581
2014-02-13,100221,JM Aggressive Hybrid Fund (Regular) -Growth Option,26.1592
2014-02-13,100222,JM Medium to Long Duration Fund (Regular) - Quarterly IDCW,12.2523
2014-02-13,100223,JM Medium to Long Duration Fund (Regular) - Growth Option,36.0356
2014-02-13,100233,JM Liquid Fund (Regular) - Weekly IDCW,11.0087
2014-02-13,100234,JM Liquid Fund - Growth Option,34.5876
2014-02-13,100237,JM High Liquidity Fund-- Institutional Plan - Growth,20.888
2014-02-13,100238,JM High Liquidity Fund-Institutional Plan - Daily Dividend,10.0159
2014-02-13,100244,JM Liquid Fund (Regular) - Quarterly IDCW,19.5768
2014-02-13,100247,JM Liquid Fund (Regular) - Super Institutional Plan - Growth Option,19.889
2014-02-13,100249,JM G-Sec Fund - Quarterly Dividend Option,17.3845
2014-02-13,100250,JM G-Sec Fund - Growth Option,38.0385
2014-02-13,100253,JM G-Sec Fund - Bonus Option - Principal Units,18.4984
2014-02-13,100254,JM Value Fund (Regular) - Growth Option,11.9423
2014-02-13,100264,Kotak Gilt-Investment Regular-Payout of Income Distribution cum capital withdrawal option,11.3906
2014-02-13,100265,Kotak Gilt-Investment Regular-Growth,39.7701
2014-02-13,100280,Kotak Gilt-Investment  Provident Fund and Trust-Payout of Income Distribution cum capital withdrawal option,10.1784
2014-02-13,100281,Kotak Gilt-Investment  Provident Fund and Trust-Growth,40.6345
2014-02-13,100286,Kotak Aggressive Hybrid Fund - Regular Plan - IDCW - Payout & Reinvestment of Income Distribution cum capital withdrawal option,18.723
2014-02-13,100291,Kotak Bond-Deposit-Dividend,11.3853
2014-02-13,100292,Kotak Bond-Deposit-Growth,31.7082
2014-02-13,100298,Kotak Bond Regular Plan Quaterly Payout of Income Distribution cum capital withdrawal option,10.073
2014-02-13,100299,Kotak Bond Fund - Regular Plan Growth,33.9742
2014-02-13,100300,Kotak Bond Fund - Regular Plan - Standard IDCW Option,21.0921
2014-02-13,100301,Kotak Bond Regular Plan Bonus Plan,22.6471
2014-02-13,100312,LIC MF Flexi Cap Fund-Regular Plan-IDCW,10.6711
2014-02-13,100313,LIC MF Flexi Cap Fund-Regular Plan-Growth,27.0779
2014-02-13,100314,LIC MF Medium to Long Duration Fund-Regular Plan-IDCW,10.1931
2014-02-13,100315,LIC MF Medium to Long Duration Fund-Regular Plan-Growth,33.708
2014-02-13,100316,LIC MF Gilt Fund-Regular Plan-IDCW,9.8103
2014-02-13,100317,LIC MF Gilt Fund-Regular Plan-Growth,26.1051
2014-02-13,100318,LIC MF Gilt Fund-PF Plan-IDCW,9.7377
2014-02-13,100319,LIC MF Gilt Fund-PF Plan-Growth,15.0475
2014-02-13,100321,LIC MF Aggressive Hybrid Fund-Regular Plan-IDCW,11.8393
2014-02-13,100323,LIC MF Aggressive Hybrid Fund-Regular Plan-Growth,62.553
2014-02-13,100325,LIC MF ULIS (5 Yrs. Single Premium)-Regular Plan-IDCW Reinvestment,10.6474
2014-02-13,100332,LIC MF Large Cap Fund-Regular Plan-IDCW,12.3354
2014-02-13,100337,SaharaTax Gain-Dividend,13.4353
2014-02-13,100338,SaharaTax Gain-Growth,41.6721
2014-02-13,100347,Morgan Stanley Growth Fund- Regular Growth Plan,66.123
2014-02-13,100348,ICICI Prudential Large & Mid Cap Fund - IDCW,14.5
2014-02-13,100349,ICICI Prudential Large & Mid Cap Fund - Growth,163.56
2014-02-13,100350,ICICI Prudential Large & Mid Cap Fund - Institutional Option - I - Growth,24.15
2014-02-13,100351,ICICI Prudential FMCG Fund - IDCW,52.44
2014-02-13,100352,ICICI Prudential FMCG Fund - Growth,113.11
2014-02-13,100353,ICICI Prudential ELSS Tax Saver Fund - IDCW,17.03
2014-02-13,100354,ICICI Prudential ELSS Tax Saver Fund - Growth,166.48
2014-02-13,100355,ICICI Prudential Equity & Debt Fund - Monthly IDCW,16.83
2014-02-13,100356,ICICI Prudential Equity & Debt Fund - Growth,60.92
2014-02-13,100357,ICICI Prudential Liquid Fund -Quarterly IDCW,101.4477
2014-02-13,100359,ICICI Prudential Liquid Institutional Plus Fund - Div - Daily,118.5152
2014-02-13,100360,ICICI Prudential Liquid Institutional Plus Fund - Div - Weekly,118.6567
2014-02-13,100362,ICICI Prudential Liquid Institutional Plus Fund - Growth,308.1507
2014-02-13,100363,ICICI Prudential Technology Fund - Growth,32.16
2014-02-13,100364,ICICI Prudential Long Term Bond Fund - Half Yearly IDCW,11.0139
2014-02-13,100365,ICICI Prudential Long Term Bond Fund - Growth,36.6546
2014-02-13,100366,ICICI Prudential Long Term Bond Fund-Institutional Quarterly Dividend,11.3549
2014-02-13,100367,ICICI Prudential Long Term Bond Fund - Quarterly IDCW,11.9922
2014-02-13,100368,ICICI Prudential Gilt Fund - IDCW,12.185
2014-02-13,100369,ICICI Prudential Gilt Fund - Growth,39.0434
2014-02-13,100370,ICICI Prudential Short Term Gilt Fund - Dividend,12.1694
2014-02-13,100371,ICICI Prudential Short Term Gilt Fund - Growth,30.5561
2014-02-13,100372,ICICI Prudential Short Term Gilt Fund - Half Yearly Dividend,11.2772
2014-02-13,100375,NIPPON INDIA GROWTH MID CAP FUND - IDCW Option,45.2375
2014-02-13,100376,Nippon India Growth Mid Cap Fund-Growth Plan-Bonus Option,76.8952
2014-02-13,100377,Nippon India Growth Mid Cap Fund-Growth Plan-Growth Option,463.4939
2014-02-13,100378,Nippon India Vision Large & Midcap Fund - IDCW Option,32.5076
2014-02-13,100379,Nippon India Vision Large & Midcap Fund-GROWTH PLAN-Bonus Option,42.5829
2014-02-13,100380,Nippon India Vision Large & Midcap Fund-GROWTH PLAN-Growth Option,253.0658
2014-02-13,100383,NIPPON INDIA MEDIUM TO LONG DURATION FUND - MONTHLY IDCW Option,9.9975
2014-02-13,100384,NIPPON INDIA MEDIUM TO LONG DURATION  FUND - QUARTERLY IDCW Option,12.9441
2014-02-13,100385,NIPPON INDIA MEDIUM TO LONG DURATION  FUND - HALF YEARLY IDCW Option,12.1172
2014-02-13,100386,NIPPON INDIA MEDIUM TO LONG DURATION  FUND - ANNUAL IDCW Option,12.2509
2014-02-13,100387,Nippon India Medium to Long Duration  Fund - Growth Plan Growth Option,38.8854
2014-02-13,100388,Nippon India Medium to Long Duration  Fund - Growth Plan Bonus Option,11.4587
2014-02-13,100414,Tata Aggressive Hybrid Fund- Regular Plan - Growth Option,102.7559
2014-02-13,100415,Tata Ethical Fund-Regular Plan - Growth Option,83.7015
2014-02-13,100416,Tata Long Term Debt Fund - Regular Plan - Quarterly Dividend,10.5948
2014-02-13,100417,Tata Income Fund-Regular Plan - Half Yearly Payout of IDCW Option,11.8133
2014-02-13,100418,Tata Income Fund -Regular Plan - Growth Option,37.4751
2014-02-13,100470,Franklin India Large Cap Fund - IDCW,29.7208
2014-02-13,100471,Franklin India Large Cap Fund-Growth,233.787
2014-02-13,100472,Franklin India Mid Cap Fund - IDCW,34.6765
2014-02-13,100473,Franklin India Mid Cap Fund-Growth,341.0618
2014-02-13,100474,Tata ELSS Fund- Regular Plan - Payout of IDCW Option,45.1908
2014-02-13,100475,Tata Large Cap Fund -Regular Plan - Growth Option,112.1063
2014-02-13,100476,Taurus Flexi Cap Fund - Regular Plan - Growth,60.17
2014-02-13,100477,Taurus Mid Cap Fund - Regular Plan - Growth,16.26
2014-02-13,100480,Taurus ELSS Tax Saver Fund - Regular Plan - Growth,36.3
2014-02-13,100484,Franklin India Index Fund- NSE Nifty 50 Index Fund - Growth,47.2809
2014-02-13,100485,Franklin India Govt.Sec. Fund-Composite Plan - Growth,38.1904
2014-02-13,100486,Franklin India Govt.Sec. Fund-Composite Plan - Dividend,10.345
2014-02-13,100487,Franklin India Govt.Sec. Fund-Treasury Plan(Dividend Option),11.4965
2014-02-13,100489,Franklin India Govt.Sec. Fund-Treasury Plan(Growth Option),19.784
2014-02-13,100490,Franklin India Govt.Sec. Fund-PF Plan - Growth,16.7742
2014-02-13,100491,Franklin India Govt.Sec. Fund-PF Plan - Dividend,16.7742
2014-02-13,100493,Franklin India Government Securities Fund - Growth,26.6492
2014-02-13,100494,Franklin India Government Securities Fund - IDCW,10.3596
2014-02-13,100495,Franklin India Govt.Sec. Fund-Long Term Plan - Bonus,10.3248
2014-02-13,100496,Templeton India Value Fund - Growth Plan,119.2537
2014-02-13,100497,Templeton India Value Fund - IDCW,44.0842
2014-02-13,100498,Franklin India Dynamic Accrual Fund - IDCW,10.9142
2014-02-13,100499,Franklin India Dynamic Accrual Fund-Growth,40.828
2014-02-13,100503,Franklin India Low Duration Fund - Monthly - IDCW,10.4583
2014-02-13,100504,Franklin India Low Duration Fund - Quarterly - IDCW,10.3967
2014-02-13,100519,Franklin India Flexi Cap Fund - IDCW,24.7183
2014-02-13,100520,Franklin India Flexi Cap Fund - Growth,256.3214
2014-02-13,100521,Franklin India Technology Fund - IDCW,23.2215
2014-02-13,100522,Franklin India Technology Fund-Growth,94.4399
2014-02-13,100524,Franklin INDIA OPPORTUNITIES FUND - IDCW,12.3868
2014-02-13,100525,Franklin India ELSS Tax Saver Fund - IDCW,27.3437
2014-02-13,100526,Franklin India ELSS Tax Saver Fund-Growth,247.0296
2014-02-13,100527,Franklin India Corporate Debt Fund - Plan A - Annual - IDCW,14.8934
2014-02-13,100528,Franklin India Corporate Debt Fund - Growth,42.0214
2014-02-13,100529,Franklin India Corporate Debt Fund - Plan B - Monthly - IDCW,15.0253
2014-02-13,100530,Franklin India Corporate Debt Fund - Plan B - Quarterly - IDCW,12.9492
2014-02-13,100531,Franklin India Corporate Debt Fund - Plan B - Half yearly - IDCW,13.2157
2014-02-13,100532,Franklin India Corporate Debt Fund - Monthly Bonus,17.48
2014-02-13,100535,Franklin India Retirement Fund - IDCW,13.3716
2014-02-13,100536,Franklin India Retirement Fund - Growth,69.958
2014-02-13,100537,Franklin India Liquid Fund - Regular Plan - Weekly - IDCW,1245.4128
2014-02-13,100538,Franklin India Liquid Fund - Regular Plan - Growth,3064.1456
2014-02-13,100541,Franklin India Liquid Fund - Regular Plan - Daily - IDCW,1512.34
2014-02-13,100546,Franklin India Liquid Fund - Super Institutional Plan - Growth,1889.2586
2014-02-13,100547,Franklin India Liquid Fund - Super Institutional Plan - Daily - IDCW,1000.673
2014-02-13,100548,Franklin India Liquid Fund - Super Institutional Plan - Weekly - IDCW,1022.0795
2014-02-13,100549,Franklin India Aggressive Hybrid Fund - IDCW,16.4634
2014-02-13,100550,Franklin India Aggressive Hybrid Fund - Growth Plan,57.2053
2014-02-13,100551,Templeton India Children’s Asset Plan-Education Plan,36.4721
2014-02-13,100552,Templeton India Children’s Asset Plan-Gift Plan - Growth,50.7278
2014-02-13,100553,Templeton India Children’s Asset Plan-Gift Plan - Dividend,50.7278
2014-02-13,100593,CANARA ROBECO ELSS TAX SAVER - REGULAR PLAN -IDCW (Payout),17.45
2014-02-13,100596,CANARA ROBECO GILT FUND - REGULAR PLAN - IDCW (Payout/Reinvestment),12.0792
2014-02-13,100597,CANARA ROBECO GILT FUND - REGULAR PLAN - GROWTH OPTION,31.5795
2014-02-13,100600,CANARA ROBECO CONSERVATIVE HYBRID FUND - REGULAR PLAN - MONTHLY IDCW (Payout/Reinvestment),13.414
2014-02-13,100601,CANARA ROBECO CONSERVATIVE HYBRID FUND - REGULAR PLAN - GROWTH OPTION,35.9673
2014-02-13,100602,Sundaram Medium Duration Fund (Formerly Known as Sundaram Medium Term Bond Fund) Regular Plan-Income Distribution cum Capital Withdrawal(IDCW),10.3162
2014-02-13,100603,Sundaram Medium Duration Fund (Formerly Known as Sundaram Medium Term Bond Fund) Regular Plan - Growth,34.6123
2014-02-13,100604,Sundaram Medium Duration Fund (Formerly Known as Sundaram Medium Term Bond Fund) Regular Plan -Growth,11.8212
2014-02-13,100608,Sundaram Medium Duration Fund (Formerly Known as Sundaram Medium Term Bond Fund) Institutional Plan - Growth,39.1296
2014-02-13,100609,Sundaram Medium Duration Fund (Formerly Known as Sundaram Medium Term Bond Fund) Regular Plan- Income Distribution cum Capital Withdrawal(IDCW),10.39
2014-02-13,100610,Sundaram Medium Duration Fund (Formerly Known as Sundaram Medium Term Bond Fund) Regular Plan -Income Distribution cum Capital Withdrawal (IDCW),10.2579
2014-02-13,100611,Sundaram Medium Duration Fund (Formerly Known as Sundaram Medium Term Bond Fund) Institutional Plan -Growth,11.87
2014-02-13,100612,Sundaram Growth Fund-Dividend,12.3416
2014-02-13,100613,Sundaram Growth Fund-Growth,91.2902
2014-02-13,100614,Sundaram Value Fund Regular Plan - Income Distribution cum Capital Withdrawal (IDCW),10.8093
2014-02-13,100617,Sundaram Equity Hybrid Fund Regular Plan - Growth,49.6759
2014-02-13,100618,Sundaram Money Fund Retail Plan - Growth,24.9886
2014-02-13,100619,Sundaram Money Fund Retail Plan - Quarterly Reinvestment of Income Distribution cum Capital Withdrawal (IDCW),13.9839
2014-02-13,100620,Sundaram Money Fund Retail Plan - Daily Reinvestment of Income Distribution cum Capital Withdrawal (IDCW),10.0953
2014-02-13,100621,Sundaram Money Fund Retail Plan - Weekly Reinvestment of Income Distribution cum Capital Withdrawal (IDCW),11.1187
2014-02-13,100622,Sundaram Money Fund Retail Plan - Fortnightly Reinvestment of Income Distribution cum Capital Withdrawal (IDCW),10.6918
2014-02-13,100623,Sundaram Money Fund Retail Plan - Monthly Income Distribution cum Capital Withdrawal (IDCW),10.4424
2014-02-13,100630,quant Multi Cap Fund-IDCW Option - Regular Plan,10.4478
2014-02-13,100631,quant Multi Cap Fund-GROWTH OPTION - Regular Plan,67.8651
2014-02-13,100638,SBI Medium to Long Duration Fund - Regular Plan - Half Yearly - Income Distribution cum Capital Withdrawal Option (IDCW),11.6543
2014-02-13,100639,SBI Medium to Long Duration Fund-REGULAR PLAN-Growth,29.4704
2014-02-13,100640,SBI Medium to Long Duration Fund-REGULAR PLAN-Bonus,17.857
2014-02-13,100641,SBI ULTRA SHORT DURATION FUND - REGULAR PLAN - GROWTH,2804.8016
2014-02-13,100643,SBI Technology Opportunities Fund - Regular Plan - Income Distribution cum Capital Withdrawal Option (IDCW),30.6344
2014-02-13,100644,SBI Healthcare Opportunities Fund - Regular Plan - Income Distribution cum Capital Withdrawal Option (IDCW),64.6277
2014-02-13,100645,SBI Consumption Opportunities Fund - Regular Plan - Income Distribution cum Capital Withdrawal Option (IDCW),44.885
2014-02-13,100646,UTI - Unit Linked Insurance Plan,16.4589
2014-02-13,100648,UTI - CRTS 81 - Dividend Option,132.3674
2014-02-13,100650,UTI Large Cap Fund - Regular Plan - IDCW,24.316
2014-02-13,100651,UTI Large Cap Fund - Regular Plan - Growth Option,58.2223
2014-02-13,100656,UTI - Master Plus Unit Scheme-Growth Option,93.58
2014-02-13,100657,UTI - Master Plus Unit Scheme-Income Option,65.3748
2014-02-13,100663,UTI Large & Mid Cap Fund - Regular Plan - IDCW,23.2297
2014-02-13,100664,UTI Large & Mid Cap Fund - Regular Plan - Growth Option,31.9121
2014-02-13,100668,UTI Flexi Cap Fund - Regular Plan - IDCW,55.5982
2014-02-13,100669,UTI - Flexi Cap Fund-Growth Option,64.558
2014-02-13,100678,UTI Children's Hybrid Fund - Regular Plan,14.0782
2014-02-13,100682,UTI Retirement Fund - Regular Plan,16.9899
2014-02-13,100684,UTI Aggressive Hybrid Fund - Regular Plan - Growth,90.5903
2014-02-13,100685,UTI Aggressive Hybrid Fund - Regular Plan - IDCW,23.3441
2014-02-13,100723,UTI MMF-Discontinued - Regular Plan -Growth,3466.1782
2014-02-13,100724,UTI MMF- Discontinued - Regular Plan - Flexi Dividend Option,2000.5432
2014-02-13,100725,UTI MMF- Discontinued - Regular Plan - Periodic Dividend Option,1991.1074
2014-02-13,100739,UTI MNC Fund - Regular Plan - IDCW,47.5098
2014-02-13,100740,UTI - MNC Fund - Regular Plan - Growth Option,77.2474
2014-02-13,100741,UTI Medium to Long Duration Fund- Regular Plan - Growth,35.4452
2014-02-13,100742,UTI Medium to Long Duration Fund - Regular Plan - Quarterly IDCW,12.0752
2014-02-13,100750,UTI - Master Value Fund-Income Option,24.1336
2014-02-13,100751,UTI - Master Value Fund-Growth Option,57.5538
2014-02-13,100780,Sundaram Banking & PSU Fund (Formerly Known as Sundaram Banking and PSU Debt Fund) Retail Plan - Monthly Income Distribution cum Capital Withdrawal (IDCW),10.4371
2014-02-13,100781,Sundaram Banking & PSU Fund (Formerly Known as Sundaram Banking and PSU Debt Fund) Retail Plan - Growth,18.6361
2014-02-13,100782,Sundaram Banking & PSU Fund (Formerly Known as Sundaram Banking and PSU Debt Fund) Regular Plan - Daily Reinvestment of Income Distribution cum Capital Withdrawal (IDCW),10.0519
2014-02-13,100783,Sundaram Banking & PSU Fund (Formerly Known as Sundaram Banking and PSU Debt Fund) Regular Plan - Weekly Reinvestment of Income Distribution cum Capital Withdrawal (IDCW),10.2868
2014-02-13,100784,Sundaram Banking & PSU Fund (Formerly Known as Sundaram Banking and PSU Debt Fund) Regular Plan - Growth,19.9062
2014-02-13,100785,Sundaram Corporate Bond Fund Regular Plan -Income Distribution cum Capital Withdrawal(IDCW),9.7669
2014-02-13,100786,Sundaram Corporate Bond Fund Regular Plan - Income Distribution cum Capital Withdrawal (IDCW ),10.6788
2014-02-13,100788,Sundaram Corporate Bond Fund Regular Plan- Income Distribution cum Capital Withdrawal (IDCW),10.1401
2014-02-13,100789,Sundaram Corporate Bond Fund Regular Plan- Growth,16.5034
2014-02-13,100793,Sundaram Banking & PSU Fund (Formerly Known as Sundaram Banking and PSU Debt Fund) Regular Plan - Income Distribution cum Capital Withdrawal (IDCW),10.498
2014-02-13,100794,Sundaram Small Cap Fund Regular Plan - Income Distribution cum Capital Withdrawal (IDCW),10.5339
2014-02-13,100795,Sundaram Small Cap Fund Regular Plan - Growth,29.4928
2014-02-13,100796,Sahara Midcap Fund-Growth Plan,32.7005
2014-02-13,100797,Sahara Midcap Fund-Dividend Plan,14.4507
2014-02-13,100798,Sahara Midcap Fund-Auto Payout,32.7005
2014-02-13,100799,Sahara Midcap Fund-Bonus,32.7005
2014-02-13,100804,UTI Energy Fund-Income Option,9.4602
2014-02-13,100805,UTI Energy Fund-Growth Option,8.3397
2014-02-13,100806,UTI Healthcare Fund - Regular Plan - IDCW,45.9121
2014-02-13,100807,UTI Healthcare Fund - Regular Plan - Growth Option,59.4056
2014-02-13,100808,UTI Services Industries Fund-Income Option,30.9162
2014-02-13,100809,UTI Services Industries Fund-Growth Option,71.891
2014-02-13,100813,UTI Overnight Fund - Regular Plan - Periodic IDCW,12.4182
2014-02-13,100814,UTI - Overnight  Fund - Regular Plan - Growth Option,18.057
2014-02-13,100820,UTI ELSS Tax Saver Fund - Regular Plan - IDCW,15.0586
2014-02-13,100821,UTI ELSS Tax Saver Fund - Regular Plan - Growth Option,42.6184
2014-02-13,100822,UTI Nifty 50 Index Fund - Regular Plan - Growth Option,37.4733
2014-02-13,100823,UTI Nifty 50 Index Fund - Regular Plan - IDCW,19.0768
2014-02-13,100828,Kotak Liquid-Regular (Dividend),1002.8521
2014-02-13,100829,Kotak Liquid-Regular (Growth),2377.8168
2014-02-13,100830,Kotak Liquid-Institutional Plan  (Growth),2471.0125
2014-02-13,100833,Kotak Liquid Fund - Regular  - Daily Reinvestment of Income Distribution cum capital withdrawal option,1222.81
2014-02-13,100834,Kotak Liquid Fund Regular Plan Weekly Reinvestment of Income Distribution cum capital withdrawal option Dividend,1000.7047
2014-02-13,100835,Kotak Liquid Fund - Regular Plan - Growth,2572.0329
2014-02-13,100837,Nippon India Liquid Fund - Retail Option - Growth Plan,2972.8142
2014-02-13,100838,NIPPON INDIA LIQUID FUND - RETAIL Plan - WEEKLY IDCW OPTION,1035.4914
2014-02-13,100842,NIPPON INDIA LIQUID FUND - RETAIL Plan - DAILY IDCW OPTION,1524.28
2014-02-13,100843,NIPPON INDIA LIQUID FUND - RETAIL plan - MONTHLY IDCW OPTION,1333.8263
2014-02-13,100844,NIPPON INDIA LIQUID FUND - RETAIL Plan - QUARTERLY IDCW OPTION,1231.0103
2014-02-13,100845,Reliance Liquid Fund-Cash Plan-Growth Plan,2030.7069
2014-02-13,100848,Reliance Liquid Fund-Cash Plan-Weekly Dividend Reinvestment Option,1093.0754
2014-02-13,100849,Reliance Liquid Fund-Cash Plan-Daily Dividend Reinvestment Option,1114.15
2014-02-13,100851,Nippon India Liquid Fund -Growth Plan,3088.453
2014-02-13,100852,NIPPON INDIA LIQUID FUND - DAILY IDCW OPTION,1528.74
2014-02-13,100853,NIPPON INDIA LIQUID FUND - WEEKLY IDCW OPTION,1532.4562
2014-02-13,100855,NIPPON INDIA LIQUID FUND - MONTHLY IDCW OPTION,1593.0921
2014-02-13,100856,Nippon India Corporate Bond Fund - Growth Plan - Growth Option,26.1046
2014-02-13,100857,NIPPON INDIA CORPORATE BOND FUND - MONTHLY IDCW Option,10.5811
2014-02-13,100858,NIPPON INDIA CORPORATE BOND FUND - QUARTERLY IDCW Option,11.1787
2014-02-13,100859,Nippon India Corporate Bond Fund - Growth Plan - Bonus Option,18.6437
2014-02-13,100864,LIC MF ELSS Tax Saver-Regular Plan-IDCW,11.0755
2014-02-13,100865,LIC MF ELSS Tax Saver-Regular Plan-Growth,30.9347
2014-02-13,100868,HDFC Liquid Fund - Growth Plan,25.0118
2014-02-13,100873,HDFC Liquid Fund-PREMIUM- Growth,25.4215
2014-02-13,100874,HDFC Liquid Fund - IDCW Plan Weekly,10.3176
2014-02-13,100875,HDFC Liquid Fund - IDCW Daily,10.1982
2014-02-13,100876,HDFC Liquid Fund - IDCW Monthly,10.3037
2014-02-13,100877,HDFC Liquid Fund-Premium Plan - Dividend-Daily,12.2598
2014-02-13,100878,HDFC Liquid Fund-Premium Plan - Dividend-Weekly,10.0
2014-02-13,100895,Principal Cash Management Fund - Daily Income Distribution CUM Capital Withdrawal,1000.1456
2014-02-13,100896,Principal Cash Management Fund - Weekly Income Distribution CUM Capital Withdrawal Option,1006.2547
2014-02-13,100897,Principal Cash Management Fund - Monthly Income Distribution CUM Capital Withdrawal Option,1027.5258
2014-02-13,100898,Principal Cash Management Fund -Growth Option,1231.9098
2014-02-13,100899,HDFC Childrens Fund-Savings,27.8892
2014-02-13,100900,HDFC Childrens Fund - Growth Plan,57.113
2014-02-13,100915,SBI Contra Fund - Regular Plan - Income Distribution cum Capital Withdrawal Option (IDCW),14.7537
2014-02-13,100927,SBI Conservative Hybrid Fund - Regular Plan - Monthly Income Distribution cum Capital Withdrawal Option (IDCW),10.998
2014-02-13,100928,SBI Conservative Hybrid Fund - Regular Plan - Quarterly Income Distribution cum Capital Withdrawal Option (IDCW),10.8429
2014-02-13,100929,SBI Conservative Hybrid Fund - Regular Plan - Annual Income Distribution cum Capital Withdrawal Option (IDCW),12.6533
2014-02-13,100940,DSP BlackRock Liquidity Fund - Regular Plan - Growth,29.8664
2014-02-13,100941,DSP BlackRock Liquidity Fund - Regular Plan Weekly Dividend,12.4104
2014-02-13,100943,DSP BlackRock Liquidity Fund - Regular Plan - Daily Dividend,10.01
2014-02-13,100948,Franklin India Conservative Hybrid Fund - Growth,34.2034
2014-02-13,100949,Franklin India Conservative Hybrid Fund - Plan A - Monthly - IDCW,12.3702
2014-02-13,100950,Franklin India Conservative Hybrid Fund - Plan A - Quarterly - IDCW,11.9806
2014-02-13,100951,Franklin India Conservative Hybrid Fund - Monthly Bonus,11.0224
2014-02-13,100952,ICICI Prudential MIP - Growth,31.2462
2014-02-13,100953,ICICI Prudential MIP - Dividend Monthly,11.4225
2014-02-13,100954,ICICI Prudential MIP - Dividend Quarterly,12.3973
2014-02-13,100955,ICICI Prudential MIP - Dividend Half Yearly,12.2599
2014-02-13,100960,Principal Dynamic Bond Fund - Dividend Option -Annual,11.4326
2014-02-13,100961,Principal Dynamic Bond Fund -Dividend Option - Quarterly,12.8057
2014-02-13,100963,Principal Dynamic Bond Fund - Growth Option,20.6532
2014-02-13,100966,Principal Multi Cap Growth Fund- Half Yearly Income Distribution CUM Capital Withdrawal Option,27.04
2014-02-13,100967,Principal Multi Cap Growth Fund-Growth Option,59.69
2014-02-13,100968,SBI Conservative Hybrid Fund - Regular Plan - Growth,24.5274
2014-02-13,100970,Aditya Birla Sun Life MIP - Regular Plan - Growth,32.0649
2014-02-13,100971,Aditya Birla Sun Life MIP - Regular Plan - Monthly Dividend,11.2286
2014-02-13,100997,HDFC Long Term Advantage Plan - IDCW Plan,28.861
2014-02-13,100998,HDFC Long Term Advantage Plan - Growth Plan,158.567
2014-02-13,100999,SBI Gilt Fund - Regular Plan - Income Distribution cum Capital Withdrawal Option (IDCW),11.4268
2014-02-13,101001,SBI GILT FUND - REGULAR PLAN - GROWTH,24.5799
2014-02-13,101002,SBI CONSTANT MATURITY 10 Year GILT FUND - REGULAR PLAN - GROWTH,24.947
2014-02-13,101003,SBI Constant Maturity 10 Year Gilt Fund - Regular Plan - Income Distribution cum Capital Withdrawal Option (IDCW),11.6324
2014-02-13,101042,Tata Gilt Securities Fund -Regular Plan- Growth Option,34.2806
2014-02-13,101044,Franklin India Floating Rate Fund - IDCW,10.0085
2014-02-13,101048,Franklin India Floating Rate Fund - Growth Plan,20.2829
2014-02-13,101049,Tata Gilt Securities Fund - Regular Plan - Payout of IDCW Option,12.1639
2014-02-13,101059,SUNDARAM GILT FUND (DIV. OPTION),11.9226
2014-02-13,101065,quant Mid Cap Fund - Growth Option - Regular Plan,32.8959
2014-02-13,101066,quant Mid Cap Fund - IDCW Option - Regular Plan,11.6429
2014-02-13,101069,quant Aggressive Hybrid Fund-IDCW Option - Regular Plan,11.5761
2014-02-13,101070,quant Aggressive Hybrid Fund - Growth Option - Regular Plan,61.7375
2014-02-13,101071,quant Multi Asset Allocation Fund - IDCW Option - Regular Plan,24.0052
2014-02-13,101072,quant Multi Asset Allocation Fund-GROWTH OPTION - Regular Plan,26.2067
2014-02-13,101078,JM Liquid Fund (Regular) - Daily IDCW,10.4302
2014-02-13,101081,HDFC Gilt Fund-Short Term-Dividend,10.9532
2014-02-13,101082,HDFC Gilt Fund-Short Term-Growth,20.3719
2014-02-13,101083,HDFC Gilt Fund - Growth Plan,23.3101
2014-02-13,101084,HDFC Gilt Fund - IDCW Plan,10.4431
2014-02-13,101092,SUNDARAM GILT FUND (Growth. OPTION),20.8295
2014-02-13,101094,Taurus Gilt Fund-Dividend,16.7093
2014-02-13,101095,Taurus Gilt Fund-Growth,17.0802
2014-02-13,101098,ICICI Prudential Child Care Plan Study - Cumulative,38.8424
2014-02-13,101113,Taurus Short Term Income Fund- Regular Plan - Dividend Option,1536.038
2014-02-13,101114,Taurus Short Term Income Fund- Regular Plan - Growth Option,2207.6179
2014-02-13,101117,Principal Government Securities Fund-Dividend Option - Quarterly,11.3559
2014-02-13,101118,Principal Government Securities Fund-Growth,23.5834
2014-02-13,101119,Principal Government Securities Fund-Dividend Option- Annually,13.2677
2014-02-13,101127,ICICI Prudential Children's Fund - Regular Plan,64.03
2014-02-13,101143,ICICI Prudential Multi-Asset Fund - IDCW,17.4758
2014-02-13,101144,ICICI Prudential Multi-Asset Fund - Growth,130.5318
2014-02-13,101154,BARODA INCOME FUND - Plan A - Growth Option,18.7928
2014-02-13,101155,BARODA INCOME FUND - Plan A - Dividend Option,18.7928
2014-02-13,101161,Nippon India Multi Cap Fund-Growth Plan-Growth Option,44.1594
2014-02-13,101162,Nippon India Multi Cap Fund-Growth Plan-Bonus Option,44.1594
2014-02-13,101163,NIPPON INDIA MULTI CAP FUND - IDCW Option,24.0579
2014-02-13,101165,ICICI Prudential Short Term Fund - Monthly IDCW,11.7499
2014-02-13,101169,SBI Children's Fund - Savings Plan - REGULAR PLAN - GROWTH,26.5257
2014-02-13,101170,Sahara Gilt Fund-Growth,21.3894
2014-02-13,101171,Sahara Gilt Fund-Dividend,17.8456
2014-02-13,101181,JM Medium to Long Duration Fund (Regular) - Bonus Option- Principal Units,14.7425
2014-02-13,101184,LIC MF Liquid Fund-Regular Plan-Daily IDCW,1098.0
2014-02-13,101185,LIC MF Liquid Fund-Regular Plan-Growth,2298.572
2014-02-13,101186,Tata Income Fund- Regular Plan - Periodic Payout of IDCW Option,21.7236
2014-02-13,101187,Baroda BNP Paribas GILT FUND - Regular Plan - Growth Option,18.7616
2014-02-13,101188,Baroda BNP Paribas GILT FUND - Regular Plan - IDCW Option,18.7473
2014-02-13,101198,LIC MF BSE Sensex Index Fund-Regular Plan-IDCW,13.0456
2014-02-13,101199,LIC MF BSE Sensex Index Fund-Regular Plan-Growth,38.0641
2014-02-13,101200,LIC MF Nifty 50 Index Fund-Regular Plan-IDCW,12.307
2014-02-13,101201,LIC MF Nifty 50 Index Fund-Regular Plan-Growth,33.3643
2014-02-13,101202,LIC MF Index Fund-Sensex Advantage-Dividend,12.7111
2014-02-13,101203,LIC MF Index Fund-Sensex Advantage-Growth,35.9332
2014-02-13,101206,SBI OVERNIGHT FUND - REGULAR PLAN - GROWTH,2170.7819
2014-02-13,101209,Taurus Large Cap Fund - Regular Plan - Growth,40.55
2014-02-13,101221,ICICI Prudential Money Market Fund Retail Growth (erstwhile Cash Option),197.7815
2014-02-13,101222,Tata Aggressive Hybrid Fund- Regular Plan - Periodic Payout of IDCW Option,55.5762
2014-02-13,101224,Tata Dynamic Bond Fund- Regular Plan - Payout of IDCW Option,13.5256
2014-02-13,101228,ICICI Prudential Multicap Fund - Growth,123.75
2014-02-13,101229,ICICI Prudential Short Term Fund - Institutional Plan - Dividend Monthly,12.2382
2014-02-13,101230,ICICI Prudential Short Term Fund-Institutional Plan-Dividend Fortnightly,12.2699
2014-02-13,101231,ICICI Prudential Short Term Fund-Institutional Growth,26.0364
2014-02-13,101232,Franklin India Short-Term Income Plan-Growth,2530.5418
2014-02-13,101236,Franklin India Short Term Income Plan -  Retail Plan - Monthly - IDCW,1168.8451
2014-02-13,101237,Franklin India Short-Term Income Plan-Weekly Bonus,1141.6612
2014-02-13,101238,Franklin India Short Term Income Plan -  Retail Plan - Quarterly - IDCW,1197.3561
2014-02-13,101242,Franklin India Short Term Income Plan -  Retail Plan - Weekly - IDCW,1085.1627
2014-02-13,101244,Franklin India Short-Term Income Plan-Institutional Plan - Growth,2049.2371
2014-02-13,101246,Franklin India Short-Term Income Plan-Institutional Plan - Monthly Dividend,1220.2734
2014-02-13,101262,Nippon India Power & Infra Fund-Growth Plan -Growth Option,44.7584
2014-02-13,101263,Nippon India Power & Infra Fund-Growth Plan-Bonus Option,44.7584
2014-02-13,101264,NIPPON INDIA POWER & INFRA FUND - IDCW Option,22.5999
2014-02-13,101265,Principal Hybrid Equity Fund-Growth,35.65
2014-02-13,101266,Principal Hybrid Equity Fund- Monthly Income Distribution CUM Capital Withdrawal,18.02
2014-02-13,101271,LIC MF Children's Fund-Regular Plan-Growth,10.7377
2014-02-13,101281,HDFC BSE Sensex Index Fund - Growth Plan,170.723
2014-02-13,101282,HDFC Index Fund-Sensex Plus( FV-Rs32.161),251.0089
2014-02-13,101288,ING Short Term Income Fund-Growth Option,22.8351
2014-02-13,101295,SBI ESG Exclusionary Strategy Fund - Regular Plan - Income Distribution cum Capital Withdrawal Option (IDCW),28.5502
2014-02-13,101303,DSP Short Term Fund - Regular Plan - Regular Plan - IDCW - Weekly,10.18
2014-02-13,101304,DSP Short Term Fund - Regular Plan - Growth,21.2582
2014-02-13,101305,DSP Short Term Fund - Regular Plan - IDCW,11.3197
2014-02-13,101306,DSP Short Term Fund - IDCW - Monthly,10.9771
2014-02-13,101313,Aditya Birla Sun Life Nifty 50 Index Fund -REGULAR - IDCW,19.7888
2014-02-13,101314,Aditya Birla Sun Life Nifty 50 Index Fund - Growth - Regular Plan,58.8695
2014-02-13,101316,Aditya Birla Sun Life Savings Fund-Retail Growth,234.6773
2014-02-13,101317,Aditya Birla Sun Life Savings Fund - Growth - Regular Plan,242.4782
2014-02-13,101349,ICICI Prudential Nifty 50 Index Fund - Cumulative Option,56.6152
2014-02-13,101350,ICICI Prudential All Seasons Bond Fund Retail - Cumulative,26.2524
2014-02-13,101351,ICICI Prudential All Seasons Bond Fund - Weekly IDCW,10.4108
2014-02-13,101356,Franklin India Money Market Fund Retail Option - Quarterly - IDCW,11.05
2014-02-13,101357,Franklin India Money Market Fund - Growth Option,23.0426
2014-02-13,101358,Franklin India Money Market Fund - Institutional Option - Growth,19.3061
2014-02-13,101359,Franklin India Money Market Fund - Institutional Option - Dividend,10.3035
2014-02-13,101362,Canara Robeco Liquid Fund- INSTITUTIONAL-Growth,2270.2348
2014-02-13,101363,Canara Robeco Liquid Fund- INSTITUTIONAL-Daily Dividend Reinvestment,1005.5
2014-02-13,101364,Canara Robeco Liquid Fund-Retail-DRI,1007.0
2014-02-13,101365,Canara Robeco Liquid Fund-Retail-Growth,2224.0196
2014-02-13,101372,Kotak Bond Short Term Plan-(Payout of Income Distribution cum capital withdrawal option),10.1016
2014-02-13,101373,Kotak Bond Short Term Plan-(Growth),23.38
2014-02-13,101393,Sahara Liquid Fund-Fixed Pricing - Daily Dividend Option,1037.0678
2014-02-13,101394,Sahara Liquid Fund-Fixed Pricing - Growth option,2275.7631
2014-02-13,101397,Sahara Liquid Fund-Fixed Pricing -  Weekly Dividend Option,1027.4373
2014-02-13,101398,Sahara Liquid Fund-Fixed Pricing - Monthly Dividend Option,1041.9948
2014-02-13,101399,Sahara Liquid Fund-Variable Pricing - Daily Dividend option,1037.1129
2014-02-13,101400,Sahara Liquid Fund-Variable Pricing - Weekly Dividend Option,1043.6447
2014-02-13,101401,Sahara Liquid Fund-Variable Pricing- Monthly Dividend Option,1046.0898
2014-02-13,101402,Sahara Liquid Fund-Variable Pricing - Growth option,2299.186
2014-02-13,101403,Sahara Income Fund-Dividend,19.8486
2014-02-13,101404,Sahara Income Fund-Growth,24.1002
2014-02-13,101407,Baroda BNP Paribas LIQUID FUND-Defunct Plan- IDCW Option,1880.8926
2014-02-13,101408,Baroda BNP Paribas LIQUID FUND- Defunct Plan -Growth Option,2195.369
2014-02-13,101409,Baroda BNP Paribas LIQUID FUND-Defunct Plan-Daily IDCW Option,1006.06
2014-02-13,101419,Tata Long Term Debt Fund - Regular Plan  -Bonus,11.4595
2014-02-13,101420,JM Floater Short Term Fund - Daily Dividend Option,10.0883
2014-02-13,101421,JM Floater Short Term Fund - Growth Option,19.6939
2014-02-13,101430,HDFC Regular Savings Fund-GROWTH,23.9926
2014-02-13,101431,HDFC Regular Savings Fund-Monthly Dividend Option,10.3355
2014-02-13,101465,Principal Short Term Debt Fund- Growth Plan,21.9378
2014-02-13,101466,Principal Short Term Debt Fund - Income Distribution CUM Capital Withdrawal Option - Monthly,12.8303
2014-02-13,101472,Sundaram Equity Hybrid Fund Regular Plan - Income Distribution cum Capital Withdrawal (IDCW),11.029
2014-02-13,101481,HDFC Floating Rate Debt Fund - Retail Growth Option,21.172
2014-02-13,101482,HDFC Floating Rate Debt Fund - Retail Weekly Div Option,10.1406
2014-02-13,101483,HDFC Floating Rate Debt Fund - Retail Daily Div Option,10.0809
2014-02-13,101484,HDFC Floating Rate Debt Fund - Retail Monthly Div option,10.1792
2014-02-13,101489,Tata Young Citizen Fund [Upto 3 years] Regular Plan,15.1141
2014-02-13,101490,Tata Young Citizen Fund [>3 years upto 7 years] Regular Plan,15.1141
2014-02-13,101491,Tata Childrens Fund -Regular Plan-Growth Option,15.1141
2014-02-13,101498,Principal Equity Savings Fund - Growth Option,24.4789
2014-02-13,101499,Principal Equity Savings Fund - Half Yearly Income Distribution CUM Capital Withdrawal,10.5512
2014-02-13,101500,Principal Equity Savings Fund -Quaterly Income Distribution CUM Capital Withdrawal,11.97
2014-02-13,101519,JM Short Term Fund - Regular Plan - Dividend Option,11.5886
2014-02-13,101520,JM Short Term Fund - Regular Plan - Growth Option,24.3987
2014-02-13,101521,JM Short Term Fund - Growth Option,17.766
2014-02-13,101524,JM Short Term Fund - Dividend Option,10.5281
2014-02-13,101525,HDFC Nifty 50 Index Fund - Growth Plan,52.2839
2014-02-13,101528,Sahara Growth Fund-Growth,84.3167
2014-02-13,101529,Sahara Growth Fund-Dividend,24.4623
2014-02-13,101530,SBI Large & Midcap Fund - Regular Plan - Income Distribution cum Capital Withdrawal Option (IDCW),59.1943
2014-02-13,101536,Sundaram Select Focus Regular Plan - Income Distribution cum Capital Withdrawal (IDCW),9.5869
2014-02-13,101537,Sundaram Select Focus Regular Plan - Growth,88.6093
2014-02-13,101538,Sundaram Mid Cap Fund Regular Plan - Income Distribution cum Capital Withdrawal (IDCW),18.138
2014-02-13,101539,Sundaram Mid Cap Fund Regular Plan - Growth,169.81
2014-02-13,101544,Sundaram Short Term Credit Risk Fund -Dividend,11.2302
2014-02-13,101545,Sundaram Short Term Credit Risk Fund-Appreciation,18.2918
2014-02-13,101547,Tata Short Term Bond Fund- Regular Plan - Monthly Payout of IDCW Option,13.1392
2014-02-13,101548,Tata Short Term Bond Fund -Regular Plan- Growth Option,23.2576
2014-02-13,101549,JM Liquid Fund (Regular) - Bonus Option - Principal Units,11.0751
2014-02-13,101550,ING Short Term Income Fund -Dividend Option,12.7469
2014-02-13,101551,SBI Equity Hybrid Fund - Regular Plan - Income Distribution cum Capital Withdrawal Option (IDCW),22.0111
2014-02-13,101560,Sundaram Short Term Debt Fund Regular Plan -Income Distribution cum Capital Withdrawal ( IDCW ),12.2249
2014-02-13,101561,Sundaram Short Term Debt Fund Regular Plan- Income Distribution cum Capital Withdrawal (IDCW ),12.3628
2014-02-13,101562,Sundaram Short Term Debt Fund Regular Plan- Income Distribution cum Capital Withdrawal (IDCW),11.7258
2014-02-13,101563,Sundaram Short Term Debt Fund Regular Plan - Growth,21.6058
2014-02-13,101564,Sundaram Short Term Debt Fund Regular Plan - Weekly Income Distribution cum Capital Withdrawal (IDCW),12.6044
2014-02-13,101565,Sundaram Short Term Debt Fund Regular Plan - Fortnightly Income Distribution cum Capital Withdrawal (IDCW),12.0917
2014-02-13,101566,Sundaram Short Term Debt Fund Regular Plan - Income Distribution cum Capital Withdrawal (IDCW),11.8582
2014-02-13,101585,HDFC Equity Savings Fund - GROWTH PLAN,22.2634
2014-02-13,101586,HDFC Equity Savings Fund - IDCW PLAN,11.5427
2014-02-13,101587,CANARA ROBECO INCOME FUND - REGULAR PLAN - QUARTERLY IDCW (Payout/Reinvestment),12.9704
2014-02-13,101588,CANARA ROBECO INCOME FUND - REGULAR PLAN - GROWTH OPTION,25.4403
2014-02-13,101591,Aditya Birla Sun Life Midcap Fund -REGULAR - IDCW,19.86
2014-02-13,101592,Aditya Birla Sun Life MIDCAP Fund-Growth,114.47
2014-02-13,101593,HSBC Large Cap Fund - Regular IDCW,23.8978
2014-02-13,101594,HSBC Large Cap Fund - Regular Growth,105.0289
2014-02-13,101597,HSBC Income Fund - Short Term - Inst. - Growth,16.645
2014-02-13,101598,HSBC Income Fund-Short Term-Institutional-IDCW,11.3176
2014-02-13,101599,HSBC Short Duration Fund - Regular Growth,20.7473
2014-02-13,101600,HSBC Short Duration Fund - Closed (Monthly IDCW),10.9495
2014-02-13,101605,Tata Medium Term Fund- Regular Plan - Payout of IDCW option,11.8644
2014-02-13,101606,Tata Medium Term Fund B - Income / Bonus Option,12.0487
2014-02-13,101607,UTI - MIS-Income,11.3696
2014-02-13,101608,UTI - MIS-Growth,23.8957
2014-02-13,101609,TATA Equity Savings Fund- Regular Plan -Monthly Payout of IDCW option,12.5511
2014-02-13,101617,ICICI Prudential Savings Fund - Weekly IDCW,105.4788
2014-02-13,101618,ICICI Prudential Savings Fund - Daily IDCW,105.7358
2014-02-13,101619,ICICI Prudential Savings Fund - Growth,237.3629
2014-02-13,101625,DWS Short Maturity Fund - Monthly Dividend,12.1879
2014-02-13,101626,DWS Short Maturity Fund - Weekly Dividend,10.2256
2014-02-13,101627,DWS Short Maturity Fund - Growth,22.4148
2014-02-13,101628,DWS Alpha Equity Fund - Dividend,16.62
2014-02-13,101629,DWS Alpha Equity Fund - Growth,80.78
2014-02-13,101635,DSP Large Cap Fund - Regular Plan - Growth,106.645
2014-02-13,101636,DSP Large Cap Fund - Regular Plan - IDCW,19.194
2014-02-13,101642,ICICI Prudential Long Term Bond Fund - Institutional Dividend Halfyearly,10.6945
2014-02-13,101643,ICICI Prudential Long Term Bond Fund-Institutional Option-Growth,38.8934
2014-02-13,101656,Franklin India Dynamic Asset Allocation Active Fund of Funds-Growth,46.1025
2014-02-13,101657,Franklin India Dynamic Asset Allocation Active Fund of funds - IDCW,32.0891
2014-02-13,101659,Tata Nifty 50 Index Fund -Regular Plan,35.7863
2014-02-13,101665,Nippon India Short Duration  Fund-Growth Plan,23.1991
2014-02-13,101667,NIPPON INDIA SHORT DURATION FUND - MONTHLY IDCW Option,10.6219
2014-02-13,101669,NIPPON INDIA SHORT DURATION FUND - QUARTERLY IDCW OPTION,13.9249
2014-02-13,101670,HDFC Floating Rate Income Fund-Long Term Plan-Weekly Dividend Option,10.2064
2014-02-13,101671,HDFC Floating Rate Income Fund-Long Term Plan-GROWTH,22.0407
2014-02-13,101672,Tata Value Fund - Regular Plan -Growth Option,49.2705
2014-02-13,101685,HSBC Medium to Long Duration Fund - Regular Growth,20.5178
2014-02-13,101686,HSBC Medium to Long Duration Fund - Regular Quarterly IDCW,10.7649
2014-02-13,101703,Tata Medium Term Fund -Regular Plan - Growth Option,19.1891
2014-02-13,101704,Tata Medium Term Fund B - Growth Option,19.5045
2014-02-13,101705,ICICI Prudential BSE Sensex ETF,222.4053
2014-02-13,101706,ICICI Prudential Multicap Fund - IDCW,15.62
2014-02-13,101711,Aditya Birla Sun Life MIP II - Savings 5 Plan - Monthly Dividend - Regular Plan,11.4822
2014-02-13,101713,Aditya Birla Sun Life MIP II - Saving 5 Plan - Growth - Regular Plan,21.9154
2014-02-13,101714,Tata Liquid Fund- Regular Plan - Daily Reinvestment of IDCW Option,1001.5157
2014-02-13,101716,DWS Insta Cash Plus Fund-DIVIDEND-WEEKLY DIVIDEND,10.3629
2014-02-13,101717,DWS Insta Cash Plus Fund-DIVIDEND-MONTHLY DIVIDEND,10.4787
2014-02-13,101718,DWS Insta Cash Plus Fund-DIVIDEND-Daily Dividend,10.301
2014-02-13,101719,DWS Insta Cash Plus Fund-Growth-GROWTH,20.622
2014-02-13,101721,DWS Insta Cash Plus Fund-Institutional Plan-Growth,19.557
2014-02-13,101722,DWS Insta Cash Plus Fund-Institutional Plan-Daily Dividend,10.0516
2014-02-13,101729,DWS Premier Bond Fund - Quarterly Dividend,11.7375
2014-02-13,101730,DWS Premier Bond Fund - Monthly Dividend,12.9755
2014-02-13,101731,DWS Premier Bond Fund - Annual Dividend,10.5731
2014-02-13,101732,DWS Premier Bond Fund - Growth,20.2462
2014-02-13,101737,Aditya Birla Sun Life Dividend Yield Fund -REGULAR - IDCW,11.53
2014-02-13,101738,Aditya Birla Sun Life Dividend Yield Fund - Growth - Regular Plan,86.72
2014-02-13,101746,Tata S&P BSE Sensex Index Fund -Regular Plan,48.982
2014-02-13,101747,Tata Index Fund - Sensex B,16.418
2014-02-13,101748,ICICI Prudential Liquid Fund - Institutional - Daily - Div,118.5022
2014-02-13,101750,ICICI Prudential Liquid Fund Retail Growth,296.9993
2014-02-13,101751,ICICI Prudential Liquid Institutional Fund - Growth,304.6094
2014-02-13,101752,ICICI Prudential Liquid Fund Retail Weekly Dividend,118.8992
2014-02-13,101753,ICICI Prudential Liquid Fund - Institutional - Weekly - Div,118.5265
2014-02-13,101754,ICICI Prudential Liquid Fund Retail Daily Dividend,118.5142
2014-02-13,101755,ICICI Prudential Liquid Fund Retail Monthly Dividend,100.4046
2014-02-13,101758,ICICI Prudential Short Term Fund - Growth Option,25.2629
2014-02-13,101759,ICICI Prudential Short Term Fund - Reinvestment of IDCW Fortnightly,11.8339
2014-02-13,101762,HDFC Flexi Cap Fund - Growth Plan,288.402
2014-02-13,101763,HDFC Flexi Cap Fund - IDCW Plan,39.987
2014-02-13,101764,HDFC Value Fund - Growth Plan,124.531
2014-02-13,101765,HDFC Value Fund - IDCW Plan,21.443
2014-02-13,101766,Tata Infrastructure Fund-Regular Plan- Growth Option,23.908
2014-02-13,101793,ICICI Prudential Floating Interest Fund Plan B - Growth,204.8324
2014-02-13,101794,ICICI Prudential Floating Interest Fund Plan B - Fortnightly Dividend,101.2653
2014-02-13,101795,ICICI Prudential Floating Interest Fund Plan A - Growth,189.7022
2014-02-13,101796,ICICI Prudential Floating Interest Fund Plan A - Fortnightly Dividend,100.8913
2014-02-13,101797,ICICI Prudential Savings Fund Plan C - Growth,194.9189
2014-02-13,101798,ICICI Prudential Floating Interest Fund Plan C - Fortnightly Dividend,100.8893
2014-02-13,101799,ICICI Prudential Floating Interest Fund Plan B - Dividend Daily,100.1706
2014-02-13,101800,ICICI Prudential Floating Interest Fund Plan A - Dividend Daily,100.1707
2014-02-13,101801,ICICI Prudential Floating Interest Fund Plan C - Dividend Daily,100.1712
2014-02-13,101802,ICICI Prudential Floating Interest Fund - Growth,188.0375
2014-02-13,101803,ICICI Prudential Floating Interest Fund - Fortnightly IDCW,100.4475
2014-02-13,101804,ICICI Prudential Floating Interest Fund - Daily IDCW,100.2323
2014-02-13,101805,JM Dynamic Bond Fund (Regular) - IDCW,19.3369
2014-02-13,101806,JM Dynamic Bond Fund (Regular) - Growth Option,19.2699
2014-02-13,101807,JM Dynamic Bond Fund (Regular)- Premium Plan IDCW,10.3477
2014-02-13,101808,JM Dynamic Bond Fund - Premium Plan - Growth Option,18.6197
2014-02-13,101815,Principal Personal Tax Saver Fund,101.18
2014-02-13,101816,Aditya Birla Sun Life Regular Savings Fund - REGULAR - MONTHLY IDCW,11.4377
2014-02-13,101818,Aditya Birla Sun Life Regular Savings Fund - Growth / Payment - Regular Plan,22.066
2014-02-13,101823,Tata Large & Mid Cap Fund Regular Plan - Payout of IDCW Option,22.4391
2014-02-13,101824,Tata Large & Mid Cap Fund- Regular Plan - Growth Option,92.2078
2014-02-13,101828,Tata Gilt Securities Short Maturity Fund -Regular Fund-Quarterly DIvidend,11.4257
2014-02-13,101829,LIC MF Low Duration Fund-Regular Plan-Monthly IDCW,10.0812
2014-02-13,101830,LIC MF Low Duration Fund-Regular Plan-Growth,19.535
2014-02-13,101833,Tata Ethical Fund- Regular Plan - Payout of IDCW Option,50.2371
2014-02-13,101834,UTI - Master Equity Plan Unit Scheme,54.2215
2014-02-13,101837,DSP Credit Risk Fund - Regular Plan -Growth,19.8443
2014-02-13,101838,DSP Credit Risk Fund - Regular Plan - IDCW - Weekly,10.0896
2014-02-13,101839,DSP Credit Risk Fund - Regular Plan - IDCW,11.0372
2014-02-13,101840,DSP Credit Risk Fund - Regular Plan - IDCW - Daily,10.0888
2014-02-13,101843,Aditya Birla Sun Life Short Term Fund - REGULAR - IDCW,12.9352
2014-02-13,101844,Aditya Birla Sun Life Short Term Fund - Growth - Regular Plan,20.2257
2014-02-13,101847,Tata Money Market Fund-Regular Plan - Growth Option,2340.1257
2014-02-13,101852,TATA Infrastructure Fund Regular Plan - Payout of IDCW Option,15.7569
2014-02-13,101853,Sundaram Value Fund Regular Plan - Growth,45.8361
2014-02-13,101858,Tata Liquid Retail Investment Plan - Growth,2841.2268
2014-02-13,101859,Tata Liquid High Investment Plan - Weekly,1147.0464
2014-02-13,101860,Tata Liquid High Investment Plan - Growth,2073.6655
2014-02-13,101861,Tata Liquid Fund-Regular Plan  - Weekly Dividend,1001.1493
2014-02-13,101862,Nippon India Banking & Financial Services Fund-Growth Plan-Growth Option,96.1941
2014-02-13,101863,Nippon India Banking & Financial Services Fund-Growth Plan-Bonus Option,96.1941
2014-02-13,101864,Nippon India Banking & Financial Services Fund - IDCW Option,28.7859
2014-02-13,101866,LIC MF Conservative Hybrid Fund-Regular Plan-Monthly IDCW,10.3476
2014-02-13,101867,LIC MF Conservative Hybrid Fund-Regular Plan-Quarterly IDCW,10.8105
2014-02-13,101868,LIC MF Conservative Hybrid Fund-Regular Plan-Yearly IDCW,11.4008
2014-02-13,101869,LIC MF Conservative Hybrid Fund-Regular Plan-Growth,38.2409
2014-02-13,101872,HDFC Dynamic Debt Fund - Growth Option,40.5425
2014-02-13,101873,HDFC Dynamic Debt Fund - Quarterly IDCW Option,11.1862
2014-02-13,101874,HDFC Dynamic Debt Fund - Half Yearly IDCW Option,11.1154
2014-02-13,101875,HDFC Dynamic Debt Fund - Yearly IDCW Option,12.24
2014-02-13,101883,Tata Gilt Securities Short Maturity Fund -Regular Plan-Growth,19.3151
2014-02-13,101892,Kotak Money market Fund - (Monthly Payout of Income Distribution cum capital withdrawal option),1001.5806
2014-02-13,101893,Kotak Money Market Fund - (Growth),2078.1852
2014-02-13,101894,Kotak Money Market Fund - (Weekly Reinvestment of Income Distribution cum capital withdrawal option),1012.6856
2014-02-13,101902,Tata Gilt High Fund - Dividend Opt,13.023
2014-02-13,101906,Tata Equity Savings Fund -Regular Plan-Growth Option,22.6599
2014-02-13,101909,Tata Dynamic Bond Fund- Regular Plan - Growth Option,18.6499
2014-02-13,101910,Tata Dynamic Bond Fund B - Growth,18.7016
2014-02-13,101912,BARODA  HYBRID EQUITY FUND - Plan A - Growth Option,31.12
2014-02-13,101913,BARODA HYBRID EQUITY FUND - Plan A - IDCW Option,25.72
2014-02-13,101922,CANARA ROBECO FLEXICAP FUND - REGULAR PLAN - GROWTH OPTION,62.65
2014-02-13,101923,CANARA ROBECO FLEXICAP FUND - REGULAR PLAN - IDCW (Payout/Reinvestment),25.24
2014-02-13,101932,SBI GILT FUND -  GROWTH - PF (Regular) Option,15.7774
2014-02-13,101933,SBI GILT FUND -  GROWTH - PF (Fixed Period - 2 Yrs) Option,15.0218
2014-02-13,101934,SBI GILT FUND -  GROWTH - PF (Fixed Period - 3 Yrs) Option,14.7412
2014-02-13,101935,SBI Gilt Fund - Income Distribution cum Capital Withdrawal Option (IDCW) - PF (Regular),11.5327
2014-02-13,101945,Tata Gilt Retirement Plan- 28/2/25 Growth Option,15.5463
2014-02-13,101950,SBI Gilt Fund - Income Distribution cum Capital Withdrawal Option (IDCW) - PF (Fixed Period - 1 Yr),11.1564
2014-02-13,101951,SBI Gilt Fund - Income Distribution cum Capital Withdrawal Option (IDCW) - PF (Fixed Period - 2 Yrs),11.2596
2014-02-13,101952,SBI Gilt Fund - Income Distribution cum Capital Withdrawal Option (IDCW) - PF (Fixed Period - 3 Yrs),11.0204
2014-02-13,101970,Aditya Birla Sun Life Money Manager Fund - RETAIL - WEEKLY IDCW,103.8897
2014-02-13,101971,Aditya Birla Sun Life Money Manager Fund - Retail Growth,207.9011
2014-02-13,101972,Aditya Birla Sun Life Money Manager Fund - Retail - Daily IDCW,100.015
2014-02-13,101973,Aditya Birla Sun Life Money Manager Fund - Daily IDCW,100.02
2014-02-13,101974,Aditya Birla Sun Life Money Manager Fund - WEEKLY IDCW,100.2205
2014-02-13,101976,Aditya Birla Sun Life Money Manager Fund - Growth,168.6446
2014-02-13,101977,HDFC Prudence Fund - Growth Option,236.819
2014-02-13,101978,HDFC Prudence Fund - Dividend Option,25.257
2014-02-13,101979,HDFC ELSS Tax saver - Growth Plan,245.0
2014-02-13,101980,HDFC ELSS Tax saver - IDCW Plan,49.413
2014-02-13,101982,Tata Liquid Retail Investment PLan - Daily,1116.8143
2014-02-13,101983,Tata Liquid Retail Investment Plan - Fortnightly,1144.9739
2014-02-13,101984,Tata Liquid High Investment Plan - Daily,1114.3379
2014-02-13,101985,Tata Liquid High Investment Plan - Monthly,1023.076
2014-02-13,101986,Tata Money Market Fund- Regular Plan - Daily Reinvestment of IDCW Option,1114.52
2014-02-13,101987,Tata Liquid Fund Reglar Plan - Monthly Dividend,1003.5066
2014-02-13,101989,HDFC Medium Term Debt Fund - Growth Option,24.46
2014-02-13,101990,HDFC Medium Term Debt Fund - Fornightly IDCW Option,10.584
2014-02-13,101993,HDFC Money Market Fund - Growth Option,26.477
2014-02-13,101994,HDFC Money Market Fund - Daily IDCW Option,10.6364
2014-02-13,101995,HDFC Money Market Fund - Weekly IDCW Option,10.6396
2014-02-13,101996,HDFC Overnight Fund - Growth Option,20.1465
2014-02-13,101997,HDFC Overnight Fund - IDCW Option (Daily),10.4266
2014-02-13,102000,HDFC Large Cap Fund - Growth Option - Regular Plan,220.953
2014-02-13,102001,HDFC Large Cap Fund - IDCW Option - Regular Plan,39.402
2014-02-13,102007,UTI-  Liquid Cash Plan- Discontinued -Regular Plan Periodic Dividend Option,1134.0781
2014-02-13,102008,UTI-  Liquid Cash Plan- Discontinued - Regular Plan - Monthly Dividend Option,1141.8168
2014-02-13,102009,UTI-  Liquid Cash Plan- Discontinued - Regular Plan -Growth,2003.1268
2014-02-13,102010,UTI Liquid Fund - Regular Plan - Daily IDCW (Reinvestment),1019.4457
2014-02-13,102011,UTI Liquid Fund - Regular Plan - Monthly IDCW,1027.56
2014-02-13,102012,UTI-  Liquid Cash Plan - Regular Plan - Growth Option,2076.9697
2014-02-13,102013,UTI Liquid Fund - Regular Plan - Weekly IDCW,1053.2365
2014-02-13,102016,Tata Gilt High Fund - Growth,21.0973
2014-02-13,102020,Baroda BNP Paribas MULTI CAP FUND - Regular Plan - Growth Option,49.76
2014-02-13,102021,Baroda BNP Paribas MULTI CAP FUND - Regular Plan - IDCW Option,26.98
2014-02-13,102024,JM MIP FUND-Monthly Dividend,10.2893
2014-02-13,102025,JM MIP FUND-Quarterly Dividend,13.5755
2014-02-13,102026,JM MIP FUND-Annual Dividend,14.4737
2014-02-13,102027,JM MIP FUND-Growth,18.0166
2014-02-13,102031,Tata Dynamic Bond Fund B - Dividend,12.4628
2014-02-13,102036,Tata Large Cap Fund- Regular Plan - Payout of IDCW Option,34.0847
2014-02-13,102046,Tata Gilt Retirement Plan (28/2/25) - Payout of IDCW Option,15.5318
2014-02-13,102053,SBI MEDIUM DURATION FUND - REGULAR PLAN - GROWTH,19.3595
2014-02-13,102054,SBI Medium Duration Fund - Regular Plan - Income Distribution cum Capital Withdrawal Option (IDCW),11.0924
2014-02-13,102060,ICICI Prudential Gilt Fund Investment Plan PF Option - Growth,22.2377
2014-02-13,102061,SBI GILT FUND -  GROWTH - PF (Fixed Period - 1 Yr) Option,15.2349
2014-02-13,102065,HSBC Gilt Fund  - Dividend,13.5205
2014-02-13,102066,HSBC Gilt Fund  - Growth,15.3323
2014-02-13,102107,Franklin INDIA LIFE STAGE FUND OF FUNDS - THE 20S PLAN (G),41.6129
2014-02-13,102108,Franklin India Life Stage Fund of Funds - 20's Plan - IDCW,23.4759
2014-02-13,102109,Franklin INDIA LIFE STAGE FUND OF FUNDS - THE 30S PLAN (G),32.5332
2014-02-13,102110,Franklin India Life Stage Fund of Funds - 30's Plan - IDCW,19.5537
2014-02-13,102111,Franklin India Life Stage Fund of Funds - 40's Plan - IDCW,13.0389
2014-02-13,102112,Franklin INDIA LIFE STAGE FUND OF FUNDS - THE 40S PLAN (G),27.6018
2014-02-13,102113,Franklin India Life Stage Fund of Funds - 50's Plus Plan - IDCW,12.3467
2014-02-13,102114,Franklin INDIA LIFE STAGE FUND OF FUNDS - THE 50+S PLAN (G),22.1355
2014-02-13,102118,Tata Equity Savings Fund- Regular Plan - Periodic Payout of IDCW Option,12.5755
2014-02-13,102133,ICICI Prudential Multi Sector Passive FOF - Growth,34.602
2014-02-13,102134,ICICI Prudential Multi Sector Passive FOF - IDCW,34.602
2014-02-13,102135,ICICI Prudential Aggressive Hybrid Active FOF - Growth,38.2098
2014-02-13,102136,ICICI Prudential Aggressive Hybrid Active FOF - IDCW,38.2098
2014-02-13,102137,ICICI Prudential Dynamic Asset Allocation Active FOF - Growth,29.1134
2014-02-13,102138,ICICI Prudential Dynamic Asset Allocation Active FOF - IDCW,29.1134
2014-02-13,102139,ICICI Prudential Income Plus Arbitrage Omni FOF - Growth,21.377
2014-02-13,102140,ICICI Prudential Income plus Arbitrage Omni FOF - IDCW,21.377
2014-02-13,102141,ICICI Prudential Diversified Debt Strategy Active FOF - Growth,18.3868
2014-02-13,102142,Sundaram Consumption Fund(Formerly Known as Sundaram Rural and Consumption Fund Regular Plan - Growth),16.3486
2014-02-13,102143,ICICI Prudential Diversified Debt Strategy Active FOF - IDCW,18.3868
2014-02-13,102144,HDFC MF Monthly Income Plan-Short Term Plan-Growth Option,20.4129
2014-02-13,102145,HDFC MF Monthly Income Plan-Short Term Plan-Monthly Dividend Option,11.0093
2014-02-13,102146,HDFC MF Monthly Income Plan-Short Term Plan-Quarterly Dividend Option,11.3632
2014-02-13,102147,HDFC Hybrid Debt Fund - Growth Plan,27.058
2014-02-13,102148,HDFC Hybrid Debt Fund - IDCW Monthly,12.5089
2014-02-13,102149,HDFC Hybrid Debt Fund - IDCW Quarterly,12.9454
2014-02-13,102152,Tata Money Market Fund Regular (Bonus / Dividend),1015.3368
2014-02-13,102153,Tata Money Market Fund Regular (Growth),1992.0258
2014-02-13,102154,Tata Floating Rate Fund - Regular Plan- Dividend,1018.612
2014-02-13,102155,Tata Floating Rate Fund - Long Term Plan- Regular Plan - Growth,1825.0668
2014-02-13,102169,Principal Corporate Bond Fund - Dividend - Monthly,10.2662
2014-02-13,102170,Principal Corporate Bond Fund - Dividend - Quarterly,11.9066
2014-02-13,102171,Principal Corporate Bond Fund -Growth,22.0587
2014-02-13,102172,Nippon India Conservative Hybrid  Fund-Growth Plan,26.1372
2014-02-13,102173,NIPPON INDIA CONSERVATIVE HYBRID  FUND - MONTHLY IDCW Option,10.6445
2014-02-13,102174,NIPPON INDIA CONSERVATIVE HYBRID  FUND - QUARTERLY IDCW Option,11.2319
2014-02-13,102175,Sundaram  Monthly Income Plan-Monthly Dividend,10.5426
2014-02-13,102176,Sundaram  Monthly Income Plan-Quarterly-Dividend,10.756
2014-02-13,102177,Sundaram Monthly Income Plan-Half-yearly Dividend,10.7276
2014-02-13,102178,Sundaram Monthly Income Plan-Growth,17.7961
2014-02-13,102184,Aditya Birla Sun Life Asset Allocation Fund-Aggressive Plan-Dividend Plan,36.0361
2014-02-13,102185,Aditya Birla Sun Life Asset Allocation Fund-Aggressive Plan-Growth Plan,36.0361
2014-02-13,102186,Aditya Birla Sun Life Asset Allocation Fund-Moderate Plan-Dividend Plan,31.6625
2014-02-13,102187,Aditya Birla Sun Life Asset Allocation Fund-Moderate Plan-Growth Plan,31.6624
2014-02-13,102188,Aditya Birla Sun Life Asset Allocation Fund-Conservative Plan-Dividend Plan,23.8623
2014-02-13,102189,Aditya Birla Sun Life Asset Allocation Fund-Conservative Plan-Growth Plan,23.8624
2014-02-13,102193,DWS Equity Income Fund - Monthly Dividend option,10.4825
2014-02-13,102194,DWS Equity Income Fund - Quarterly  Dividend,10.3533
2014-02-13,102195,DWS Equity Income Fund - Annual Dividend option,11.8043
2014-02-13,102196,DWS Equity Income Fund - Growth Option,19.6866
2014-02-13,102203,DWS Investment Opportunity Fund - Dividend Option,20.62
2014-02-13,102204,DWS Investment Opportunity Fund - Growth Option,37.55
2014-02-13,102205,SBI Dynamic Bond Fund - REGULAR PLAN - Growth,14.8871
2014-02-13,102206,SBI Dynamic Bond Fund - Regular Plan - Income Distribution cum Capital Withdrawal Option (IDCW),11.3247
2014-02-13,102232,ING MIP Fund-Growth Option,16.3223
2014-02-13,102233,ING MIP Fund-Monthly Dividend Option,10.2323
2014-02-13,102234,ING MIP Fund-Quarterly Dividend Option,11.396
2014-02-13,102235,ING MIP Fund-Half Yearly Dividend Option,10.904
2014-02-13,102236,ING MIP Fund-Annual Dividend Option,11.0975
2014-02-13,102242,ING Large Cap Equity Fund-Growth Option,28.93
2014-02-13,102243,ING Large Cap Equity Fund-Dividend Option,19.28
2014-02-13,102248,ICICI Prudential Gilt Fund Treasury Plan PF Option - Growth,18.9963
2014-02-13,102251,HSBC Flexi Cap Fund - Regular IDCW,17.1112
2014-02-13,102252,HSBC Flexi Cap Fund - Regular Growth,39.6992
2014-02-13,102257,HSBC MIP - Regular -  Dividend - Monthly,10.909
2014-02-13,102258,HSBC MIP - Regular - Dividend - Quarterly,11.2036
2014-02-13,102259,HSBC MIP - Regular - Growth,20.3822
2014-02-13,102260,HSBC Conservative Hybrid Fund - Regular Monthly IDCW,11.9305
2014-02-13,102261,HSBC Conservative Hybrid Fund - Regular Quarterly IDCW,11.9588
2014-02-13,102262,HSBC Conservative Hybrid Fund - Regular Growth,23.3077
2014-02-13,102263,Tata Gilt Securities Fund RIP ( Bonus),17.2058
2014-02-13,102266,UTI Children's Equity Fund - Regular Plan - IDCW,17.2087
2014-02-13,102267,UTI Children's Equity Fund - Regular Plan - Growth Option,17.2087
2014-02-13,102268,LIC NOMURA MF Floating Rate Fund - Short Term Plan-Growth,19.9861
2014-02-13,102269,LIC NOMURA MF Floating Rate Fund - Short Term Plan-Weekly Dividend,10.1446
2014-02-13,102272,SBI NIFTY INDEX FUND - REGULAR PLAN - GROWTH,51.0837
2014-02-13,102273,SBI Nifty Index Fund - Regular Plan - Income Distribution cum Capital Withdrawal Option (IDCW),26.1644
2014-02-13,102280,Tata M I P Plus Fund - Regular Plan-Monthly Dividend,11.3725
2014-02-13,102281,Tata M I P Plus Fund -Regular Plan- Quarterly Dividend,11.1231
2014-02-13,102282,Tata M I P Plus Fund -Regular Plan- Half Yearly Dividend,12.1259
2014-02-13,102283,Tata MIP Plus Fund -Regular Plan - Growth,19.4337
2014-02-13,102315,ING Tax Savings Fund-Growth Option,29.82
2014-02-13,102316,ING Tax Savings Fund-Dividend Option,14.71
2014-02-13,102317,ING Tax Savings Fund-Bonus Option,29.86
2014-02-13,102320,Franklin India Index Fund - BSE Plan - Growth Plan,56.8987
2014-02-13,102326,Tata Mid Cap Fund-Regular Plan - IDCW Option,19.0709
2014-02-13,102328,Tata Mid Cap Fund Regular Plan- Growth Option,50.0619
2014-02-13,102329,Tata Mid Cap Growth Fund Regular Plan  - Bonus (Growth),45.5593
2014-02-13,102330,ICICI Prudential Regular Savings Fund - Plan - Growth,23.7838
2014-02-13,102331,ICICI Prudential Regular Savings Fund - Plan - Monthly IDCW,11.9055
2014-02-13,102336,Principal Global Opportunities Fund- Income Distribution CUM Capital Withdrawal Option,21.5137
2014-02-13,102337,Principal Global Opportunities Fund-Growth Option,21.5137
2014-02-13,102381,ING Gilt Fund Provident Fund - Dynamic Plan-Growth Option,18.5174
2014-02-13,102382,ING Gilt Fund Provident Fund - Dynamic Plan-Growth Auto Income Payout Option,18.5175
2014-02-13,102383,ING Gilt Fund Provident Fund - Dynamic Plan-Half Yearly Dividend Option,10.6846
2014-02-13,102384,ING Gilt Fund Provident Fund - Dynamic Plan-Annual Dividend Option,10.8365
2014-02-13,102393,UTI Mid Cap Fund - Regular Plan - IDCW,26.3311
2014-02-13,102394,UTI Mid Cap Fund-Growth Option,38.6244
2014-02-13,102395,UTI Infrastructure Fund-Growth Option,24.2953
2014-02-13,102396,UTI Infrastructure Fund - Regular Plan - IDCW,13.8098
2014-02-13,102397,UTI Transportation and Logistics Fund - Regular Plan - IDCW,19.5186
2014-02-13,102398,UTI-Transportation and Logistics  Fund-Growth Option,38.9935
2014-02-13,102401,UTI Banking and Financial Services Fund - Regular Plan - Growth Option,37.572
2014-02-13,102402,UTI Banking and Financial Services Fund - Regular Plan - IDCW,17.3118
2014-02-13,102414,SBI CONTRA FUND - REGULAR PLAN -GROWTH,55.5333
2014-02-13,102428,Tata Value Fund Regular Plan - Payout of IDCW-Option B(10%),28.4213
2014-02-13,102431,Nippon India Pharma Fund-Growth Plan-Growth Option,84.3122
2014-02-13,102432,Nippon India Pharma Fund-Growth Plan-Bonus Option,84.3122
2014-02-13,102433,NIPPON INDIA PHARMA FUND - IDCW Option,52.7998
2014-02-13,102434,DSP India T.I.G.E.R. Fund - Regular Plan - Growth,38.089
2014-02-13,102435,DSP India T.I.G.E.R. Fund - Regular Plan - IDCW,12.408
2014-02-13,102441,Franklin India Liquid Fund - Institution-Growth,1961.4579
2014-02-13,102442,Franklin India Liquid Fund - Institutional Plan - Weekly - IDCW,1055.679
2014-02-13,102443,Franklin India Liquid Fund - Institutional Plan - Daily - IDCW,1000.673
2014-02-13,102448,DSP Regular Savings Fund- Regular Plan - Growth,23.8095
2014-02-13,102450,DSP Regular Savings Fund - Regular Plan - IDCW - Monthly,11.0783
2014-02-13,102451,DSP Regular Savings Fund - Regular Plan - IDCW - Quarterly,11.9327
2014-02-13,102452,HDFC Low Duration  Fund - Growth,26.9156
2014-02-13,102453,HDFC Low Duration  Fund - Weekly IDCW,10.0507
2014-02-13,102503,SBI  SAVINGS FUND - REGULAR PLAN - GROWTH,19.693
2014-02-13,102504,SBI Savings Fund - Regular Plan - Income Distribution cum Capital Withdrawal Option (IDCW),11.1833
2014-02-13,102505,SBI CREDIT RISK FUND - REGULAR PLAN - GROWTH,19.3545
2014-02-13,102506,SBI Credit Risk Fund - Regular Plan - Income Distribution cum Capital Withdrawal Option (IDCW),12.6791
2014-02-13,102509,UTI Gilt Fund - Regular Plan - IDCW,15.2594
2014-02-13,102510,UTI - GILT FUND - Regular Plan - Growth Option,24.5999
2014-02-13,102511,UTI - GILT FUND -Discontinued PF Plan -Dividend Option,12.9867
2014-02-13,102512,UTI - GILT FUND - Discontinued PF Plan - Growth Option,18.2909
2014-02-13,102514,UTI - GILT FUND - Discontinued PF Plan Prescribed Date Auto Redemption Option,18.3008
2014-02-13,102528,ICICI Prudential MidCap Fund - Growth,36.04
2014-02-13,102529,ICICI Prudential MidCap Fund - IDCW,14.56
2014-02-13,102530,ICICI Prudential MidCap Fund - Institutional Option - I,15.44
2014-02-13,102531,UTI Ultra Short Duration Fund - Regular Plan - Weekly IDCW (Reinvestment),1112.3456
2014-02-13,102532,UTI Ultra Short Duration Fund - Regular Plan - Growth Option,2046.3435
2014-02-13,102533,UTI Conservative Hybrd Fund - Regular Plan - Monthly Payment Option,24.4956
2014-02-13,102534,UTI Conservative Hybrid Fund - Regular Plan - Flexi IDCW,24.4858
2014-02-13,102535,UTI Conservative Hybrid Fund - Regular Plan - Growth Option,24.4833
2014-02-13,102536,UTI Conservative Hybrid Fund - Regular Plan - Monthly IDCW,12.6904
2014-02-13,102538,UTI Low Duration Fund - Discontinued - Annaul Dividend Option,1714.5818
2014-02-13,102539,UTI Low Duration Fund - Discontinued Bonus Option,2127.0826
2014-02-13,102540,UTI Low Duration Fund - Discontinued Growth Option,3190.9793
2014-02-13,102541,UTI Low Duration Fund - Discontinued - Quarterly Dividend Option,1473.1715
2014-02-13,102544,UTI Low Duration Fund - Regular Plan - Growth Option,1715.3933
2014-02-13,102545,UTI Low Duration Fund - Regular Plan - Bonus Option,1433.7063
2014-02-13,102546,Franklin India Life Stage Fund Of Funds - 50's Plus Floating Rate Plan - IDCW,13.4774
2014-02-13,102547,Franklin India Life Stage Fund of Funds - The 50s Plus Flo (Gro),23.8777
2014-02-13,102573,Kotak Multi Asset Omni FOF - Payout of Income Distribution cum capital withdrawal option,38.153
2014-02-13,102574,Kotak Multi Asset Omni FOF - Growth- Regular,39.195
2014-02-13,102590,Kotak Savings Fund -Weekly Weekly Reinvestment of Income Distribution cum capital withdrawal option,10.0786
2014-02-13,102591,Kotak Savings Fund -Growth,20.1017
2014-02-13,102592,Kotak Savings Fund -Monthly Payout of Income Distribution cum capital withdrawal option,10.0527
2014-02-13,102594,ICICI Prudential Value Fund (erstwhile Value Discovery Fund) - Growth,59.69
2014-02-13,102595,ICICI Prudential Value Fund (erstwhile Value Discovery Fund) - IDCW,20.61
2014-02-13,102596,ICICI Prudential Value Discovery Fund - Institutional Option - I - Growth,27.51
2014-02-13,102661,BARODA CONSERVATIVE HYBRID FUND - Plan A - Growth Option,15.5564
2014-02-13,102662,BARODA CONSERVATIVE HYBRID FUND - Plan A - Monthly IDCW Option,12.0378
2014-02-13,102663,BARODA CONSERVATIVE HYBRID FUND - Plan A - Quarterly IDCW Option,12.185
2014-02-13,102672,Tata Liquid Fund -Regular Plan - Growth Option,1994.9942
2014-02-13,102673,Nippon India Floater Fund - Growth Plan-Growth Option,19.71
2014-02-13,102675,NIPPON INDIA FLOATER FUND - MONTHLY IDCW Option,10.2298
2014-02-13,102676,NIPPON INDIA FLOATER FUND - DAILY IDCW REINVESTMENT Option,10.0623
2014-02-13,102677,NIPPON INDIA FLOATER FUND - WEEKLY IDCW Option,10.0777
2014-02-13,102701,Sundaram Money Fund Institutional Plan - Daily Reinvestment of Income Distribution cum Capital Withdrawal (IDCW),10.0953
2014-02-13,102703,Sundaram Money Fund Institutional Plan - Growth,26.0763
2014-02-13,102722,Principal Low Duration Fund- Growth Option,2003.9041
2014-02-13,102723,Principal Low Duration Fund - Weekly Income Distribution CUM Capital Withdrawal Option,1000.4703
2014-02-13,102724,Principal Low Duration Fund- Monthly Income Distribution CUM Capital Withdrawal Option,1142.8617
2014-02-13,102729,Principal Credit Risk Fund - Regular Plan - Growth Option,1932.3417
2014-02-13,102732,Principal Credit Risk Fund - Regular Plan - Monthly Dividend Option,1239.0108
2014-02-13,102741,ICICI Prudential Medium Term Bond Fund - Growth,18.713
2014-02-13,102743,ICICI Prudential Medium Term Bond Fund-Plan B-Growth,19.3638
2014-02-13,102751,Nippon India Consumption Fund-Growth Plan-Growth Option,36.2796
2014-02-13,102752,Nippon India Consumption Fund-Growth Plan-Bonus Option,36.2796
2014-02-13,102753,NIPPON INDIA CONSUMPTION FUND - IDCW Option,17.0088
2014-02-13,102756,SBI FOCUSED FUND - REGULAR PLAN -GROWTH,53.5903
2014-02-13,102760,HDFC Focused Fund - GROWTH PLAN,36.659
2014-02-13,102761,HDFC Focused Fund - IDCW PLAN,15.1
2014-02-13,102765,SBI Focused Fund - Regular Plan - Income Distribution cum Capital Withdrawal Option (IDCW),14.8665
2014-02-13,102766,Aditya Birla Sun Life Dynamic Bond Fund -Regular - Quarterly IDCW,10.9462
2014-02-13,102767,Aditya Birla Sun Life Dynamic Bond Fund - Growth - Regular Plan,20.8831
2014-02-13,102805,Canara Robeco Nifty Index - Regular Plan - Growth,31.6926
2014-02-13,102806,Canara Robeco Nifty Index - Regular Plan - Dividend,19.9953
2014-02-13,102807,Principal Dividend Yield Fund-Growth Plan,23.61
2014-02-13,102808,Principal Dividend Yield Fund- Half Yearly Income Distribution CUM Capital Withdrawal Plan,17.43
2014-02-13,102823,SBI HEALTHCARE OPPORTUNITIES FUND - REGULAR PLAN -GROWTH,78.1824
2014-02-13,102827,HSBC Floating Rate Fund - Long Term - Regular - Growth,18.9409
2014-02-13,102828,HSBC Floating Rate Fund - Long Term - Regular - Dividend - Monthly,10.0265
2014-02-13,102829,HSBC Floating Rate Fund - Long Term - Growth,19.8034
2014-02-13,102830,HSBC Floating Rate Fund - Long Term - Dividend - Weekly,11.2471
2014-02-13,102831,HSBC Floating Rate Fund - Long Term - Dividend - Monthly,10.6254
2014-02-13,102846,Nippon India Balanced Advantage Fund-Growth Plan-Growth Option,43.6642
2014-02-13,102847,Nippon India Balanced Advantage Fund-Growth Plan-Bonus Option,43.6642
2014-02-13,102848,NIPPON INDIA BALANCED ADVANTAGE FUND - IDCW Option,18.6784
2014-02-13,102849,Nippon India Dynamic Bond Fund-Growth Plan-Growth Option,16.1567
2014-02-13,102851,NIPPON INDIA DYNAMIC BOND FUND - IDCW Option,13.682
2014-02-13,102858,Tata Dividend Yield Fund  Regular Plan -( Div),18.4664
2014-02-13,102859,Tata Dividend Yield Fund Regular Plan,37.7753
2014-02-13,102860,SBI Savings Fund - Regular Plan Weekly Income Distribution cum Capital Withdrawal Option (IDCW),11.5361
2014-02-13,102867,Kotak Flexi-Debt - Regular Plan - Dividend,10.6356
2014-02-13,102868,Kotak Flexi-Debt - Regular Plan - Growth,19.2897
2014-02-13,102869,Kotak Flexi-Debt- Regular Plan - Daily Dividend,11.0402
2014-02-13,102874,Kotak-Small Cap Fund - Payout of Income Distribution cum capital withdrawal option,17.071
2014-02-13,102875,Kotak-Small Cap Fund - Growth,27.059
2014-02-13,102883,Franklin India Large & Mid Cap Fund - Growth Plan,36.5866
2014-02-13,102884,Franklin India Large & Mid Cap Fund - IDCW,12.2305
2014-02-13,102885,SBI EQUITY HYBRID FUND - REGULAR PLAN -Growth,60.9191
2014-02-13,102913,CANARA ROBECO SAVINGS FUND - REGULAR PLAN - GROWTH OPTION,19.7163
2014-02-13,102914,CANARA ROBECO SAVINGS FUND - REGULAR PLAN - IDCW (Payout/Reinvestment),17.6568
2014-02-13,102915,CANARA ROBECO SAVINGS FUND - REGULAR PLAN - WEEKLY IDCW (Payout/Reinvestment),10.2596
2014-02-13,102920,CANARA ROBECO LARGE AND MID CAP FUND - REGULAR PLAN - GROWTH OPTION,27.02
2014-02-13,102921,CANARA ROBECO LARGE AND MID CAP FUND - REGULAR PLAN - IDCW (Payout/Reinvestment),17.57
2014-02-13,102931,ING Midcap Fund-Growth Option,23.28
2014-02-13,102932,ING Midcap Fund-Dividend Option,14.42
2014-02-13,102941,SBI MIDCAP FUND - REGULAR PLAN - GROWTH,31.3417
2014-02-13,102942,SBI Midcap Fund - Regular Plan - Income Distribution cum Capital Withdrawal Option (IDCW),17.3593
2014-02-13,102947,HDFC Hybrid Equity Fund - IDCW Plan,10.181
2014-02-13,102948,HDFC Hybrid Equity Fund - Growth Plan,26.795
2014-02-13,102957,ICICI Prudential Multicap Fund - Institutional Option - I,36.03
2014-02-13,103024,SBI LARGE & MIDCAP FUND- REGULAR PLAN -Growth,93.5775
2014-02-13,103025,UTI Dividend Yield Fund - Regular Plan - IDCW,12.2854
2014-02-13,103026,UTI-Dividend Yield Fund.-Growth,32.932
2014-02-13,103027,ICICI Prudential Blended Plan A - Growth,19.4474
2014-02-13,103028,ICICI Prudential Blended Plan A -  Dividend,13.5214
2014-02-13,103034,SBI MNC FUND - REGULAR PLAN -GROWTH,73.0381
2014-02-13,103039,Kotak Contra Fund - Regular Plan - IDCW - Payout & Re-investment of Income Distribution cum capital withdrawal option,14.387
2014-02-13,103040,Kotak Contra Fund - Regular Plan - Growth,24.542
2014-02-13,103048,Nippon India Money Market Fund-Growth Plan-Growth Option,1909.6814
2014-02-13,103049,Nippon India Money Market Fund-Growth Plan-Bonus Option,1122.9975
2014-02-13,103050,NIPPON INDIA MONEY MARKET FUND - DAILY IDCW Option,1000.51
2014-02-13,103051,NIPPON INDIA MONEY MARKET FUND - WEEKLY IDCW Option,1001.7641
2014-02-13,103052,NIPPON INDIA MONEY MARKET FUND - MONTHLY IDCW Option,1005.4609
2014-02-13,103061,ICICI Prudential Blended Plan B -  Growth Option - I,18.4264
2014-02-13,103062,ICICI Prudential Blended Plan B -  Dividend Option - I,12.4865
2014-02-13,103085,Nippon India Value Fund- Growth Plan,31.5103
2014-02-13,103086,NIPPON INDIA VALUE FUND - IDCW Option,18.1101
2014-02-13,103097,UTI Value Fund - Regular Plan - IDCW,14.4255
2014-02-13,103098,UTI Value Fund - Regular Plan - Growth Option,32.5955
2014-02-13,103110,Aditya Birla Sun Life Consumption Fund -Regular - IDCW,15.55
2014-02-13,103111,Aditya Birla Sun Life Consumption Fund-Growth Option,31.61
2014-02-13,103114,SBI MNC Fund - Regular Plan - Income Distribution cum Capital Withdrawal Option (IDCW),34.3459
2014-02-13,103119,Sahara Wealth Plus Fund-Fixed Pricing Option-Dividend Option,17.5147
2014-02-13,103120,Sahara Wealth Plus Fund-Fixed Pricing Option-Growth Option,24.5875
2014-02-13,103121,Sahara Wealth Plus Fund-Variable Pricing Option-Dividend Option,19.0432
2014-02-13,103122,Sahara Wealth Plus Fund-Variable Pricing Option-Growth Option,26.267
2014-02-13,103130,HDFC Multi-Asset Fund - IDCW Option,11.4924
2014-02-13,103131,HDFC Multi-Asset Fund - Growth Option,20.319
2014-02-13,103140,SBI Overnight Fund - Regular Plan - Weekly Income Distribution cum Capital Withdrawal Option (IDCW),1032.414
2014-02-13,103145,SBI COMMA Fund - REGULAR PLAN - Growth,17.0922
2014-02-13,103146,SBI Comma Fund - Regular Plan - Income Distribution cum Capital Withdrawal Option (IDCW),11.5438
2014-02-13,103149,ICICI Prudential Infrastructure Fund - Growth,24.06
2014-02-13,103150,ICICI Prudential Infrastructure Fund - IDCW,9.69
2014-02-13,103151,Franklin India Opportunities Fund - Growth,32.3163
2014-02-13,103154,Aditya Birla Sun Life Equity Hybrid'95 Fund -Regular - IDCW,111.08
2014-02-13,103155,Aditya Birla Sun Life Equity Hybrid'95 Fund - Regular Plan-Growth,356.89
2014-02-13,103158,Tata Treasury Advantage Fund Regular Plan - Weekly Payout of IDCW Option,1008.4395
2014-02-13,103159,Tata Treasury Advantage Fund - Regular Plan - Growth Option,1900.4064
2014-02-13,103160,Tata Treasury Advantage Fund Regular Plan - Daily Reinvestment of IDCW Option,1003.5288
2014-02-13,103161,ING Dividend Yield Fund-Growth Option,24.74
2014-02-13,103162,ING Dividend Yield Fund-Dividend Option,15.34
2014-02-13,103164,Aditya Birla Sun Life ELSS Tax Saver Fund-Regular - IDCW,78.21
2014-02-13,103165,Aditya Birla Sun Life Flexi Cap Fund -Regular - IDCW,64.53
2014-02-13,103166,Aditya Birla Sun Life Flexi Cap Fund - Growth - Regular Plan,283.11
2014-02-13,103167,Aditya Birla Sun Life Digital India Fund -Regular - IDCW,16.8
2014-02-13,103168,Aditya Birla Sun Life Digital India Fund - Growth - Regular Plan,27.25
2014-02-13,103169,Aditya Birla Sun Life Buy India Fund - Dividend - Regular Plan,23.47
2014-02-13,103170,Aditya Birla Sun Life Buy India Fund - Growth - Regular Plan,49.12
2014-02-13,103173,Aditya Birla Sun Life Large Cap Fund-Regular - IDCW,20.99
2014-02-13,103174,Aditya Birla Sun Life Large Cap Fund-Growth,103.54
2014-02-13,103176,Aditya Birla Sun Life Banking & PSU Debt Fund - Retail Plan-Growth,228.5084
2014-02-13,103178,Aditya Birla Sun Life Corporate Bond Fund - Growth - Regular Plan,46.4499
2014-02-13,103183,Aditya Birla Sun Life Corporate Bond Fund -REGULAR - MONTHLY IDCW,11.7769
2014-02-13,103184,Aditya Birla Sun Life Monthly Income - Dividend - Regular Plan,11.0365
2014-02-13,103185,Aditya Birla Sun Life Monthly Income - Growth - Regular Plan,43.5552
2014-02-13,103186,Aditya Birla Sun Life Monthly Income - Quarterly Dividend - Regular Plan,11.5154
2014-02-13,103187,Aditya Birla Sun Life Banking & PSU Debt Fund - Regular Plan,10.7605
2014-02-13,103188,Aditya Birla Sun Life Banking & PSU Debt Fund - Growth - Regular Plan,34.5158
2014-02-13,103190,Aditya Birla Sun Life Government Securities Fund - Short Term Plan - Growth - Regular Plan,23.5982
2014-02-13,103191,Aditya Birla Sun Life Low Duration Fund -INSTITUTIONAL - DAILY IDCW,100.2105
2014-02-13,103192,Aditya Birla Sun Life Low Duration Fund - Growth Plan,304.5265
2014-02-13,103193,Aditya Birla Sun Life Low Duration Fund -REGULAR - WEEKLY IDCW,100.0593
2014-02-13,103194,Aditya Birla Sun Life Low Duration Fund -Institutional - weekly  IDCW,100.0631
2014-02-13,103195,Aditya Birla Sun Life Low Duration Fund - Institutional Plan - Growth,213.3929
2014-02-13,103196,Nippon India ELSS Tax Saver Fund-Growth Plan-Growth Option,23.7716
2014-02-13,103197,NIPPON INDIA ELSS TAX SAVER FUND - IDCW Option,12.7837
2014-02-13,103210,Sundaram CAPEX Opportunities Fund-Dividend,7.3617
2014-02-13,103211,Sundaram CAPEX Opportunities Fund-Growth,14.2032
2014-02-13,103215,SBI Flexicap Fund - REGULAR PLAN -Growth Option,18.7882
2014-02-13,103216,SBI Flexicap Fund - Regular Plan - Income Distribution cum Capital Withdrawal Option (IDCW),12.8365
2014-02-13,103225,quant Liquid Fund - Growth Option - Regular Plan,19.6228
2014-02-13,103226,quant Liquid Fund-Daily IDCW Option - Regular Plan,13.7349
2014-02-13,103227,quant Liquid Fund - Weekly IDCW Option - Regular Plan,13.5016
2014-02-13,103228,quant Liquid Fund - Monthly IDCW Option - Regular Plan,15.0839
2014-02-13,103233,Kotak Large & Midcap Fund - IDCW-Regular,15.57
2014-02-13,103234,Kotak Large & Midcap Fund - Growth-Regular,49.953
2014-02-13,103275,DSP Credit Risk Fund - Institutional Plan-Daily Dividend Reinvest,1008.9173
2014-02-13,103277,DSP Credit Risk Fund - Institutional Plan-Growth,1810.9724
2014-02-13,103308,Aditya Birla Sun Life Focused Fund -Regular - IDCW,12.791
2014-02-13,103309,Aditya Birla Sun Life Focused Fund -Growth Option,27.1863
2014-02-13,103312,ICICI Prudential Exports & Services Fund - Growth,27.84
2014-02-13,103313,ICICI Prudential Exports & Services Fund - IDCW,18.82
2014-02-13,103334,Principal Focused Multicap Fund-Half Yearly Income Distribution CUM Capital Withdrawal Option,21.05
2014-02-13,103335,Principal Focused Multicap Fund-Growth Option,30.74
2014-02-13,103338,Kotak ELSS Tax Saver Fund-Payout of Income Distribution cum capital withdrawal option,10.951
2014-02-13,103339,Kotak ELSS Tax Saver Fund-Growth,17.883
2014-02-13,103340,ICICI Prudential Liquid Fund - Growth,187.5949
2014-02-13,103341,ICICI Prudential Liquid Fund -Monthly IDCW,100.3511
2014-02-13,103342,ICICI Prudential Liquid Fund - Weekly IDCW,100.2289
2014-02-13,103343,ICICI Prudential Liquid Fund - Daily IDCW,100.0503
2014-02-13,103344,ICICI Prudential Liquid Fund - Institutional Option - I,181.2475
2014-02-13,103347,DSP Liquidity Fund - Regular Plan - Growth,1814.0959
2014-02-13,103348,DSP Liquidity Fund - Regular Plan - IDCW - Weekly,1000.3514
2014-02-13,103349,DSP Liquidity Fund- Regular Plan - IDCW - Daily,1000.3161
2014-02-13,103360,Franklin India Small Cap Fund-Growth,18.7437
2014-02-13,103361,Franklin India Small Cap Fund - IDCW,14.5066
2014-02-13,103389,CANARA ROBECO INFRASTRUCTURE FUND - REGULAR PLAN - IDCW (Payout/Reinvestment),14.6
2014-02-13,103390,CANARA ROBECO INFRASTRUCTURE FUND - REGULAR PLAN - GROWTH OPTION,19.53
2014-02-13,103392,Sundaram Money Fund Regular Plan - Daily Reinvestment of Income Distribution cum Capital Withdrawal (IDCW),10.0953
2014-02-13,103393,Sundaram Money Fund Regular Plan - Quarterly Reinvestment of Income Distribution cum Capital Withdrawal (IDCW),13.769
2014-02-13,103394,Sundaram Money Fund Regular Plan - Weekly Reinvestment of Income Distribution cum Capital Withdrawal (IDCW),11.1596
2014-02-13,103395,Sundaram Money Fund Regular Plan - Fortnightly Reinvestment of Income Distribution cum Capital Withdrawal (IDCW),10.7423
2014-02-13,103396,Sundaram Money Fund Regular Plan - Monthly Income Distribution cum Capital Withdrawal (IDCW),10.4295
2014-02-13,103397,Sundaram Money Fund Regular Plan - Growth,26.7403
2014-02-13,103400,SBI Multi Asset Allocation Fund - Regular Plan - Monthly Income Distribution cum Capital Withdrawal Option (IDCW),10.8053
2014-02-13,103401,SBI Multi Asset Allocation Fund - Regular Plan - Quarterly Income Distribution cum Capital Withdrawal Option (IDCW),11.204
2014-02-13,103408,SBI MULTI ASSET ALLOCATION FUND - REGULAR PLAN - GROWTH,16.7357
2014-02-13,103409,SBI Multi Asset Allocation Fund - Regular Plan - Annual Income Distribution cum Capital Withdrawal Option (IDCW),13.7019
2014-02-13,103455,UTI Bluechip Flexicap Fund - Regular Plan - Dividend Option,15.7647
2014-02-13,103457,UTI Bluechip Flexicap Fund - Regular Plan - Growth option,16.9976
2014-02-13,103464,Quant Money Market Fund-Growth Option,19.0673
2014-02-13,103465,Quant Money Market Fund-Dividend Option,14.6256
2014-02-13,103468,HDFC Focused Large-Cap Fund-Dividend,10.228
2014-02-13,103469,HDFC Focused Large-Cap Fund-Growth,15.959
2014-02-13,103470,Tata Tax Advantage Fund -1,18.3624
2014-02-13,103475,Aditya Birla Sun Life Infrastructure Fund -  Regular - IDCW,9.84
2014-02-13,103476,Aditya Birla Sun Life Infrastructure Fund-Growth,14.29
2014-02-13,103490,Quantum Value Fund - Direct Plan Growth Option,26.34
2014-02-13,103491,Quantum Value Fund - Direct Plan IDCW,26.56
2014-02-13,103504,SBI Large Cap FUND-REGULAR PLAN GROWTH,17.4388
2014-02-13,103519,Tata Liquidity Management Fund - Regular Plan  -Weekly Dividend,1005.9885
2014-02-13,103532,UTI Contra Fund-Income-Dividend Option,11.5929
2014-02-13,103534,UTI Contra Fund-Growth-Growth Option,12.5567
2014-02-13,103558,DWS TAX SAVING FUND-GROWTH,14.0474
2014-02-13,103559,DWS TAX SAVING FUND-DIVIDEND,13.1328
2014-02-13,103590,DWS Low Duration Fund - Regular Plan - Monthly Dividend,10.4388
2014-02-13,103591,DWS Low Duration Fund - Regular Plan - Growth,17.2076
2014-02-13,103592,DWS Low Duration Fund - Regular Plan - Weekly Dividend,10.1595
2014-02-13,103616,SBI Large Cap Fund - Regular Plan - Income Distribution cum Capital Withdrawal Option (IDCW),13.6326
2014-02-13,103631,Tata Liquidity Management Fund - Regular Plan - Daily Dividend,1002.6089
2014-02-13,103632,Tata Liquidity Management Fund - Regular Plan - Growth,1703.8586
2014-02-13,103633,ICICI Prudential Money Market Fund Option - Growth,175.267
2014-02-13,103634,ICICI Prudential Money Market Fund Option - Daily IDCW,100.1295
2014-02-13,103635,ICICI Prudential Money Market Fund Option - Weekly IDCW,100.1372
2014-02-13,103636,ICICI Prudential Money Market Fund Option -Fortnightly IDCW,100.5361
2014-02-13,103637,ICICI Prudential Money Market Fund Option - Monthly IDCW,100.5578
2014-02-13,103678,Franklin India Dividend Yield Fund-Growth Plan,23.1116
2014-02-13,103679,Franklin India Dividend Yield Fund - IDCW,12.4238
2014-02-13,103730,Sahara Infrastructure Fund ---FIXED PRICING OPTION-Dividend Option,8.4124
2014-02-13,103731,Sahara Infrastructure Fund ---FIXED PRICING OPTION-Growth Option,11.5063
2014-02-13,103732,Sahara Infrastructure Fund ---VARIABLE PRICING OPTION-Dividend Option,9.0024
2014-02-13,103733,Sahara Infrastructure Fund ---VARIABLE PRICING OPTION-Growth Option,12.2527
2014-02-13,103734,Quantum Liquid Fund - Direct Plan Growth Option,17.8561
2014-02-13,103735,Quantum Liquid Fund - Direct Plan Monthly IDCW,10.04
2014-02-13,103736,Quantum Liquid Fund - Direct Plan Daily IDCW,10.0037
2014-02-13,103739,ING Income Growth Multi-Manager FoF Scheme-15% Equity Plan Option A-Dividend,13.4025
2014-02-13,103740,ING Income Growth Multi-Manager FoF Scheme Option A -15% Equity Plan-Growth,13.8591
2014-02-13,103741,ING Income Growth Multi-Manager FoF Scheme-30% Equity Plan Option A -Dividend,14.2807
2014-02-13,103742,ING Income Growth Multi-Manager FoF Scheme-30% Equity Plan Option A -Growth,14.7719
2014-02-13,103743,Sundaram Consumption Fund (Formerly Known as Sundaram Rural and Consumption Fund Regular Plan - Income Distribution cum Capital Withdrawal (IDCW),11.8289
2014-02-13,103747,Reliance Focused Large Cap Fund-Growth Plan-Growth Option,15.8393
2014-02-13,103748,Reliance Focused Large Cap Fund-Growth Plan-Bonus Option,15.8393
2014-02-13,103749,Reliance Focused Large Cap Fund-Dividend Plan,15.8393
2014-02-13,103780,JM Arbitrage Fund (Regular) - Growth Option,17.6623
2014-02-13,103781,JM Arbitrage Fund (Regular) - IDCW,10.5701
2014-02-13,103819,DSP Large & Mid Cap Fund - Regular Plan - Growth,92.448
2014-02-13,103820,DSP Large & Mid Cap Fund - Regular Plan - IDCW,22.398
2014-02-13,103883,SBI ELSS Tax Saver Fund - Regular Plan - Income Distribution cum Capital Withdrawal Option (IDCW),34.2358
2014-02-13,103884,SBI Ultra Short Duration Fund - Regular Plan - Weekly Income Distribution cum Capital Withdrawal Option (IDCW),1078.8742
2014-02-13,103953,Sundaram Select Focus Institutional Plan - Income Distribution cum Capital Withdrawal (IDCW),9.7371
2014-02-13,104074,UTI Arbitrage Fund - Regular Plan - IDCW,14.674
2014-02-13,104075,UTI Arbitrage Fund - Regular Plan - Growth Option,17.8392
2014-02-13,104138,DSP Ultra Short Fund - Regular Plan - Growth,1716.5955
2014-02-13,104139,DSP Ultra Short Fund - Regular Plan - IDCW - Weekly Reinvest,1004.0497
2014-02-13,104140,DSP Ultra Short Fund - Regular Plan - IDCW - Daily Reinvest,1004.2306
2014-02-13,104141,DSP BlackRock Ultra Short Fund - Institutional Plan - Weekly Dividend,1004.05
2014-02-13,104142,DSP BlackRock Ultra Short Fund - Institutional Plan - Growth,1767.1698
2014-02-13,104143,DSP BlackRock Ultra Short Fund - Institutional Plan - Daily Dividend Reinvest,1004.2306
2014-02-13,104174,ING Asset Allocator Multi-Manager FoF Scheme - Dividend,13.1605
2014-02-13,104175,ING Asset Allocator Multi-Manager FoF Scheme - Growth,14.2862
2014-02-13,104234,DWS Low Duration Fund - Regular Plan - Daily Dividend,10.5393
2014-02-13,104240,Taurus Liquid Fund-Dividend,1001.2175
2014-02-13,104241,Taurus Liquid Fund-Growth,1641.4047
2014-02-13,104267,JM Money Manager Fund - Super Plus Plan - Growth option,17.9462
2014-02-13,104268,JM Money Manager Fund - Super Plus Plan - Dividend option - Daily dividend,10.006
2014-02-13,104269,JM Money Manager Fund - Super Plan - Growth Plan,18.0783
2014-02-13,104270,JM Money Manager Fund - Super Plan - Dividend option - Daily dividend,10.014
2014-02-13,104271,JM Ultra Short Duration Fund - Growth option,17.6279
2014-02-13,104272,JM Ultra Short Duration Fund - Daily Dividend,10.035
2014-02-13,104308,ICICI Prudential Liquid Fund - Half Yearly IDCW,107.0588
2014-02-13,104331,Aditya Birla Sun Life Tax Plan - Regular Plan - Growth Option,15.72
2014-02-13,104338,Aditya Birla Sun Life Long Term Fund-Dividend Option,14.8
2014-02-13,104339,Aditya Birla Sun Life Long Term Fund- Growth Option,16.02
2014-02-13,104342,HSBC Low Duration Fund - Daily IDCW,10.0021
2014-02-13,104343,HSBC Low Duration Fund - Weekly IDCW,10.011
2014-02-13,104344,HSBC Low Duration Fund  - Growth,11.2109
2014-02-13,104345,HSBC Low Duration Fund - Inst. Plus - Weekly IDCW,10.162
2014-02-13,104349,HSBC Low Duration Fund - Inst.Plus - Daily IDCW,12.3221
2014-02-13,104350,HSBC Low Duration Fund  - Regular - Growth,16.4411
2014-02-13,104352,HSBC Low Duration Fund - Regular Monthly IDCW,10.0115
2014-02-13,104425,DWS Low Duration Fund - Growth,13.1532
2014-02-13,104426,DWS Low Duration Fund - Daily Dividend,10.3212
2014-02-13,104427,DWS Low Duration Fund - Weekly Dividend,10.3158
2014-02-13,104428,DWS Low Duration Fund - Monthly Dividend,11.3756
2014-02-13,104429,HSBC Short Duration Fund - Closed (Direct - Monthly IDCW),10.1915
2014-02-13,104430,HSBC Short Duration Fund - Institutional-Weekly IDCW,12.2894
2014-02-13,104457,SBI Arbitrage Opportunities Fund - Regular Plan - Gr,17.2982
2014-02-13,104458,SBI Arbitrage Opportunities Fund - Regular Plan - Income Distribution cum Capital Withdrawal Option (IDCW),13.2422
2014-02-13,104481,DSP Midcap Fund - Regular Plan - Growth,19.288
2014-02-13,104482,DSP Midcap Fund - Regular Plan - IDCW,13.556
2014-02-13,104483,Religare Invesco Liquid Fund - Institutional - Daily Dividend,1000.23
2014-02-13,104484,Invesco India Liquid Fund - Daily IDCW (Reinvestment),1001.08
2014-02-13,104485,Invesco India Liquid Fund - Weekly IDCW (Reinvestment),1001.8875
2014-02-13,104486,Invesco India Liquid Fund - Growth,1743.1605
2014-02-13,104488,Invesco India Liquid Fund - Regular - Growth,1658.2551
2014-02-13,104489,Invesco India Liquid Fund - Regular - Weekly IDCW (Reinvestment),1001.3465
2014-02-13,104491,Religare Invesco Liquid Fund - Institutional - Growth,1697.5531
2014-02-13,104492,Invesco India Liquid Fund - Monthly IDCW (Payout / Reinvestment),1006.2307
2014-02-13,104513,quant Large & Mid Cap Fund - Growth Option,13.1575
2014-02-13,104514,quant Large & Mid Cap Fund - IDCW Option - Regular Plan,10.1313
2014-02-13,104515,quant Large & Mid Cap Fund - Bonus Option - Regular Plan,13.1625
2014-02-13,104523,SBI ESG Exclusionary Strategy Fund - Regular Plan - Growth,48.5164
2014-02-13,104559,CANARA ROBECO SAVINGS FUND - REGULAR PLAN - DAILY IDCW (Reinvestment),10.2597
2014-02-13,104588,UTI - CRTS 81 - Growth Option,222.7887
2014-02-13,104635,Invesco India ELSS Tax Saver Fund - Regular Plan - IDCW Payout,12.98
2014-02-13,104636,Invesco India ELSS Tax Saver Fund - Regular Plan - Growth,20.67
2014-02-13,104637,Nippon India Focused Fund -Growth Plan -Growth Option,16.8445
2014-02-13,104638,NIPPON INDIA FOCUSED  FUND - IDCW OPTION,11.8527
2014-02-13,104649,ING Active Debt Multi-Manager FoF Scheme- Dividend,10.6682
2014-02-13,104650,ING Active Debt Multi-Manager FoF Scheme- Growth,16.5246
2014-02-13,104681,ICICI Prudential Arbitrage Fund - IDCW,13.7701
2014-02-13,104683,ICICI Prudential Arbitrage Fund - Growth,17.4526
2014-02-13,104684,ICICI Prudential Equity - Arbitrage Fund-Institutional Growth Option,17.685
2014-02-13,104685,ICICI Prudential Balanced Advantage Fund - Growth,18.58
2014-02-13,104686,ICICI Prudential Balanced Advantage Fund - IDCW,13.27
2014-02-13,104706,HSBC Tax Saver Equity Fund - IDCW,15.4616
2014-02-13,104707,HSBC Tax Saver Equity Fund - Growth,16.7643
2014-02-13,104722,Invesco India Low Duration Fund - Regular - Weekly IDCW (Reinvestment),1028.8286
2014-02-13,104723,Invesco India Low Duration Fund - Regular - Monthly IDCW (Reinvestment),1039.9551
2014-02-13,104724,Invesco India Ultra Short Term Fund - Regular - Bonus,1603.7062
2014-02-13,104725,Invesco India Low Duration Fund - Weekly IDCW (Payout / Reinvestment),1021.7351
2014-02-13,104726,Invesco India Low Duration Fund - Growth,1746.7462
2014-02-13,104727,Invesco India Treasury Advantage Fund - Bonus,1121.31
2014-02-13,104728,Invesco India Low Duration Fund - Regular - Growth,1662.9591
2014-02-13,104729,Invesco India Low Duration Fund - Monthly IDCW (Payout / Reinvestment),1030.2192
2014-02-13,104756,ING 5 Star Multi-Manager FoF Scheme - Growth,16.298
2014-02-13,104757,ING 5 Star Multi-Manager FoF Scheme - Dividend,14.0967
2014-02-13,104772,DSP ELSS Tax Saver Fund - Regular Plan - Growth,19.383
2014-02-13,104773,DSP ELSS Tax Saver Fund - Regular Plan - IDCW,12.247
2014-02-13,104898,ICICI Prudential Multi-Asset Fund-Institutional Option - I,21.0915
2014-02-13,104907,Kotak Midcap Fund - Regular Plan - IDCW -Payout & Re-investment of Income Distribution cum capital withdrawal option,11.091
2014-02-13,104908,Kotak Midcap Fund - Regular Plan - Growth,12.419
2014-02-13,105000,Sundaram Large and Midcap Regular Plan - Income Distribution cum Capital Withdrawal (IDCW),11.3716
2014-02-13,105001,Sundaram Large and Midcap Fund Regular Plan - Growth,13.9485
2014-02-13,105024,Invesco India Low Duration Fund - Regular Daily IDCW (Reinvestment),1050.3083
2014-02-13,105025,Invesco India Low Duration Fund - Daily IDCW (Reinvestment),1001.72
2014-02-13,105066,Franklin India Index Fund - BSE Plan - Dividend Plan,56.8987
2014-02-13,105067,Franklin India INDEX FUND- NSE NIFTY 50 INDEX FUND - IDCW,47.2809
2014-02-13,105080,SBI Ultra Short Duration Fund - Regular Plan - Daily Income Distribution cum Capital Withdrawal Option (IDCW),1675.03
2014-02-13,105185,Invesco India Short Duration Fund - Regular Plan - Growth,1674.4284
2014-02-13,105186,Invesco India Short Term Fund- Plan B - Daily Dividend,1030.7271
2014-02-13,105187,Invesco India Short Duration Fund - Plan B - Monthly IDCW (Payout / Reinvestment),1109.6022
2014-02-13,105189,Invesco India Short Duration Fund - Plan B - Growth,1668.1123
2014-02-13,105190,Invesco India Short Duration Fund - Regular Plan - Weekly IDCW (Reinvestment),1017.9405
2014-02-13,105191,Invesco India Short Duration Fund - Regular Plan - Monthly IDCW (Payout / Reinvestment),1049.5913
2014-02-13,105192,Invesco India Short Duration Fund - Plan B - Weekly IDCW (Reinvestment),1014.4541
2014-02-13,105203,ING Treasury Advantage Fund - Regular Daily Dividend Option,10.003
2014-02-13,105204,ING Treasury Advantage Fund - Regular Monthly Dividend Option,10.9239
2014-02-13,105205,ING Treasury Advantage Fund - Regular Quarterly Dividend Option,11.0551
2014-02-13,105207,ING Treasury Advantage Fund - Institutional Growth Option,17.0436
2014-02-13,105208,ING Treasury Advantage Fund - Institutional Weekly Dividend Option,10.0302
2014-02-13,105209,ING Treasury Advantage Fund - Institutional Monthly Dividend Option,10.1439
2014-02-13,105210,ING Treasury Advantage Fund - Regular Growth Option,16.7845
2014-02-13,105211,ING Treasury Advantage Fund - Regular Weekly Dividend Option,10.0424
2014-02-13,105212,ING Treasury Advantage Fund - Institutional Daily Dividend Option,10.0033
2014-02-13,105213,ING Treasury Advantage Fund - Institutional Quarterly Dividend Option,10.5012
2014-02-13,105227,HSBC Dividend Yield Equity Fund - Dividend,11.1298
2014-02-13,105228,HSBC Dividend Yield Equity Fund - Growth,11.1298
2014-02-13,105229,Nippon India Interval Fund-Monthly Interval Fund-Series-I- Growth Option,17.0214
2014-02-13,105230,NIPPON INDIA MONTHLY INTERVAL FUND - SERIES I - IDCW Option,10.0676
2014-02-13,105232,Nippon India Interval Fund-Monthly Interval Fund-Series-I-Institutional Plan-Dividend Option,10.0676
2014-02-13,105274,SBI Liquid Fund - Institutional - Growth,2011.3598
2014-02-13,105275,SBI Liquid Fund - Institutional Daily Income Distribution cum Capital Withdrawal Option (IDCW),1003.25
2014-02-13,105278,SBI Liquid Fund - Institutional Weekly Income Distribution cum Capital Withdrawal Option (IDCW),1061.599
2014-02-13,105279,SBI Liquid Fund - Institutional Fortnightly Income Distribution cum Capital Withdrawal Option (IDCW),1026.0482
2014-02-13,105280,SBI Liquid Fund - REGULAR PLAN -Growth,1992.6782
2014-02-13,105281,SBI Liquid Fund - Regular Plan - Daily Income Distribution cum Capital Withdrawal Option (IDCW),1003.25
2014-02-13,105282,SBI Liquid Fund - Regular Plan - Weekly Income Distribution cum Capital Withdrawal Option (IDCW),1062.3092
2014-02-13,105283,SBI Liquid Fund - Regular Plan - Fortnightly Income Distribution cum Capital Withdrawal Option (IDCW),1014.7119
2014-02-13,105324,ING RetireInvest Fund Series I - Dividend,12.55
2014-02-13,105325,ING RetireInvest Fund Series I - Growth,12.54
2014-02-13,105400,Nippon India Interval Fund-Monthly Interval Fund-Series-II -Growth Option,17.0734
2014-02-13,105401,NIPPON INDIA MONTHLY INTERVAL FUND - SERIES II - IDCW Option,10.0338
2014-02-13,105402,Nippon India Interval Fund-Monthly Interval Fund-Series-II-Institutional Plan-Dividend Option,10.0338
2014-02-13,105417,Taurus Infrastructure Fund - Regular Plan - Growth,10.3
2014-02-13,105418,Taurus Infrastructure Fund - Regular Plan - Payout of Income Distribution cum Capital Withdrawal option,9.69
2014-02-13,105419,HDFC QUARTERLY INTERVAL FUND - PLAN B - WHOLESALE PLAN - Dividend Option,10.0971
2014-02-13,105420,HDFC QUARTERLY INTERVAL FUND - PLAN B - RETAIL PLAN - Growth Option,17.2249
2014-02-13,105421,HDFC QUARTERLY INTERVAL FUND - PLAN B - RETAIL PLAN -Dividend Option,10.0888
2014-02-13,105427,HDFC QUARTERLY INTERVAL FUND - PLAN A - WHOLESALE PLAN - Dividend Option,10.0
2014-02-13,105428,HDFC QUARTERLY INTERVAL FUND - PLAN A - RETAIL PLAN - Growth Option,17.7137
2014-02-13,105429,HDFC QUARTERLY INTERVAL FUND - PLAN A - RETAIL PLAN -Dividend Option,10.1398
2014-02-13,105433,Nippon India Interval Fund-Quarterly Interval Fund-Series-I - Growth Option,17.3266
2014-02-13,105434,NIPPON INDIA INTERVAL FUND - QUARTERLY PLAN - SERIES I - IDCW Option,10.1094
2014-02-13,105436,NIPPON INDIA INTERVAL FUND - QUARTERLY PLAN - SERIES I - INSTITUTIONAL IDCW Option,10.1096
2014-02-13,105459,Invesco India Contra Fund - Regular Plan - IDCW (Payout / Reinvestment),13.5
2014-02-13,105460,Invesco India Contra Fund - Regular Plan - Growth,17.46
2014-02-13,105461,Principal Low Duration Fund -Daily Income Distribution CUM Capital Withdrawal Option,1001.23
2014-02-13,105463,UTI GOLD Exchange Traded Fund,2687.0769
2014-02-13,105497,UTI Long Term Advantage Fund  - Dividend Option,12.6919
2014-02-13,105498,UTI Long Term Advantage Fund  - Growth Option,12.6919
2014-02-13,105503,Invesco India Midcap Fund - Regular Plan - Growth Option,17.75
2014-02-13,105504,Invesco India Midcap Fund - Regular Plan - IDCW (Payout / Reinvestment),14.72
2014-02-13,105543,HDFC Low Duration  Fund - Monthly IDCW,10.0814
2014-02-13,105544,HDFC Low Duration Fund- Wholesale- Growth,27.6761
2014-02-13,105545,HDFC Low Duration Fund- Wholesale Weekly Dividend,10.0512
2014-02-13,105546,HDFC Low Duration Fund- Wholesale Monthly Dividend,10.0842
2014-02-13,105547,HDFC Low Duration Fund- Wholesale Daily Dividend,10.0315
2014-02-13,105548,HDFC Low Duration  Fund - Daily IDCW,10.0315
2014-02-13,105549,Sundaram Low Duration Fund Retail Plan - Weekly Income Distribution cum Capital Withdrawal (IDCW),11.1277
2014-02-13,105550,Sundaram Low Duration Fund Retail Plan - Fortnightly Income Distribution cum Capital Withdrawal (IDCW),10.6908
2014-02-13,105551,Sundaram Low Duration Fund Retail Plan - Income Distribution cum Capital Withdrawal (IDCW),10.4912
2014-02-13,105552,Sundaram Low Duration Fund Retail Plan -Income Distribution cum Capital Withdrawal (IDCW),10.7607
2014-02-13,105553,Sundaram Low Duration Fund Retail Plan - Daily Reinvestment of Income Distribution cum Capital Withdrawal (IDCW),10.037
2014-02-13,105554,Sundaram Low Duration Fund Institutional Plan - Daily Reinvestment of Income Distribution cum Capital Withdrawal (IDCW),10.037
2014-02-13,105556,Sundaram Low Duration Fund Regular Plan - Weekly Income Distribution cum Capital Withdrawal (IDCW),11.236
2014-02-13,105557,Sundaram Low Duration Fund Regular Plan - Fortnightly Income Distribution cum Capital Withdrawal (IDCW),10.7743
2014-02-13,105558,Sundaram Low Duration Fund Regular Plan -Income Distribution cum Capital Withdrawal (IDCW),11.0941
2014-02-13,105559,Sundaram Low Duration Fund Institutional Plan - Weekly Income Distribution cum Capital Withdrawal (IDCW),11.2173
2014-02-13,105561,Sundaram Low Duration Fund Institutional Plan - Income Distribution cum Capital Withdrawal (IDCW),10.5601
2014-02-13,105562,Sundaram Low Duration Fund Institutional Plan - Growth,16.913
2014-02-13,105563,Sundaram Low Duration Fund Regular Plan - Growth,17.3448
2014-02-13,105564,Sundaram Low Duration Fund Retail Plan - Growth,16.1284
2014-02-13,105565,Sundaram Low Duration Fund Regular Plan - Daily Reinvestment of Income Distribution cum Capital Withdrawal (IDCW),10.037
2014-02-13,105566,Sundaram Low Duration Fund Regular Plan - Income Distribution cum Capital Withdrawal (IDCW),10.64
2014-02-13,105578,UTI Low Duration Fund - Discontinued - Periodic Dividend Plan,1048.2355
2014-02-13,105582,JPMorgan India Equity Fund - Regular Plan - Growth Option,14.305
2014-02-13,105583,JPMorgan India Equity Fund - Regular Plan - Dividend Option,13.283
2014-02-13,105598,PineBridge India Equity Fund- Standard Plan- Growth Option,13.551
2014-02-13,105600,PineBridge India Equity Fund- Standard Plan- Dividend Option,11.975
2014-02-13,105602,ICICI Prudential Infrastructure Fund - Institutional Option - I - Growth,13.48
2014-02-13,105603,Invesco India Arbitrage Fund - Regular Plan - Growth Option,16.2307
2014-02-13,105604,Invesco India Arbitrage Fund - Regular Plan - IDCW (Payout / Reinvestment),12.4821
2014-02-13,105605,UTI Low Duration Fund - Regular Plan - Daily IDCW (Reinvestment),1002.3211
2014-02-13,105619,ING Multi Manager Equity Fund - Option A- Dividend(Payout and Reinvestment),9.72
2014-02-13,105620,ING Multi Manager Equity Fund - Option A- Growth,9.72
2014-02-13,105627,UTI Low Duration Fund - Regular Plan - Weekly IDCW,1004.1221
2014-02-13,105628,SBI ELSS Tax Saver FUND - REGULAR PLAN- GROWTH,69.3931
2014-02-13,105636,JM Dynamic Bond Fund - Premium Plan - Weekly Dividend Option,10.5868
2014-02-13,105637,JM Dynamic Bond Fund (Regular) - Weekly IDCW,10.5507
2014-02-13,105638,JM Dynamic Bond Fund - Premium Plan - Daily Dividend Option,10.0031
2014-02-13,105639,JM Dynamic Bond Fund (Regular) - Daily IDCW,10.0031
2014-02-13,105650,ICICI Prudential Interval Fund - Monthly Interval Plan I - Retail Dividend,10.0671
2014-02-13,105651,ICICI Prudential Interval Fund - Monthly Interval Plan I - Retail Growth,16.463
2014-02-13,105658,UTI Low Duration Fund - Regular Plan - Monthly IDCW,1026.5698
2014-02-13,105659,UTI Low Duration Fund - Discontinued Flexi Dividend Plan,1086.9366
2014-02-13,105660,NIPPON INDIA ANNUAL INTERVAL FUND - SERIES I - IDCW Option,10.5166
2014-02-13,105661,Nippon India Interval Fund Annual Interval Fund Series-I-Retail Plan Growth Option,17.1876
2014-02-13,105662,NIPPON INDIA ANNUAL INTERVAL FUND - SERIES I - RETAIL Plan - IDCW Option,10.5174
2014-02-13,105663,Nippon India Interval Fund Annual Interval Fund Series-I- Growth Option,12.7453
2014-02-13,105664,DSP BlackRock Strategic Bond Fund - Regular Plan - Monthly Dividend,1021.012
2014-02-13,105665,DSP BlackRock Strategic Bond Fund - Regular Plan - Dividend,1050.9356
2014-02-13,105666,DSP BlackRock Strategic Bond Fund - Regular Plan - Growth,1555.5216
2014-02-13,105667,DSP Strategic Bond Fund - Regular Plan - IDCW - Monthly,1024.0844
2014-02-13,105668,DSP Strategic Bond Fund - Regular Plan - IDCW,1032.8017
2014-02-13,105669,DSP Strategic Bond Fund - Regular Plan - Growth,1428.2385
2014-02-13,105670,UTI Low Duration Fund - Discontinued Monthly Dividend Option,1067.656
2014-02-13,105672,DWS INSTA CASH PLUS FUND - Regular Plan BONUS OPTION,10.8867
2014-02-13,105689,Nippon India Interval Fund-Quarterly Interval Fund Series-II-Growth Option,17.2715
2014-02-13,105691,Nippon India Interval Fund-Quarterly Interval Fund Serie-II-Institutional Plan -Dividend Option,10.0385
2014-02-13,105692,NIPPON INDIA QUARTERLY INTERVAL FUND - SERIES II - IDCW Option,10.0377
2014-02-13,105710,ICICI Prudential Interval Fund - Quarterly Interval Plan I - Retail Growth,17.0571
2014-02-13,105711,ICICI Prudential Interval Fund - Quarterly Interval Plan I - Retail Dividend,10.1724
2014-02-13,105757,HDFC Mid Cap Fund - IDCW Plan,16.9
2014-02-13,105758,HDFC Mid Cap Fund - Growth Plan,20.116
2014-02-13,105759,HDFC QUARTERLY INTERVAL FUND - PLAN C - WHOLESALE PLAN - Growth Option,13.582
2014-02-13,105761,HDFC QUARTERLY INTERVAL FUND - PLAN C - RETAIL PLAN -Growth Option,17.2702
2014-02-13,105762,HDFC QUARTERLY INTERVAL FUND - PLAN C - RETAIL PLAN - Dividend Option,10.0184
2014-02-13,105804,Aditya Birla Sun Life Small Cap Fund - GROWTH,13.3563
2014-02-13,105805,Aditya Birla Sun Life Small Cap Fund -Regular - IDCW,12.5615
2014-02-13,105816,Franklin India Focused Equity Fund - IDCW,13.3135
2014-02-13,105817,Franklin India Focused Equity Fund - Growth Plan,15.246
2014-02-13,105822,LIC MF Banking & PSU Fund-Regular Plan-Daily IDCW,10.05
2014-02-13,105823,LIC MF Banking & PSU Fund-Regular Plan-Growth,16.5132
2014-02-13,105856,LIC MF Banking & PSU Fund-Regular Plan-Monthly IDCW,10.0775
2014-02-13,105857,LIC MF Banking & PSU Fund-Regular Plan-Weekly IDCW,10.052
2014-02-13,105871,DSP Top 100 Equity Fund - Institutional  Plan - Dividend,13.063
2014-02-13,105872,DSP Top 100 Equity Fund - Institutional  Plan - Growth,14.846
2014-02-13,105874,DSP India T.I.G.E.R. Fund - Institutional Plan - Growth,11.086
2014-02-13,105875,DSP Flexi Cap Fund - Regular Plan - Growth,16.688
2014-02-13,105876,DSP BlackRock Equity Fund - Institutional Plan - Growth,13.411
2014-02-13,105877,DSP BlackRock Strategic Bond Fund - Regular Plan - Weekly Dividend,1013.6928
2014-02-13,105878,DSP Strategic Bond Fund - Regular Plan - IDCW - Weekly,1013.6645
2014-02-13,105881,Aditya Birla Sun Life Savings Fund-Weekly - retail IDCW,100.2101
2014-02-13,105882,Nippon India Interval Fund-Quarterly Interval Fund-Series-III-Institutional Plan-Growth Option,17.3381
2014-02-13,105883,NIPPON INDIA QUARTERLY INTERVAL FUND - SERIES III - INSTITUTIONAL IDCW Option,10.1668
2014-02-13,105884,Nippon India Interval Fund-Quarterly Interval Fund-Series-III- Growth Option,17.2072
2014-02-13,105885,NIPPON INDIA QUARTERLY INTERVAL FUND - SERIES III - IDCW Option,10.167
2014-02-13,105887,Aditya Birla Sun Life Savings Fund-Regular - weekly IDCW,100.2154
2014-02-13,105888,Aditya Birla Sun Life Savings Fund-Regular - DAILY IDCW,100.297
2014-02-13,105907,ICICI Prudential Interval Fund - Quarterly Interval Plan II - Retail Dividend,10.1401
2014-02-13,105908,ICICI Prudential Interval Fund - Quarterly Interval Plan II - Retail Growth,16.8258
2014-02-13,105967,Kotak Arbitrage Fund - Regular Plan - IDCW - Payout & Re-investment of Income Distribution cum capital withdrawal option,10.7366
2014-02-13,105968,Kotak Arbitrage Fund - Regular Plan - Growth,18.7621
2014-02-13,105973,DWS CASH OPPORTUNITIES FUND - GR,16.8634
2014-02-13,105974,DWS CASH OPPORTUNITIES FUND - MONTHLY DIV,10.7415
2014-02-13,105989,DSP Small Cap Fund - Regular - Growth,17.851
2014-02-13,106035,DWS CASH OPPORTUNITIES FUND - WEEKLY DIV,10.1102
2014-02-13,106036,DWS CASH OPPORTUNITIES FUND - FORTNIGHTLY DIV,10.1665
2014-02-13,106057,UTI Quarterly Interval Fund - I - Regular Plan - IDCW,10.1334
2014-02-13,106058,UTI Fixed  Income Interval Fund ( Quarterly Interval Plan - I) - Inst Dividend Plan,10.1371
2014-02-13,106060,UTI Quarterly Interval Fund - I - Regular Plan - Growth Option,17.3064
2014-02-13,106095,SBI Infrastructure Fund - Regular Plan - Income Distribution cum Capital Withdrawal Option (IDCW),6.6378
2014-02-13,106096,SBI INFRASTRUCTURE FUND -  REGULAR PLAN - GROWTH,6.6373
2014-02-13,106099,JM Money Manager Fund - Super Plan - Dividend option - Weekly dividend,10.6479
2014-02-13,106100,JM Money Manager Fund - Super Plan - Dividend option - Fortnightly,10.3077
2014-02-13,106101,JM Ultra Short Duration Fund - Fortnightly Dividend,10.2388
2014-02-13,106102,JM Money Manager Fund - Super Plus Plan - Dividend option - Weekly dividend,10.6419
2014-02-13,106103,JM Money Manager Fund - Super Plus Plan - Dividend option - Fortnightly,10.3389
2014-02-13,106104,JM Ultra Short Duration Fund - Weekly Dividend,10.6131
2014-02-13,106123,Tata Corporate Bond Fund Retail Investment Plan Monthly Dividend,1004.8648
2014-02-13,106128,Tata Corporate Bond Fund Retail Investment Plan Growth,1657.4269
2014-02-13,106129,Tata Corporate Bond Fund -Regular Plan -  Growth,1671.2219
2014-02-13,106130,Tata Corporate Bond Fund -Regular Plan  -  Daily Dividend,1008.475
2014-02-13,106131,Tata Corporate Bond Fund-Regular Plan - Weekly Dividend,1010.9476
2014-02-13,106132,Tata Corporate Bond Fund -Regular Plan -  Monthly Dividend,1004.363
2014-02-13,106133,Tata Corporate Bond Fund Super High Investment Plan Daily Dividend,1009.3872
2014-02-13,106136,Tata Treasury Manager Fund Super High Investment Plan Growth,1449.4005
2014-02-13,106141,ICICI Prudential Interval Fund - Quarterly Interval Plan III - Retail Dividend,10.016
2014-02-13,106142,ICICI Prudential Interval Fund - Quarterly Interval Plan III - Retail Growth,16.1693
2014-02-13,106143,Invesco India Large & Mid Cap Fund - Regular Plan - IDCW (Payout / Reinvestment),13.37
2014-02-13,106144,Invesco India Large & Mid Cap Fund - Regular Plan - Growth,14.72
2014-02-13,106145,UTI - Fixed Income Interval Fund - Monthly Interval Plan  - Regular Plan - Growth Option,17.0306
2014-02-13,106146,UTI FIIF Monthly Interval Plan I - Regular Plan - Monthly IDCW,10.0589
2014-02-13,106157,Aditya Birla Sun Life Banking & PSU Debt Fund  - retail - quarterly IDCW,104.5822
2014-02-13,106166,CANARA ROBECO EQUITY HYBRID FUND - REGULAR PLAN - GROWTH OPTION,71.08
2014-02-13,106167,CANARA ROBECO EQUITY HYBRID FUND - REGULAR PLAN - MONTHLY IDCW (Payout/Reinvestment),56.7
2014-02-13,106168,JM Value Fund (Regular) - IDCW,8.3391
2014-02-13,106169,quant Infrastructure Fund - IDCW Option - Regular Plan,3.9172
2014-02-13,106170,quant Infrastructure Fund - Growth Option,3.9279
2014-02-13,106171,Invesco India Corporate Bond Fund - Regular Plan - Monthly IDCW (Payout / Reinvestment),1067.4227
2014-02-13,106172,Invesco India Corporate Bond Fund - Regular Plan - Quarterly IDCW (Payout / Reinvestment),1003.6161
2014-02-13,106173,Religare Invesco Active Income Fund - Plan B - Growth,1305.0568
2014-02-13,106174,Religare Invesco Active Income Fund - Plan B - MonthlyDividend,1179.5752
2014-02-13,106176,Religare Invesco Active Income Fund - Bonus,1078.0703
2014-02-13,106177,Invesco India Corporate Bond Fund - Regular Plan - Growth,1450.8032
2014-02-13,106179,Invesco India Corporate Bond Fund - Regular Plan - Annual IDCW (Payout / Reinvestment),1276.014
2014-02-13,106183,UTI Annual Interval Fund - I - Regular Plan - Growth Option,17.254
2014-02-13,106185,UTI Annual Interval Fund - I - ( Instn Growth Option ),17.5772
2014-02-13,106186,UTI Annual Interval Fund - I - Regular Plan - IDCW,10.14
2014-02-13,106193,KOTAK GOLD ETF,2682.1767
2014-02-13,106212,SBI LOW DURATION FUND - REGULAR PLAN - GROWTH,1622.3971
2014-02-13,106213,SBI Low Duration Fund - Regular Plan - Daily Income Distribution cum Capital Withdrawal Option (IDCW),1001.6696
2014-02-13,106214,SBI Low Duration Fund - Regular Plan - Weekly Income Distribution cum Capital Withdrawal Option (IDCW),1011.3477
2014-02-13,106215,SBI Low Duration Fund - Regular Plan - Fornightly Income Distribution cum Capital Withdrawal Option (IDCW),1030.752
2014-02-13,106216,SBI Low Duration Fund - Regular Plan - Monthly Income Distribution cum Capital Withdrawal Option (IDCW),1045.1922
2014-02-13,106217,SBI Short Horizon Debt Fund - Ultra Short Term Fund - Institutional Plan - Growth,1650.6883
2014-02-13,106221,SBI Short Horizon Debt Fund - Ultra Short Term Fund - Institutional Plan - Daily Income Distribution cum Capital Withdrawal Option (IDCW),1000.8525
2014-02-13,106222,SBI Short Horizon Debt Fund - Ultra Short Term Fund- Institutional Plan - Weekly Income Distribution cum Capital Withdrawal Option (IDCW),1005.8205
2014-02-13,106227,SBI SHORT HORIZON DEBT FUND-SHORT TERM FUND - RETAIL - GROWTH,16.1803
2014-02-13,106228,SBI Short Horizon Debt Fund - Short Term Fund - Retail Dividend - Weekly Income Distribution cum Capital Withdrawal Option (IDCW),10.4317
2014-02-13,106229,SBI Short Horizon Debt Fund - Short Term Fund - Retail Dividend - Monthly Income Distribution cum Capital Withdrawal Option (IDCW),10.7955
2014-02-13,106230,SBI Short Horizon Debt Fund - Short Term Fund - Retail Dividend - Fortnightly Income Distribution cum Capital Withdrawal Option (IDCW),10.9736
2014-02-13,106231,SBI SHORT TERM DEBT FUND - REGULAR PLAN -GROWTH,14.3023
2014-02-13,106232,SBI Short Term Debt Fund - Regular Plan Weekly Income Distribution cum Capital Withdrawal Option (IDCW),10.4876
2014-02-13,106233,SBI Short Term Debt Fund - Regular Plan - Monthly Income Distribution cum Capital Withdrawal Option (IDCW),11.2953
2014-02-13,106234,SBI Short Term Debt Fund - Regular Plan Fortnightly Income Distribution cum Capital Withdrawal Option (IDCW),10.1326
2014-02-13,106235,Nippon India Large Cap  Fund- Growth Plan -Growth Option,14.3526
2014-02-13,106236,NIPPON INDIA LARGE CAP FUND - IDCW Option,10.8159
2014-02-13,106238,Nippon India Large Cap Fund-Institutional Plan Growth Plan Bonus Option,14.694
2014-02-13,106240,Nippon India Large Cap Fund- Growth Plan Bonus Option,14.3526
2014-02-13,106252,Nippon India Multi Cap Fund Institutional Dividend Plan,35.7581
2014-02-13,106253,Nippon India Multi Cap Fund Institutional Plan Growth Plan Growth Option,11.6787
2014-02-13,106255,Nippon India Vision Large & Mid Cap Fund Institutional Dividend Plan,205.2215
2014-02-13,106256,Reliance Vision Fund Institutional Plan Growth Plan Growth Option,254.7203
2014-02-13,106258,Reliance Growth Fund Institutional Plan Growth Plan Growth Option,469.6625
2014-02-13,106260,NIPPON INDIA GROWTH MID CAP FUND - INSTITUTIONAL Plan - IDCW Option,401.852
2014-02-13,106290,ICICI Prudential Interval Fund - Annual Interval Plan I - Retail Dividend,11.3105
2014-02-13,106291,ICICI Prudential Interval Fund Annual Interval Plan I -  Growth,13.5183
2014-02-13,106292,ICICI Prudential Interval Fund - Annual Interval Plan I - Retail Growth,16.9164
2014-02-13,106293,ICICI Prudential Interval Fund Annual Interval Plan I - Dividend,11.3386
2014-02-13,106316,Invesco India Balanced Advantage Fund - Regular Plan - IDCW (Payout / Reinvestment),15.37
2014-02-13,106317,Invesco India Balanced Advantage Fund - Regular Plan - Growth,15.38
2014-02-13,106324,Canara Robeco Ultra Short Term Fund - Retail Plan- Income option,1393.3628
2014-02-13,106325,Canara Robeco Ultra Short Term Fund - Retail Plan- Daily Dividend Reinvestment Option,1240.653
2014-02-13,106326,Canara Robeco Ultra Short Term Fund - Institutional Plan- Daily Dividend Reinvestment Option,1240.6716
2014-02-13,106327,Canara Robeco Ultra Short Term Fund - Institutional Plan- Weekly Dividend Reinvestment option,1240.6717
2014-02-13,106329,Canara Robeco Ultra Short Term Fund - Retail Plan- Growth Option,2024.5631
2014-02-13,106330,Canara Robeco Ultra Short Term Fund - Institutional Plan- Growth option,2062.572
2014-02-13,106337,UTI FIIF Annual Interval Plan II - Regular Plan - IDCW,10.1324
2014-02-13,106338,UTI F I I F-Annual Interval Plan Series - II - Regular Plan - Growth Option,17.1842
2014-02-13,106339,UTI F I I F-Annual Interval Plan Series - II - Institutional  Growth Option,14.3848
2014-02-13,106365,UTI FIIF Quarterly Interval Plan III - Regular Plan - IDCW,10.2126
2014-02-13,106366,UTI Fixed  Income Interval Fund ( Quarterly Interval Plan - III) -Regular Plan - Growth Option,16.9973
2014-02-13,106367,UTI Fixed  Income Interval Fund ( Quarterly Interval Plan -III) - Inst Dividend Plan,10.2126
2014-02-13,106368,UTI Fixed  Income Interval Fund ( Quarterly Interval Plan - III) - Inst Growth Plan,17.1559
2014-02-13,106369,Sundaram Global Brand Theme-Equity Active FOF - Regular IDCW,13.4552
2014-02-13,106370,Sundaram Global Brand Theme-Equity Active FOF - Regular Growth,14.5417
2014-02-13,106383,UTI Short Duration Fund - Discontinued Regular Option - Dividend Sub Option,13.7675
2014-02-13,106384,UTI Short Duration Fund - Discontinued Regular Option -Growth Sub Option,21.8019
2014-02-13,106411,Aditya Birla Sun Life Interval Income Fund - Quarterly Series 1 - Regular - IDCW,10.2077
2014-02-13,106412,Aditya Birla Sun Life Interval Income Fund - Quarterly Series 1 - Growth - Regular Plan,16.7261
2014-02-13,106413,Aditya Birla Sun Life Interval Income Fund - Quarterly Series 1 - institutional - IDCW,10.2077
2014-02-13,106414,Aditya Birla Sun Life Interval Income Fund - Quarterly Series I- Institutional Growth,13.645
2014-02-13,106425,UTI India Consumer Fund - Regular Plan - Growth Option,14.0259
2014-02-13,106426,UTI India Consumer Fund - Regular Plan - IDCW,14.0259
2014-02-13,106441,Kotak Global Emerging Market Overseas Equity Omni FOF- Growth,13.589
2014-02-13,106442,Kotak Global Emerging Market Overseas Equity Omni FOF - Payout of Income Distribution cum capital withdrawal option,13.588
2014-02-13,106467,DWS Insta Cash Plus Fund-Daily Dividend,100.304
2014-02-13,106468,DWS INSTA CASH PLUS FUND - BONUS OPTION,112.4908
2014-02-13,106470,DWS Insta Cash Plus Fund - Monthly Dividend,104.4436
2014-02-13,106471,DWS Insta Cash Plus Fund -Growth,164.5475
2014-02-13,106472,DWS Insta Cash Plus Fund - Weekly Dividend,100.6447
2014-02-13,106481,Tata Indo-Global Infrastructure Fund Plan A- Dividend,6.691
2014-02-13,106482,Tata Indo-Global Infrastructure Fund Plan A - Growth,6.6865
2014-02-13,106501,Religare Invesco Overnight Fund - Growth,1488.9463
2014-02-13,106502,Religare Invesco Overnight Fund - Daily Dividend Reinvestment,1001.4092
2014-02-13,106503,PineBridge India Liquid Fund-Retail Plan-DailyDividend Option,1001.0
2014-02-13,106504,PineBridge India Liquid Fund-Retail Plan-Monthly Dividend Option,1004.7302
2014-02-13,106508,PineBridge India Liquid Fund- Standard Plan-Growth Option,1592.0798
2014-02-13,106509,PineBridge India Liquid Fund- Standard Plan-Weekly Dividend Option,1001.7163
2014-02-13,106510,PineBridge India Liquid Fund-Retail Plan-Weekly Dividend Option,1001.7167
2014-02-13,106513,PineBridge India Liquid Fund- Standard Plan-Daily Dividend Option,1001.0
2014-02-13,106514,PineBridge India Liquid Fund-Retail Plan-Growth Option,1555.1862
2014-02-13,106519,PineBridge India Liquid Fund- Standard Plan-Monthly Dividend Option,1004.7351
2014-02-13,106520,PineBridge India Liquid Fund- Standard Plan-Quarterly Dividend Option,1011.7016
2014-02-13,106521,PineBridge India Total Return Bond Fund- Retail Plan-Growth Option,1543.7698
2014-02-13,106522,PineBridge India Total Return Bond Fund- Retail Plan- Weekly Dividend Option,996.1635
2014-02-13,106523,PineBridge India Total Return Bond Fund- Institutional Plan-Growth Option,1575.0346
2014-02-13,106526,PineBridge India Total Return Bond Fund- Standard Plan-Bonus Option,1070.1568
2014-02-13,106527,PineBridge India Total Return Bond Fund- Standard Plan-Daily Dividend Option,996.4331
2014-02-13,106528,PineBridge India Total Return Bond Fund- Standard Plan-Quarterly Dividend Option,1000.4067
2014-02-13,106530,PineBridge India Total Return Bond Fund- Retail Plan- Monthly Dividend Option,998.408
2014-02-13,106533,PineBridge India Total Return Bond Fund- Standard Plan-Growth Option,1573.754
2014-02-13,106534,PineBridge India Total Return Bond Fund- Retail Plan-Daily Dividend Option,996.6421
2014-02-13,106537,PineBridge India Total Return Bond Fund- Standard Plan-Weekly Dividend Option,995.9539
2014-02-13,106538,PineBridge India Total Return Bond Fund- Standard Plan-Monthly Dividend Option,1005.8834
2014-02-13,106549,UTI - Fixed Income Interval Fund - Monthly Interval Plan - Institutional Dividend Option,10.0615
2014-02-13,106554,SUNDARAM FIXED INCOME INTERVAL FUND QTRLY PLAN A REGULAR GROWTH,16.3952
2014-02-13,106556,SUNDARAM FIXED INCOME INTERVAL FUND QTRLY PLAN A REGULAR DIVIDEND,10.1598
2014-02-13,106561,JPMorgan India Liquid Fund - Retail Plan - Growth Option,14.9955
2014-02-13,106562,JPMorgan India Liquid Fund - Retail Plan - Daily Dividend Option,10.019
2014-02-13,106563,JPMorgan India Treasury Fund - Retail Plan - Daily Dividend Option,10.0353
2014-02-13,106564,JPMorgan India Treasury Fund - Retail Plan - Growth Option,14.953
2014-02-13,106596,DSP World Gold Mining Overseas Equity Omni FoF - Regular Plan - IDCW,10.0331
2014-02-13,106597,DSP World Gold Mining Overseas Equity Omni FoF - Regular Plan - Growth,12.2532
2014-02-13,106624,UTI Short Duration Fund - Regular Plan - Growth Option,14.9608
2014-02-13,106653,Invesco India Infrastructure Fund - Regular Plan - IDCW (Payout / Reinvestment),7.0
2014-02-13,106654,Invesco India Infrastructure Fund - Regular Plan - Growth Option,6.99
2014-02-13,106661,Kotak Quarterly Interval Plan Series 1 - Growth,16.5981
2014-02-13,106662,Kotak Quarterly Interval Plan Series 1 - Dividend,10.1486
2014-02-13,106667,DWS Top Euroland Offshore Fund - Growth,13.16
2014-02-13,106668,DWS Top Euroland Offshore Fund - Dividend,13.17
2014-02-13,106670,HSBC Dynamic Asset Allocation Fund - Growth,10.2276
2014-02-13,106671,HSBC Dynamic Asset Allocation Fund - Dividend,10.2276
2014-02-13,106700,SUNDARAM FIXED INCOME INTERVAL FUND QTRLY PLAN B REGULAR  DIVIDEND,10.1327
2014-02-13,106702,SUNDARAM FIXED INCOME INTERVAL FUND QTRLY PLAN B REGULAR  GROWTH,16.6149
2014-02-13,106706,UTI Annual Interval Fund - II - Regular Plan - IDCW,10.098
2014-02-13,106707,UTI Annual Interval Fund - II - Regular Plan - Growth Option,16.8819
2014-02-13,106709,UTI Fixed Interval Income Fund (Annual Interval Fund)  Series III - Instn Growth Option,17.2864
2014-02-13,106734,Kotak Quarterly Interval Plan Series 2 - Dividend,10.1327
2014-02-13,106735,Kotak Quarterly Interval Plan Series 2 - Growth,16.5178
2014-02-13,106736,HSBC Dynamic Bond Fund - Growth,16.3038
2014-02-13,106737,HSBC Dynamic Bond Fund - Regular Growth,16.6475
2014-02-13,106738,HSBC Dynamic Bond Fund - Regular Monthly IDCW,9.9602
2014-02-13,106744,Sahara R.E.A.L Fund - Dividend Option,8.1964
2014-02-13,106745,Sahara R.E.A.L Fund - Growth  Fund,8.1964
2014-02-13,106761,ICICI Prudential Interval Fund Annual Interval Plan II - Growth,16.8508
2014-02-13,106762,ICICI Prudential Interval Fund - Annual Interval Plan II - Retail Dividend,11.3177
2014-02-13,106763,ICICI Prudential Interval Fund - Annual Interval Plan II - Retail Growth,16.3437
2014-02-13,106777,ICICI Prudential Interval Fund - Annual Interval Plan III - Retail Growth,16.317
2014-02-13,106778,ICICI Prudential Interval Fund - Annual Interval Plan III - Retail Dividend,11.1388
2014-02-13,106779,ICICI Prudential Interval Fund Annual Interval Plan III - Growth,13.226
2014-02-13,106793,HDFC ARBITRAGE FUND - Regular Plan -Growth Option,15.915
2014-02-13,106795,HDFC ARBITRAGE FUND - Wholesale IDCW Option,10.437
2014-02-13,106796,HDFC ARBITRAGE FUND - Retail Growth Option,15.689
2014-02-13,106797,HDFC ARBITRAGE FUND - Retail Quarterly IDCW Option,11.151
2014-02-13,106799,HDFC ARBITRAGE FUND - Retail IDCW Option,11.651
2014-02-13,106821,ICICI Prudential Smallcap Fund - Institutional Growth,12.71
2014-02-13,106822,ICICI Prudential Smallcap Fund - IDCW,11.72
2014-02-13,106823,ICICI Prudential Smallcap Fund - Growth,12.71
2014-02-13,106828,ICICI Prudential Interval Fund II - Quarterly Interval Plan A - Retail Dividend,10.0037
2014-02-13,106829,ICICI Prudential Interval Fund II - Quarterly Interval Plan A - Retail Growth,16.3293
2014-02-13,106830,ICICI Prudential Interval Fund Annual Interval Plan IV -  Dividend,10.9919
2014-02-13,106831,ICICI Prudential Interval Fund Annual Interval Plan IV - Growth,15.378
2014-02-13,106832,ICICI Prudential Interval Fund - Annual Interval Plan IV - Retail Dividend,11.001
2014-02-13,106833,ICICI Prudential Interval Fund - Annual Interval Plan IV - Retail Growth,16.4009
2014-02-13,106838,HDFC Floating Rate Debt Fund - Daily IDCW Option,10.0809
2014-02-13,106839,HDFC Floating Rate Debt Fund - Monthly IDCW Option,10.1808
2014-02-13,106840,HDFC Floating Rate Debt Fund - Weekly IDCW Option,10.141
2014-02-13,106841,HDFC Floating Rate Debt Fund - Growth Option,21.6197
2014-02-13,106842,Kotak Money Market Fund - (Daily Reinvestment of Income Distribution cum capital withdrawal option),1011.62
2014-02-13,106852,ICICI Prudential Interval Fund - Half Yearly Interval Plan II - Retail Dividend,10.2059
2014-02-13,106853,ICICI Prudential Interval Fund - Half Yearly Interval Plan II - Retail Growth,15.74
2014-02-13,106867,Religare Invesco AGILE Fund - Growth Option,7.99
2014-02-13,106868,Religare Invesco AGILE Fund - Dividend Option,8.01
2014-02-13,106871,LIC MF Large Cap Fund-Regular Plan-Growth,13.9105
2014-02-13,106872,Aditya Birla Sun Life International Equity Fund - Regular - IDCW,15.5342
2014-02-13,106873,Aditya Birla Sun Life International Equity Fund - Growth - Regular Plan,15.5283
2014-02-13,106875,Aditya Birla Sun Life International Equity Fund - Plan B - Regular - IDCW,10.333
2014-02-13,106876,Aditya Birla Sun Life International Equity Fund - Plan B - Growth - Regular Plan,10.3332
2014-02-13,106881,DWS Income Advantage Fund - Growth,15.1944
2014-02-13,106882,DWS Income Advantage Fund - Dividend,10.1035
2014-02-13,106885,ICICI Prudential Interval Fund II - Quarterly Interval Plan B - Retail Dividend,10.2074
2014-02-13,106886,ICICI Prudential Interval Fund II - Quarterly Interval Plan B - Retail Growth,16.1795
2014-02-13,106891,Principal Bank CD Fund - Growth Option,1623.3012
2014-02-13,106892,Principal Bank CD Fund -Div Option-monthly,1129.6002
2014-02-13,106929,Kotak Nifty PSU Bank ETF,221.4166
2014-02-13,106976,ICICI Prudential Interval Fund II - Quarterly Interval Plan C - Retail Growth,16.5562
2014-02-13,106977,ICICI Prudential Interval Fund II - Quarterly Interval Plan C - Retail Dividend,10.1553
2014-02-13,106978,Franklin Asian Equity Fund - IDCW,12.9361
2014-02-13,106979,Franklin Asian Equity Fund - Growth Plan,14.1018
2014-02-13,106980,UTI Short Duration Fund - Regular Plan - Quarterly IDCW,11.3006
2014-02-13,106999,SUNDARAM FIXED INCOME INTERVAL FUND QTRLY PLAN C REG GROWTH,15.8959
2014-02-13,107000,SUNDARAM FIXED INCOME INTERVAL FUND QTRLY PLAN C REG DIVIDEND,10.0202
2014-02-13,107015,R * Shares Gold ETF -Dividend Payout Option,2702.8656
2014-02-13,107070,UTI FIIF Annual Interval Plan IV - Regular Plan - IDCW,10.0913
2014-02-13,107071,UTI Fixed Interval Income Fund (Annual Interval Plan) Series IV - Regular Plan - Growth Option,16.3441
2014-02-13,107088,UTI Fixed  Income Interval Fund ( Half Yearly Plan - I) - Regular Plan - Growth Option,16.4694
2014-02-13,107089,UTI FIIF Half Yearly Plan I - Regular Plan - IDCW,10.1666
2014-02-13,107092,Kotak Quarterly Interval Plan Series 3 - Dividend,10.2126
2014-02-13,107093,Kotak Quarterly Interval Plan Series 3 - Growth,16.2623
2014-02-13,107121,Tata Fixed Income Portfolio Fund Scheme A1 Plan A - Growth,12.3655
2014-02-13,107122,Tata Fixed Income Portfolio Fund Scheme A1 Plan A - Monthly Dividend,10.1632
2014-02-13,107124,Tata Fixed Income Portfolio Fund Scheme A2 Plan A -  Monthly Dividend,10.0319
2014-02-13,107125,Tata Fixed Income Portfolio Fund - Scheme A2 - Regular Plan - Monthly Dividend,10.1436
2014-02-13,107126,Tata Fixed Income Portfolio Fund - Scheme A2 - Regular Plan - Growth,15.5491
2014-02-13,107127,Tata Fixed Income Portfolio Fund Scheme A3 Regular Plan  - Growth,13.8047
2014-02-13,107128,Tata Fixed Income Portfolio Fund Scheme A3 Regular Plan - Monthly Dividend,10.1668
2014-02-13,107129,Tata Fixed Income Portfolio Fund - Scheme A3 - Regular Plan - Growth,15.3167
2014-02-13,107130,Tata Fixed Income Portfolio Fund - Scheme A3 - Regular Plan - Monthly Dividend,10.3515
2014-02-13,107138,ICICI Prudential Interval Fund II - Quarterly Interval Plan D - Retail Dividend,10.2066
2014-02-13,107139,ICICI Prudential Interval Fund II - Quarterly Interval Plan D - Retail Growth,17.6401
2014-02-13,107141,Tata Fixed Income Portfolio Fund Scheme B2 Regular Plan - Growth,10.8606
2014-02-13,107142,Tata Fixed Income Portfolio Fund Scheme B2 Plan A - Monthly Dividend,10.0329
2014-02-13,107143,Tata Fixed Income Portfolio Fund Scheme B2 Plan A - Quarterly Dividend,10.2795
2014-02-13,107144,Tata Fixed Income Portfolio Fund - Scheme B2 - Regular Plan - Quarterly Dividend,10.3517
2014-02-13,107145,Tata Fixed Income Portfolio Fund - Scheme B2 - Regular Plan - Monthly Dividend,10.1103
2014-02-13,107146,Tata Fixed Income Portfolio Fund - Scheme B2 - Regular Plan - Growth,16.0004
2014-02-13,107147,Tata Fixed Income Portfolio Fund Scheme B3 Regular Plan - Growth,13.3785
2014-02-13,107148,Tata Fixed Income Portfolio Fund Scheme B3 Regular Plan - Monthly Dividend,10.0301
2014-02-13,107149,Tata Fixed Income Portfolio Fund Scheme B3 Regular Plan - Quarterly Dividend,10.0959
2014-02-13,107150,Tata Fixed Income Portfolio Fund - Scheme B3 - Regular Plan - Growth,16.9851
2014-02-13,107151,Tata Fixed Income Portfolio Fund - Scheme B3 - Regular Plan - Monthly Dividend,10.0345
2014-02-13,107152,Tata Fixed Income Portfolio Fund - Scheme B3 - Regular Plan - Quarterly Dividend,10.2991
2014-02-13,107159,Tata Fixed Income Portfolio Fund Scheme C2 Regular Plan - Growth,10.4748
2014-02-13,107160,Tata Fixed Income Portfolio Fund Scheme C2 Regular Plan - Monthly Dividend,10.0251
2014-02-13,107161,Tata Fixed Income Portfolio Fund Scheme C2 Regular Plan - Half Yearly Dividend,10.259
2014-02-13,107162,Tata Fixed Income Portfolio Fund - Scheme C2 - Regular Plan - Growth,15.247
2014-02-13,107163,Tata Fixed Income Portfolio Fund - Scheme C2 - Regular Plan - Monthly Dividend,10.1095
2014-02-13,107164,Tata Fixed Income Portfolio Fund - Scheme C2 - Regular Plan - Half Yearly Dividend,10.3236
2014-02-13,107165,Tata Fixed Income Portfolio Fund Scheme C3 Regular Plan - Growth,10.1694
2014-02-13,107166,Tata Fixed Income Portfolio Fund Scheme C3 Regular Plan  - Monthly Dividend,10.0337
2014-02-13,107167,Tata Fixed Income Portfolio Fund Scheme C3 Regular Plan  - Half Yearly  Dividend,10.1751
2014-02-13,107168,Tata Fixed Income Portfolio Fund - Scheme C3 - Regular Plan - Growth,16.6409
2014-02-13,107169,Tata Fixed Income Portfolio Fund - Scheme C3 - Regular Plan - Monthly Dividend,10.2575
2014-02-13,107170,Tata Fixed Income Portfolio Fund - Scheme C3 - Regular Plan - Half Yearly Dividend,10.4228
2014-02-13,107193,UTI Fixed Income Interval Fund - Monthly Interval Plan II-Regular Plan - Growth Option,16.3499
2014-02-13,107195,UTI FIIF Monthly Interval Plan II - Regular Plan - Monthly IDCW,10.0124
2014-02-13,107211,Kotak Quarterly Interval Plan Series 4 - Dividend,10.1507
2014-02-13,107212,Kotak Quarterly Interval Plan Series 4 - Growth,16.3028
2014-02-13,107226,UTI FIIF Half Yearly Plan II - Regular Plan - IDCW,10.1556
2014-02-13,107228,UTI Fixed Income Interval Fund ( Half Yearly Plan-II)- Regular Plan - Growth Option,16.2233
2014-02-13,107233,Sahara Classic Fund- Growth Option,17.3
2014-02-13,107234,Sahara Classic Fund- Dividend Option,17.3
2014-02-13,107247,Franklin India Ultra Short Bond Fund - Retail - Growth,16.1973
2014-02-13,107248,Franklin India Ultra Short Bond Fund - Institutional - Growth,16.3983
2014-02-13,107249,Franklin India Ultra Short Bond Fund - Super Institutional - Growth,16.635
2014-02-13,107250,Franklin India Ultra Short Bond Fund - Super Institutional Plan - Daily - IDCW,10.0373
2014-02-13,107251,Franklin India Ultra Short Bond Fund - Institutional Plan - Daily - IDCW,10.0098
2014-02-13,107252,Franklin India Ultra Short Bond Fund - Retail Plan - Daily - IDCW,10.0134
2014-02-13,107287,JM ELSS Tax Saver Fund (Regular) - IDCW,6.8378
2014-02-13,107288,JM ELSS Tax Saver Fund (Regular) - Growth option,6.8378
2014-02-13,107301,JPMorgan India Mid and Small Cap Fund - Regular Plan - Growth Option,9.3
2014-02-13,107302,JPMorgan India Mid and Small Cap Fund - Regular Plan - Dividend Option,9.3
2014-02-13,107307,Aditya Birla Sun Life Quarterly Interval Fund - Series 4 GROWTH,16.4067
2014-02-13,107308,Aditya Birla Sun Life Quarterly Interval Fund - Series 4 DIVIDEND,10.1107
2014-02-13,107309,ICICI Prudential Interval Fund II - Quarterly Interval Plan F - Retail Dividend,10.1237
2014-02-13,107310,ICICI Prudential Interval Fund II - Quarterly Interval Plan F - Retail Growth,15.7516
2014-02-13,107328,Principal Ultra Short Term Fund-Growth Option,1426.7371
2014-02-13,107329,Principal Ultra Short Term Fund-Daily Income Distribution CUM Capital Withdrawal Option,1005.43
2014-02-13,107330,Principal Ultra Short Term Fund-Monthly Income Distribution CUM Capital Withdrawal Option,1063.943
2014-02-13,107332,Principal Ultra Short Term Fund-Weekly Income Distribution CUM Capital Withdrawal Option,1012.3237
2014-02-13,107339,ING Global Real Estate Fund - Retail Plan - Dividend Option,15.67
2014-02-13,107341,ING Global Real Estate Fund - Retail Plan Growth Option,15.66
2014-02-13,107350,Sundaram Energy Opportunities Fund Dividend,6.226
2014-02-13,107351,Sundaram Energy Opportunities Fund Growth,6.2267
2014-02-13,107352,Invesco India Multicap Fund - Regular Plan - IDCW (Payout / Reinvestment),18.73
2014-02-13,107353,Invesco India Multicap Fund - Regular Plan - Growth Option,18.74
2014-02-13,107354,DSP BlackRock Technology.com   Fund - Regular Plan - Dividend,29.904
2014-02-13,107380,DWS CASH OPPORTUNITIES FUND INSTITUTIONAL -GR,16.2225
2014-02-13,107382,DWS CASH OPPORTUNITIES FUND INSTITUTIONAL - MONTHLY DIV,10.7814
2014-02-13,107405,PineBridge Infrastructure & Economic Reform Fund - Standard Plan-Growth,7.762
2014-02-13,107406,PineBridge Infrastructure & Economic Reform Fund - Institutional Plan-Growth,8.134
2014-02-13,107408,PineBridge Infrastructure & Economic Reform Fund - Standard Plan-Dividend,7.762
2014-02-13,107409,JM Focused Fund (Regular) - IDCW,3.5282
2014-02-13,107410,JM Focused Fund (Regular) - Growth Option,3.5283
2014-02-13,107471,Invesco India Gilt Fund - Regular Plan - Monthly IDCW (Reinvestment),1029.5275
2014-02-13,107472,Invesco India Gilt Fund - Regular Plan - Quarterly IDCW (Payout / Reinvestment),968.5391
2014-02-13,107476,Invesco India Gilt Fund - Regular Plan - Annual IDCW (Payout / Reinvestment),1154.2122
2014-02-13,107477,Invesco India Gilt Fund - Regular Plan - Growth,1273.4133
2014-02-13,107479,Religare Invesco GILT Fund - Short Duration Plan - Weekly Dividend,1050.7941
2014-02-13,107480,Religare Invesco GILT Fund - Short Duration Plan - Monthly Dividend,1133.1757
2014-02-13,107481,Religare Invesco GILT Fund - Short Duration Plan - Growth,1406.9972
2014-02-13,107485,Kotak Quarterly Interval Plan Series 5-Growth,15.8165
2014-02-13,107486,Kotak Quarterly Interval Plan Series 5-Dividend,10.0571
2014-02-13,107504,Aditya Birla Sun Life Special Situations Fund - Growth,9.7122
2014-02-13,107505,Aditya Birla Sun Life Special Situations Fund - Dividend,9.7122
2014-02-13,107524,HDFC Infrastructure Fund - Growth Plan,8.592
2014-02-13,107525,HDFC Infrastructure Fund - IDCW Plan,8.592
2014-02-13,107578,Mirae Asset Large Cap Fund - Growth Plan,19.774
2014-02-13,107579,Mirae Asset Large Cap Fund Regular IDCW,11.988
2014-02-13,107623,Tata Growing Economies Infrastructure Fund Scheme A  Plan A - Growth,13.9455
2014-02-13,107624,Tata Growing Economies Infrastructure Fund Scheme A Plan A - Dividend,13.9432
2014-02-13,107625,Tata Growing Economies Infrastructure Fund Scheme B Plan A - Growth,10.2779
2014-02-13,107626,Tata Growing Economies Infrastructure Fund Scheme B Plan A - Dividend,10.2769
2014-02-13,107631,Kotak Quarterly Interval Plan Series 6 - Dividend,10.018
2014-02-13,107632,Kotak Quarterly Interval Plan Series 6 - Growth,16.1208
2014-02-13,107693,Quantum Gold Fund,1338.1879
2014-02-13,107695,Mirae Asset Savings Fund-Regular Plan- Growth,1349.5733
2014-02-13,107696,Mirae Asset Savings Fund-Regular Plan- Weekly Dividend,1286.324
2014-02-13,107697,Mirae Asset Savings Fund-Regular Plan- Monthly Dividend,1289.481
2014-02-13,107698,Mirae Asset Savings Fund-Regular Plan- Daily Dividend,1286.374
2014-02-13,107700,Mirae Asset Low Duration Fund - Regular Plan - Daily IDCW,1009.306
2014-02-13,107701,Mirae Asset Low Duration Fund - Regular Plan - Weekly IDCW,1091.2775
2014-02-13,107702,Mirae Asset Low Duration Fund - Regular Plan - Quarterly IDCW,1028.3175
2014-02-13,107704,Mirae Asset Low Duration Fund - Regular Plan - Monthly IDCW,1073.7614
2014-02-13,107705,Mirae Asset Low Duration Fund - Regular Plan - Growth,1138.343
2014-02-13,107714,Invesco India AGILE Tax Fund - Dividend Option,8.73
2014-02-13,107715,PineBridge India Short Term Fund-Retail Plan-Growth Option,1540.2045
2014-02-13,107717,PineBridge India Short Term Fund-Retail Plan-Weekly Dividend Option,1002.6963
2014-02-13,107718,PineBridge India Short Term Fund- Standard Plan-Growth Option,1498.7891
2014-02-13,107719,PineBridge India Short Term Fund- Standard Plan-Bonus Option,1090.1467
2014-02-13,107720,PineBridge India Short Term Fund- Standard Plan-Monthly Dividend Option,1008.9882
2014-02-13,107721,PineBridge India Short Term Fund-Retail Plan-Monthly Dividend Option,1002.262
2014-02-13,107722,PineBridge India Short Term Fund- Standard Plan-Weekly Dividend Option,1007.8886
2014-02-13,107745,Aditya Birla Sun Life ELSS Tax Saver Fund - Growth Option,12.23
2014-02-13,107763,LIC MF Infrastructure Fund-Regular Plan-Growth,7.421
2014-02-13,107764,LIC MF Infrastructure Fund-Regular Plan-IDCW,7.421
2014-02-13,107773,Invesco India AGILE Tax Fund - Growth Option,8.72
2014-02-13,107820,DWS Ultra Short Term Fund - Regular Plan - Growth,20.475
2014-02-13,107821,DWS Ultra Short Term Fund - Regular Plan - Daily Dividend,10.0215
2014-02-13,107822,DWS Ultra Short Term Fund - Regular Plan - Weekly Dividend,10.5124
2014-02-13,107823,DWS Ultra Short Term Fund - Regular Plan - Monthly Dividend,10.6902
2014-02-13,107900,Reliance Equity Linked Saving Fund - Series I - Dividend Plan,16.19
2014-02-13,107901,Reliance Equity Linked Saving Fund - Series I - Growth Plan,16.19
2014-02-13,107988,HSBC Global Emerging Markets Fund - Growth,10.8026
2014-02-13,107989,HSBC Global Emerging Markets Fund - IDCW,10.8026
2014-02-13,108144,SBI TAX ADVANTAGE FUND - SERIES I - DIVIDEND,12.9666
2014-02-13,108145,SBI TAX ADVANTAGE FUND - SERIES I - GROWTH,12.9693
2014-02-13,108166,Aditya Birla Sun Life Value Fund - Regular - IDCW,15.2277
2014-02-13,108167,Aditya Birla Sun Life Value Fund - Growth Option,18.8227
2014-02-13,108168,PineBridge World Gold Fund - Standard Plan - Dividend Option,8.685
2014-02-13,108169,PineBridge World Gold Fund - Standard Plan - Growth Option,10.477
2014-02-13,108195,DWS CASH OPPORTUNITIES FUND - DAILY DIV,10.0271
2014-02-13,108196,Morgan Stanley A.C.E. Fund- Regular Dividend Plan,15.242
2014-02-13,108197,Morgan Stanley A.C.E. Fund- Regular Growth Plan,16.191
2014-02-13,108202,DSP Natural Resources And New Energy Fund - Regular - Growth,11.841
2014-02-13,108203,DSP Natural Resources And New Energy Fund - Regular Plan - IDCW,9.678
2014-02-13,108231,UTI-Long Term Advantage Fund Series -II - Growth Option,15.2349
2014-02-13,108232,UTI-Long Term Advantage Fund Series-II - Dividend Option,15.2349
2014-02-13,108243,DWS CASH OPPORTUNITIES FUND INSTITUTIONAL -Weekly,10.0818
2014-02-13,108244,DWS CASH OPPORTUNITIES FUND INSTITUTIONAL-Daily,10.0443
2014-02-13,108249,Nippon India Quant Fund -Growth Plan - Growth Option,14.3783
2014-02-13,108252,NIPPON INDIA QUANT FUND - IDCW Option,10.735
2014-02-13,108254,HSBC Income Fund Short Term Instl Plus Weekly IDCW,10.01
2014-02-13,108258,Nippon India Quant Fund -Growth Plan -Bonus Option,14.3783
2014-02-13,108272,Aditya Birla Sun Life Banking & PSU Debt Fund  - REGULAR - IDCW,103.7501
2014-02-13,108273,Aditya Birla Sun Life Banking & PSU Debt Fund - Regular Plan-Growth,152.1549
2014-02-13,108274,Aditya Birla Sun Life Banking & PSU Debt Fund  - REGULAR - Quarterly IDCW,101.7388
2014-02-13,108305,Sundaram Select Focus Institutional Plan - Growth,91.1384
2014-02-13,108320,Sahara Power & Natural Resources Fund - Dividend Option,8.8789
2014-02-13,108321,Sahara Power & Natural resources Fund- Growth Option,10.4083
2014-02-13,108363,HSBC Income Fund - Short Term - Inst. Plus - Growth,12.0623
2014-02-13,108372,Kotak Flexi Debt - Regular Plan- Weekly Dividend,10.0332
2014-02-13,108377,Invesco India Financial Services Fund - Regular Plan -  IDCW (Payout / Reinvestment),13.04
2014-02-13,108378,Invesco India Financial Services Fund - Regular Plan - Growth,19.56
2014-02-13,108402,Taurus ELSS Tax Saver Fund - Regular Plan - Payout of Income Distribution cum Capital Withdrawal option,17.01
2014-02-13,108403,Taurus Large Cap Fund - Regular Plan - Payout of Income Distribution cum Capital Withdrawal option,40.55
2014-02-13,108408,LIC MF Interval Fund Quarterly Plan-Series 1-Regular Plan-Dividend,10.0196
2014-02-13,108410,R * Shares Banking ETF -Dividend Payout Option,1079.4389
2014-02-13,108411,LIC MF Interval Fund Quarterly Plan-Series 1-Regular Plan-Growth,15.9752
2014-02-13,108416,LIC MF Interval Fund Monthly Plan-Series 1-Regular Plan-Dividend,10.0645
2014-02-13,108417,LIC MF Interval Fund Monthly Plan-Series 1-Regular Plan-Growth,15.8853
2014-02-13,108438,LIC MF Interval Fund Annual Plan-Series 1-Regular Plan-Dividend,10.7212
2014-02-13,108439,LIC MF Interval Fund Annual Plan-Series 1-Regular Plan-Growth,15.4986
2014-02-13,108465,ICICI Prudential Large Cap Fund (erstwhile Bluechip Fund)  - IDCW,16.2
2014-02-13,108466,ICICI Prudential Large Cap Fund (erstwhile Bluechip Fund)  - Growth,19.53
2014-02-13,108467,ICICI Prudential Bluechip Fund - Institutional Option - I - Growth,20.52
2014-02-13,108479,Quantum Nifty 50 ETF,624.1158
2014-02-13,108500,Kotak Dynamic Bond Fund Regular Plan Daily Dividend,10.0465
2014-02-13,108511,Kotak Dynamic Bond Fund Regular Plan Growth,15.5823
2014-02-13,108512,Kotak Dynamic Bond Fund Regular Plan Weekly Dividend,10.3515
2014-02-13,108544,Bandhan Income Plus Arbitrage Active FOF - Regular Plan - Quarterly IDCW,12.0589
2014-02-13,108545,Bandhan Income Plus Arbitrage Active FOF - Regular Plan - Growth,19.3084
2014-02-13,108546,Bandhan Income Plus Arbitrage Active FOF - Regular Plan - Half Yearly IDCW,11.7038
2014-02-13,108547,Bandhan Income Plus Arbitrage Active FOF - Regular Plan - Annual IDCW,15.2412
2014-02-13,108554,BANDHAN Dynamic Bond Fund - Quarterly Dividend,11.7118
2014-02-13,108557,Bandhan Gilt Fund - Regular Plan - Quarterly IDCW,10.1938
2014-02-13,108559,Bandhan Gilt Fund - Regular Plan - Annual IDCW,10.4158
2014-02-13,108561,BANDHAN Dynamic Bond Fund - Regular Plan B - Quarterly IDCW,10.1264
2014-02-13,108592,Bandhan Focused Fund - Regular Plan - Growth,19.6641
2014-02-13,108593,Bandhan Focused Fund - Regular Plan - IDCW,10.54
2014-02-13,108594,BANDHAN Flexi Cap Fund - Regular Plan - Growth,41.5614
2014-02-13,108595,BANDHAN Flexi Cap Fund - Regular Plan - IDCW,24.5346
2014-02-13,108596,Bandhan Large & Mid Cap Fund - Regular Plan - Growth,22.1582
2014-02-13,108597,Bandhan Large & Mid Cap Fund - Regular Plan - IDCW,10.7589
2014-02-13,108607,BANDHAN Liquid Fund - Plan A-Dividend (Weekly),1002.3426
2014-02-13,108625,IDFC - SSIF - ST -Plan B - Growth,14.2165
2014-02-13,108629,BANDHAN Liquid Fund - Plan B - Dividend-Weekly,1001.5646
2014-02-13,108632,BANDHAN Low Duration Fund - Regular Plan - Growth,17.6376
2014-02-13,108633,BANDHAN Low Duration Fund - Regular Plan - Daily IDCW,10.0125
2014-02-13,108634,BANDHAN Low Duration Fund - Regular Plan - Weekly IDCW,10.0337
2014-02-13,108635,BANDHAN Low Duration Fund - Regular Plan - Monthly IDCW,10.1383
2014-02-13,108643,BANDHAN GSF - Investment Plan - Quarterly Dividend,12.0126
2014-02-13,108644,Bandhan Gilt Fund with 10 year constant duration Fund - Regular Plan - Monthly IDCW,10.102
2014-02-13,108645,BANDHAN GSF - Investment Plan - Annual Dividend,15.7056
2014-02-13,108646,Bandhan Gilt Fund with 10 year constant duration Fund - Regular Plan - Quarterly IDCW,10.4269
2014-02-13,108650,BANDHAN Money Market Fund - Regular Plan - Daily IDCW,10.0699
2014-02-13,108659,IDFC GSF-Provident Fund-Inst Plan B-Growth,20.6254
2014-02-13,108660,IDFC GSF-Provident Fund-Inst Plan B-Quarterly Dividend,11.0555
2014-02-13,108661,IDFC GSF-Provident Fund-Regular Plan-Growth,20.1633
2014-02-13,108662,IDFC GSF-Provident Fund-Regular Plan-Quarterly Dividend,11.7412
2014-02-13,108663,IDFC GSF-Provident Fund-Regular Plan-Annual Dividend,11.2334
2014-02-13,108675,BANDHAN Dynamic Bond Fund - Regular Plan B - Annual IDCW,10.3058
2014-02-13,108676,IDFC-Money Manager Fund-Treasury Plan-Plan B - Growth,20.1243
2014-02-13,108677,IDFC-Money Manager Fund-Treasury Plan-Plan B-Daily Div,10.0703
2014-02-13,108678,IDFC-Money Manager Fund-Treasury Plan-Plan B-Weekly Div,10.1726
2014-02-13,108679,IDFC-Money Manager Fund-Treasury Plan-Plan B-Mon Div,10.7071
2014-02-13,108690,BANDHAN LIQUID Fund - Regular Plan - Growth,1540.7402
2014-02-13,108691,BANDHAN LIQUID Fund - Regular Plan - Weekly IDCW,1001.6178
2014-02-13,108692,BANDHAN LIQUID Fund - Regular Plan - Daily IDCW,1000.25
2014-02-13,108693,BANDHAN LIQUID Fund - Regular Plan - Monthly IDCW,1003.8892
2014-02-13,108697,Bandhan Money Market Fund - Growth,14.9517
2014-02-13,108698,Bandhan Money Market Fund - Daily Dividend,10.0177
2014-02-13,108701,Bandhan Money Market Fund - Regular Plan - Weekly IDCW,10.049
2014-02-13,108713,Bandhan Short Duration Fund - Regular Plan - Fortnightly IDCW,10.2216
2014-02-13,108714,Bandhan Short Duration Fund - Plan C  - Fortnightly Dividend,11.0729
2014-02-13,108715,Bandhan Short Duration Fund - Plan D- Fortnightly Dividend,11.5292
2014-02-13,108716,Bandhan Short Duration Fund - Plan B - Fortnightly Dividend,10.9794
2014-02-13,108717,Bandhan Short Duration Fund - Plan C  - Growth,14.3825
2014-02-13,108718,Bandhan Short Duration Fund - Plan C  - Monthly Dividend,11.3368
2014-02-13,108719,Bandhan Short Duration Fund - Plan D - Growth,16.8038
2014-02-13,108720,Bandhan Short Duration Fund - Plan D - Monthly Dividend,13.4283
2014-02-13,108727,Bandhan Medium Duration Fund - Regular Plan - Monthly IDCW,10.1595
2014-02-13,108728,Bandhan Medium Duration Fund - Regular Plan - Growth,20.9333
2014-02-13,108729,Bandhan Medium Duration Fund - Regular Plan - Fortnightly IDCW,10.1338
2014-02-13,108730,Bandhan Medium Duration Fund - Regular Plan - Bi-Monthly IDCW,10.7786
2014-02-13,108731,Bandhan Medium Duration Fund - Regular Plan - Daily IDCW,9.9839
2014-02-13,108732,IDFC-Money Manager Fund-Investment Plan-Growth,19.0433
2014-02-13,108733,IDFC-Money Manager Fund-Investment Plan-Qtrly Div.,10.8422
2014-02-13,108734,IDFC-Money Manager Fund-Investment Plan-Annual Div.,14.986
2014-02-13,108735,IDFC-Money Manager Fund-Investment Plan-Plan A-Monthly Div.,10.0788
2014-02-13,108736,IDFC Money Manager Fund-Investment Plan-Regular Plan-Growth,19.5753
2014-02-13,108737,IDFC Money Manager Fund-Investment Plan-Regular Plan-Qtrly Div.,10.3309
2014-02-13,108739,IDFC Money Manager Fund-Investment Plan-Regular Plan-Monthly Div.,10.1764
2014-02-13,108740,IDFC Money Manager Fund-Investment Plan-Regular Plan-Weekly Div.,10.2346
2014-02-13,108741,IDFC-Money Manager Fund-Investment Plan-Plan A-Daily Div.,10.0404
2014-02-13,108742,IDFC Money Manager Fund-Investment Plan-Regular Plan-Daily Div.,10.0632
2014-02-13,108752,BANDHAN GSF - Investment Plan - Growth,23.7495
2014-02-13,108753,Bandhan Gilt Fund with 10 year constant duration Fund - Regular Plan - Growth,17.5157
2014-02-13,108754,BANDHAN GSF - Investment Plan - Half Yearly Dividend,11.4772
2014-02-13,108756,BANDHAN Money Market Fund - Regular Plan - Growth,19.9025
2014-02-13,108757,BANDHAN Money Market Fund - Regular Plan - Monthly IDCW,10.208
2014-02-13,108759,IDFC - SSIF - ST -Plan B - Monthly Dividend,10.231
2014-02-13,108763,Bandhan Medium to Long Duration Fund - Regular Plan - Half-yearly IDCW,11.3333
2014-02-13,108764,Bandhan Medium to Long Duration Fund - Regular Plan - Quarterly IDCW,11.1311
2014-02-13,108765,Bandhan Medium to Long Duration Fund - Regular Plan - Growth,29.0501
2014-02-13,108766,Bandhan Medium to Long Duration Fund - Regular Plan - Annual IDCW,15.1232
2014-02-13,108767,Bandhan Short Duration Fund - Regular Plan - Monthly IDCW,10.0899
2014-02-13,108768,Bandhan Short Duration Fund - Regular Plan - Growth,25.5534
2014-02-13,108778,BANDHAN Liquid Fund-Plan A-Growth,2214.7042
2014-02-13,108779,BANDHAN Liquid Fund-Plan A-Dividend (Daily),1058.19
2014-02-13,108781,BANDHAN Liquid Fund - Plan B (G) (Institutional Plan),2239.5644
2014-02-13,108784,BANDHAN Dynamic Bond Fund - Annual Dividend,15.549
2014-02-13,108786,IDFC Dynamic Bond Fund - Growth,24.1899
2014-02-13,108799,BANDHAN Large Cap Fund - Regular Plan - Growth,17.7827
2014-02-13,108800,BANDHAN Large Cap Fund - Regular Plan - IDCW,12.3169
2014-02-13,108844,BANDHAN Arbitrage Fund - Plan B - Dividend,13.6153
2014-02-13,108845,BANDHAN Arbitrage Fund - Regular Plan - Growth,16.7242
2014-02-13,108846,BANDHAN Arbitrage Fund - Plan B - Growth,17.263
2014-02-13,108847,BANDHAN Arbitrage Fund - Regular Plan - Monthly IDCW,12.6315
2014-02-13,108864,IDFC Tax Saver (ELSS) Fund A DIVIDEND,17.1749
2014-02-13,108865,IDFC Tax Saver (ELSS) Fund A GROWTH,17.1778
2014-02-13,108908,Bandhan Value Fund - Regular Plan - IDCW,12.7309
2014-02-13,108909,Bandhan Value Fund - Regular Plan - Growth,20.9849
2014-02-13,108992,BANDHAN Equity Savings Fund - Regular Plan - Monthly IDCW,12.0936
2014-02-13,108993,BANDHAN Equity Savings Fund -B-DIVIDEND,12.2819
2014-02-13,108994,BANDHAN Equity Savings Fund -B-GROWTH,14.9666
2014-02-13,108995,BANDHAN Equity Savings Fund - Regular Plan - Growth,14.8194
2014-02-13,109010,Kotak BSE Sensex ETF,205.0756
2014-02-13,109058,Sundaram Financial Services Opportunities Fund Regular Plan - Income Distribution cum Capital Withdrawal (IDCW),10.5928
2014-02-13,109059,Sundaram Financial Services Opportunities Fund Regular Plan - Growth,16.5248
2014-02-13,109060,Sundaram Financial Services Opportunities Fund Institutional Plan - Income Distribution cum Capital Withdrawal (IDCW),10.8178
2014-02-13,109061,Sundaram Financial Services Opportunities Fund Institutional Plan - Growth,17.082
2014-02-13,109108,Aditya Birla Sun Life Savings Fund-Retail - Daily IDCW,100.2963
2014-02-13,109129,Sundaram Entertainment Opportunities Fund - Regular Growth,13.5875
2014-02-13,109130,Sundaram Entertainment Opportunities Fund - Inst  Growth,13.8943
2014-02-13,109131,Sundaram Entertainment Opportunities Fund - Regular Dividend,10.7284
2014-02-13,109137,Mirae Asset Global Commodity Stocks - Dividend Option,11.688
2014-02-13,109138,Mirae Asset Global Commodity Stocks - Growth Option,11.688
2014-02-13,109175,JPMorgan India Active Bond Fund - Retail Plan - Growth Option,13.2324
2014-02-13,109176,JPMorgan India Active Bond Fund - Institutional Plan - Growth Option,10.9337
2014-02-13,109177,JPMorgan India Liquid Fund - Retail Plan - Weekly Dividend Option,10.0242
2014-02-13,109179,JPMorgan India Liquid Fund - Retail Plan - Monthly Dividend Option,10.0633
2014-02-13,109180,JPMorgan India Treasury Fund - Retail Plan - Weekly Dividend Option,10.0725
2014-02-13,109182,JPMorgan India Treasury Fund - Retail Plan - Monthly Dividend Option,10.0576
2014-02-13,109183,JPMorgan India Active Bond Fund - Institutional Plan - Dividend Option,10.9147
2014-02-13,109184,JPMorgan India Active Bond Fund - Retail Plan - Dividend Option,12.4457
2014-02-13,109213,Aditya Birla Sun Life Short Term Fund-Institutional Growth Plan,14.8666
2014-02-13,109247,IDFC-Money Manager Fund-Investment Plan A-Weekly Div.,10.0625
2014-02-13,109254,BANK OF INDIA Liquid Fund- Regular Plan- Growth,1459.5769
2014-02-13,109255,BANK OF INDIA Liquid Fund- Regular Plan- Weekly IDCW,1002.0341
2014-02-13,109264,BANK OF INDIA Ultra Short Duration Fund- Regular Plan- Weekly IDCW,1001.5904
2014-02-13,109268,BANK OF INDIA Ultra Short Duration Fund- Institutional Plan- Daily Dividend,1000.5647
2014-02-13,109269,BANK OF INDIA Ultra Short Duration Fund- Regular Plan- Growth,1485.7992
2014-02-13,109274,quant Focused Fund - IDCW Option - Regular Plan,11.8542
2014-02-13,109275,quant Focused Fund - Growth Option - Regular Plan,11.9735
2014-02-13,109300,DWS Ultra Short Term Fund - Weekly Dividend,10.0892
2014-02-13,109301,DWS Ultra Short Term Fund - Daily Dividend,10.0179
2014-02-13,109302,DWS Ultra Short Term Fund - Growth,15.1212
2014-02-13,109303,DWS Ultra Short Term Fund - Monthly Dividend,10.4749
2014-02-13,109347,Canara Robeco Liquid Fund-Retail-Monthly Div Reinvest,1008.5722
2014-02-13,109349,CANARA ROBECO LIQUID FUND - REGULAR PLAN - DAILY IDCW (Reinvestment),1005.5
2014-02-13,109350,CANARA ROBECO LIQUID FUND - REGULAR PLAN - WEEKLY IDCW (Payout/Reinvestment),1000.2431
2014-02-13,109351,CANARA ROBECO LIQUID FUND - REGULAR PLAN - MONTHLY IDCW (Payout/Reinvestment),1003.6188
2014-02-13,109353,CANARA ROBECO LIQUID FUND - REGULAR PLAN - GROWTH OPTION,1541.6877
2014-02-13,109356,Canara Robeco Liquid Fund-Retail-Weekly Div Reinvest,1005.7074
2014-02-13,109359,Canara Robeco Ultra Short Term Fund - Retail Plan- Weekly Div Reinvest,1240.653
2014-02-13,109361,Canara Robeco Ultra Short Term Fund - Retail Plan- Monthly Div Reinvest,1243.8376
2014-02-13,109366,CANARA ROBECO ULTRA SHORT TERM FUND - REGULAR PLAN - WEEKLY IDCW (Payout/Reinvestment),1240.6887
2014-02-13,109370,CANARA ROBECO ULTRA SHORT TERM FUND - REGULAR PLAN - MONTHLY IDCW (Payout/Reinvestment),1003.8456
2014-02-13,109371,CANARA ROBECO ULTRA SHORT TERM FUND - REGULAR PLAN - GROWTH OPTION,1922.8576
2014-02-13,109372,CANARA ROBECO ULTRA SHORT TERM FUND - REGULAR PLAN - DAILY IDCW (Reinvestment),1240.6886
2014-02-13,109445,ICICI Prudential Banking and Financial Services Fund -  Growth,19.74
2014-02-13,109446,ICICI Prudential Banking and Financial Services Fund -  IDCW,17.54
2014-02-13,109464,UTI FIIF Sr-2 Quarterly Interval Plan IV - Regular Plan - IDCW,10.0325
2014-02-13,109465,UTI F I I F Series II -Quarterly Interval Plan - IV -Regular Plan - Growth Option,15.6881
2014-02-13,109466,UTI F I I F Series II -Quarterly Interval Plan - IV -Instn. Growth  Option,13.5913
2014-02-13,109472,NIPPON INDIA CORPORATE BOND FUND - DAILY IDCW Option,17.0953
2014-02-13,109473,NIPPON INDIA CORPORATE BOND FUND - WEEKLY IDCW Option,17.0975
2014-02-13,109493,SAHARA BANKING & FINANCIAL SERVICES FUND- GROWTH OPTION,26.58
2014-02-13,109494,SAHARA BANKING & FINANCIAL SERVICES FUND-DIVIDEND OPTION,9.4128
2014-02-13,109501,UTI Ultra Short Duration Fund - Regular Plan - Daily IDCW (Reinvestment),1076.8777
2014-02-13,109522,JM Flexicap Fund (Regular) - Growth option,12.6769
2014-02-13,109523,JM Flexicap Fund (Regular) - IDCW,11.7903
2014-02-13,109543,SUNDARAM INTERVAL FUND QUARTERLY SERIES PLAN  D REG DIVIDEND,10.082
2014-02-13,109544,SUNDARAM INTERVAL FUND QUARTERLY SERIES PLAN  D REG GROWTH,15.9453
2014-02-13,109574,Franklin India Ultra Short Bond Fund - Institutional - Weekly Dividend,10.2454
2014-02-13,109575,Franklin India Ultra Short Bond Fund - Retail Plan - Weekly - IDCW,10.0737
2014-02-13,109576,Franklin India Ultra Short Bond Fund - Super Institutional Plan - Weekly - IDCW,10.0862
2014-02-13,109617,UTI Quarterly Interval Fund - II - Regular Plan - Growth Option,15.4581
2014-02-13,109618,UTI Quarterly Interval Fund - II - Regular Plan - IDCW,10.013
2014-02-13,109619,UTI F I I F Series II -Quarterly Interval Plan - V - Instn Dividend Option,10.013
2014-02-13,109660,PineBridge Quarterly Interval Fund Series I- Standard Plan- Dividend Option,1008.7416
2014-02-13,109661,PineBridge Quarterly Interval Fund Series I- Standard Plan- Growth Option,1507.7914
2014-02-13,109679,ICICI Prudential Interval Fund Monthly Interval Plan I - Growth,10.463
2014-02-13,109680,ICICI Prudential Interval Fund Monthly Interval Plan I - Dividend,10.0672
2014-02-13,109695,ING Latin America Equity Fund - Dividend Option,9.6
2014-02-13,109696,ING Latin America Equity Fund - Growth Option,9.61
2014-02-13,109716,Nippon India Gilt  Fund -P F Option-Automatic Annual Reinvest Option,12.4736
2014-02-13,109717,Nippon India Gilt  Fund - Institutional Plan-Growth Plan -Growth Option,14.9504
2014-02-13,109718,Nippon India Gilt  Fund-Institutional Plan-P F Option-Automatic Capital Appreciation Payout Option,14.9504
2014-02-13,109720,Nippon India Gilt  Fund -Growth Plan - Growth Option,14.8802
2014-02-13,109721,Nippon India Gilt  Fund -P F Option-Defined Maturity Date Option,14.8802
2014-02-13,109723,NIPPON INDIA GILT  FUND - MONTHLY IDCW Option,9.7356
2014-02-13,109724,Nippon India Gilt  Fund-P F Option-Automatic Capital Appreciation Payout Option,14.8802
2014-02-13,109740,ICICI Prudential Bond Fund - Growth,16.5807
2014-02-13,109741,ICICI Prudential Bond Fund - IDCW Monthly,11.2928
2014-02-13,109742,ICICI Prudential Bond Fund- Institutional Growth,14.5031
2014-02-13,109743,ICICI Prudential Bond Fund - IDCW Quarterly,10.7065
2014-02-13,109744,ICICI Prudential Bond Fund- Institutional Monthly Dividend,10.5399
2014-02-13,109745,ICICI Prudential Bond Fund- Institutional Quarterly Dividend,11.1039
2014-02-13,109816,PineBridge Quarterly Interval Fund II- Standard Plan- Dividend Option,1007.5323
2014-02-13,109818,PineBridge Quarterly Interval Fund II- Standard Plan- Growth,1429.3913
2014-02-13,109830,quant Flexi Cap Fund - Growth Option - Regular Plan,9.6044
2014-02-13,109831,quant Flexi Cap Fund - IDCW Option - Regular Plan,6.8787
2014-02-13,109854,ICICI Prudential Interval Fund II Quarterly Interval Plan C - Growth,10.4311
2014-02-13,109855,ICICI Prudential Interval Fund II Quarterly Interval Plan C - Dividend,10.1582
2014-02-13,109916,LIC MF Interval Fund Quarterly Plan-Series 2-Regular Plan-Growth,15.7556
2014-02-13,109917,LIC MF Interval Fund Quarterly Plan-Series 2-Regular Plan-Dividend,10.2141
2014-02-13,109934,Edelweiss Liquid Fund - Retail Plan - Daily Dividend Option,1000.0
2014-02-13,109935,Edelweiss Liquid Fund - Daily Dividend Option,1000.0001
2014-02-13,109937,Edelweiss Liquid Fund - Retail Plan - Weekly Dividend Option,1001.0144
2014-02-13,109939,Edelweiss Liquid Fund - Retail Plan - Monthly Dividend Option,1002.3326
2014-02-13,109940,Edelweiss Liquid Fund - Retail Plan - Growth Option,1427.3389
2014-02-13,109942,Edelweiss Liquid Fund - Weekly Dividend Option,1001.1373
2014-02-13,109944,Edelweiss Liquid Fund - Monthly Dividend Option,1002.6699
2014-02-13,109946,Edelweiss Liquid Fund - Growth Option,1247.6975
2014-02-13,109949,Edelweiss Bond Fund - Retail Plan - Growth Option,1473.3804
2014-02-13,109950,Edelweiss Bond Fund - Daily Dividend Option,1000.4811
2014-02-13,109951,Edelweiss Bond Fund - Retail Plan - Weekly Dividend Option,1001.0643
2014-02-13,109952,Edelweiss Bond Fund - Weekly Dividend Option,1001.128
2014-02-13,109953,Edelweiss Bond Fund - Retail Plan - Fortnightly Dividend Option,1000.8647
2014-02-13,109954,Edelweiss Bond Fund - Monthly Dividend Option,1002.5526
2014-02-13,109955,Edelweiss Bond Fund  - Growth Option,1508.5412
2014-02-13,109956,Edelweiss Bond Fund - Retail Plan - Daily Dividend Option,1000.4811
2014-02-13,109957,Edelweiss Bond Fund - Fortnightly Dividend Option,1000.9047
2014-02-13,109958,Edelweiss Bond Fund - Retail Plan - Monthly Dividend Option,1003.1584
2014-02-13,109963,SUNDARAM FIXED INCOME INTERVAL FUND QTRLY PLAN E REG DIVIDEND,10.1944
2014-02-13,109964,SUNDARAM FIXED INCOME INTERVAL FUND QTRLY PLAN E REG  GROWTH,15.1546
2014-02-13,109981,Kotak Quarterly Interval Plan Series 7 - Growth,15.2605
2014-02-13,109982,Kotak Quarterly Interval Plan Series 7 - Dividend,10.1987
2014-02-13,110013,ICICI Prudential Interval Fund II Quarterly Interval Plan D - Growth,10.4225
2014-02-13,110014,ICICI Prudential Interval Fund II Quarterly Interval Plan D - Dividend,10.1331
2014-02-13,110021,UTI Quarterly Interval Fund - III -Regular Plan - IDCW,10.1768
2014-02-13,110023,UTI F I I F Series II -Quarterly Interval Plan - VI-Institutional Growth Option,14.0813
2014-02-13,110024,UTI Quarterly Interval Fund - III -Regular Plan - Growth Option,15.5864
2014-02-13,110045,ICICI Prudential Interval Fund V Monthly Interval Plan A - Growth,10.4437
2014-02-13,110046,ICICI Prudential Interval Fund V Monthly Interval Plan A - Dividend,10.0233
2014-02-13,110047,ICICI Prudential Interval Fund V - Monthly Interval Plan A - Retail Growth,15.0584
2014-02-13,110048,ICICI Prudential Interval Fund V - Monthly Interval Plan A - Retail Dividend,10.0233
2014-02-13,110071,DWS Ultra Short Term Fund - Bonus,11.3516
2014-02-13,110072,DWS Ultra Short Term Fund - Regular Plan - Bonus,12.3254
2014-02-13,110073,DWS Low Duration Fund - Regular Plan - Bonus,11.2225
2014-02-13,110074,DWS Low Duration Fund - Bonus,11.1121
2014-02-13,110105,ING Global Commodities Fund-Growth Option,13.713
2014-02-13,110106,ING Global Commodities Fund- Dividend Option,13.7038
2014-02-13,110149,JPMorgan India Liquid Fund - Super Institutional Plan - Daily Dividend Option,10.0279
2014-02-13,110150,JPMorgan India Liquid Fund - Super Institutional Plan - Growth Option,16.4305
2014-02-13,110151,JPMorgan India Liquid Fund - Super Institutional Plan - Monthly Dividend Option,10.073
2014-02-13,110152,JPMorgan India Liquid Fund - Super Institutional Plan - Fortnightly Dividend Option,10.2182
2014-02-13,110153,JPMorgan India Liquid Fund - Super Institutional Plan - Weekly Dividend Option,10.1849
2014-02-13,110154,JPMorgan India Treasury Fund - Super Institutional Plan - Fortnightly Dividend Option,10.0958
2014-02-13,110155,JPMorgan India Treasury Fund - Super Institutional Plan - Monthly Dividend Option,10.0351
2014-02-13,110156,JPMorgan India Treasury Fund - Super Institutional Plan - Growth Option,16.5736
2014-02-13,110157,JPMorgan India Treasury Fund - Super Institutional Plan - Daily Dividend Option,10.0089
2014-02-13,110158,JPMorgan India Treasury Fund - Super Institutional Plan - Weekly Dividend Option,10.0654
2014-02-13,110203,ICICI Prudential Interval Fund II Quarterly Interval - Dividend,10.114
2014-02-13,110204,ICICI Prudential Interval Fund II Quarterly Interval - Growth,15.2745
2014-02-13,110258,Kotak Quarterly Interval Plan Series 8 - Dividend,10.106
2014-02-13,110259,Kotak Quarterly Interval Plan Series 8 - Growth,14.9171
2014-02-13,110260,SAHARA INTERVAL FUND QUARTERLY PLAN-SERIES 1 GROWTH,15.0781
2014-02-13,110261,SAHARA INTERVAL FUND QUARTERLY PLAN-SERIES 1 DIVIDEND,15.078
2014-02-13,110282,Aditya Birla Sun Life Banking & PSU Debt Fund  - REGULAR - MONTHLY IDCW,100.2478
2014-02-13,110285,Edelweiss Short Term Income Fund - Growth Option,14.3044
2014-02-13,110286,Edelweiss Short Term Income Fund - Institutional Plan - Growth Option,13.7994
2014-02-13,110287,Edelweiss Short Term Income Fund - Dividend Option,11.6869
2014-02-13,110345,ICICI Prudential Interval Fund IV - Quarterly Interval Plan B - Retail Dividend,10.085
2014-02-13,110346,ICICI Prudential Interval Fund IV Quarterly Interval Plan B - Growth,13.8709
2014-02-13,110347,ICICI Prudential Interval Fund IV Quarterly Interval Plan B -Dividend,10.0845
2014-02-13,110348,ICICI Prudential Interval Fund IV - Quarterly Interval Plan B - Retail Growth,15.1435
2014-02-13,110383,ICICI Prudential Interval Fund II Quarterly Interval Plan F - Growth,13.7476
2014-02-13,110384,ICICI Prudential Interval Fund II Quarterly Interval Plan F - Dividend,10.0515
2014-02-13,110457,HSBC Gilt Fund - Dividend - Weekly,9.6023
2014-02-13,110468,UTI F I I F Series II -Quarterly Interval Plan - VII - Regular Plan - Growth Option,15.5943
2014-02-13,110469,UTI FIIF Sr-2 Quarterly Interval Plan VII - Regular Plan - IDCW,10.081
2014-02-13,110490,Aditya Birla Sun Life Banking & PSU Debt Fund  - retail - monthly IDCW,100.247
2014-02-13,110515,Aditya Birla Sun Life Government Seurities Fund - Short Term Plan - Daily Dividend - Regular Plan,10.0031
2014-02-13,110555,ICICI Prudential Interval Fund III Quarterly Interval - Growth,13.5547
2014-02-13,110556,ICICI Prudential Interval Fund III Quarterly Interval - Dividend,10.0159
2014-02-13,110569,Kotak Quarterly Interval Plan Series 9 - Dividend,10.0813
2014-02-13,110570,Kotak Quarterly Interval Plan Series 9 - Growth,14.8441
2014-02-13,110575,Kotak Treasury Advantage Fund -Daily Reinvestment of Income Distribution cum capital withdrawal option,10.0798
2014-02-13,110598,BANK OF INDIA Large & Mid Cap Fund Regular Plan- Quarterly IDCW,11.94
2014-02-13,110599,BANK OF INDIA Large & Mid Cap Fund Eco Plan- Growth,19.16
2014-02-13,110601,BANK OF INDIA Large & Mid Cap Fund Eco Plan-Bonus,19.16
2014-02-13,110603,BANK OF INDIA Large & Mid Cap Fund Regular Plan- Growth,18.8
2014-02-13,110604,BANK OF INDIA Large & Mid Cap Fund Eco Plan-Quarterly IDCW,11.55
2014-02-13,110606,BANK OF INDIA Large & Mid Cap Fund Regular Plan-Bonus,18.8
2014-02-13,110607,BANK OF INDIA Large & Mid Cap Fund Regular Plan- Regular IDCW,13.25
2014-02-13,110608,BANK OF INDIA Large & Mid Cap Fund Eco Plan-Regular IDCW,13.49
2014-02-13,110663,ICICI Prudential Interval Fund II Quarterly Interval Plan A - Growth,10.5153
2014-02-13,110664,ICICI Prudential Interval Fund II Quarterly Interval Plan A - Dividend,10.0037
2014-02-13,110673,Kotak Quarterly Interval Plan Series 10 - Dividend,10.0797
2014-02-13,110674,Kotak Quarterly Interval Plan Series 10 - Growth,14.6828
2014-02-13,110703,DWS Gilt Fund - Dividend,12.1124
2014-02-13,110706,DWS Gilt Fund - Growth,13.0711
2014-02-13,111316,ICICI Prudential Interval Fund II Quarterly Interval Plan B - Growth,10.9846
2014-02-13,111317,ICICI Prudential Interval Fund II Quarterly Interval Plan B - Dividend,10.1983
2014-02-13,111343,Bandhan Gilt Fund with 10 year constant duration Fund - Regular Plan - Weekly IDCW,10.9754
2014-02-13,111348,Aditya Birla Sun Life Commodity Equities Fund - Global Agri Plan -Regular - IDCW,18.0323
2014-02-13,111349,Aditya Birla Sun Life Commodity Equities Fund - Global Agri Plan - Growth - Regular Plan,19.2575
2014-02-13,111381,Principal Emerging Bluechip Fund - Growth Option,35.0
2014-02-13,111382,Principal Emerging Bluechip Fund - Half Yearly Income Distribution CUM Capital Withdrawal Option,26.67
2014-02-13,111405,ICICI Prudential Interval Fund Quarterly Interval Plan 1 - Growth,13.6331
2014-02-13,111406,ICICI Prudential Interval Fund Quarterly Interval Plan 1 -Dividend,10.1765
2014-02-13,111435,Taurus Ultra Short Term Bond Fund - Retail Growth Option #,1477.1967
2014-02-13,111437,Taurus Ultra Short Term Bond Fund - Retails Daily Dividend Option #,1001.9417
2014-02-13,111438,Taurus Ultra Short Term Bond  Fund - Retail Weekly Dividend Option  #,1003.0445
2014-02-13,111441,Taurus Ultra Short Term Bond Fund - Institutional Daily Div,1001.8759
2014-02-13,111443,Taurus Ultra Short Term Bond Fund - Regular Plan - SI Growth Option,1515.616
2014-02-13,111445,Taurus Ultra Short Term Bond Fund - Regular Plan - SI Daily Dividend Option,1001.8759
2014-02-13,111446,Taurus Ultra Short Term Bond Fund - Regular Plan - SI Weekly Dividend Option,1003.7047
2014-02-13,111467,UTI Fixed Interval Income Fund (Annual Interval Plan) Series IV - Instn Growth Option,13.1356
2014-02-13,111521,Aditya Birla Sun Life Dynamic Bond Fund -REGULAR - MONTHLY IDCW,10.2206
2014-02-13,111523,BANDHAN Dynamic Bond Fund - Regular Plan B - IDCW,10.4861
2014-02-13,111524,BANDHAN Dynamic Bond Fund - Regular Plan B - Growth,14.3848
2014-02-13,111525,Bandhan Gilt Fund - Regular Plan - Growth,14.0467
2014-02-13,111527,Bandhan Gilt Fund - Regular Plan - IDCW,10.1555
2014-02-13,111532,IDFC-SSIF-Investment Plan B DIVIDEND,10.5075
2014-02-13,111543,ICICI Prudential Floating Interest Fund Plan B - Weekly Dividend Option,100.196
2014-02-13,111544,ICICI Prudential Floating Interest Fund Plan A - Weekly Dividend Option,100.1959
2014-02-13,111545,ICICI Prudential Floating Interest Fund - Weekly IDCW,100.2016
2014-02-13,111546,ICICI Prudential Savings Fund Plan C - Weekly Dividend Option,100.1961
2014-02-13,111549,Quantum ELSS Tax Saver Fund - Direct Plan Growth Option,26.04
2014-02-13,111550,Quantum ELSS Tax Saver Fund - Direct Plan IDCW,26.04
2014-02-13,111554,DWS Premier Bond Fund - Institutional Plan - Growth,11.3356
2014-02-13,111556,DWS Short Maturity Fund - Institutional Plan - Growth,14.978
2014-02-13,111558,DWS Short Maturity Fund - Institutional Plan - Weekly Dividend,10.0
2014-02-13,111569,BANDHAN ELSS Tax Saver Fund - Regular Plan - Growth,24.0022
2014-02-13,111570,BANDHAN ELSS Tax Saver Fund - Regular Plan - IDCW,12.0405
2014-02-13,111585,BANK OF INDIA Short Term Income Fund-Regular Plan- Growth,13.5234
2014-02-13,111586,BANK OF INDIA Short Term Income Fund-Institutional Plan- Growth,13.8534
2014-02-13,111589,BANK OF INDIA Short Term Income Fund-Regular Plan- Monthly IDCW,10.1228
2014-02-13,111590,BANK OF INDIA Short Term Income Fund-Regular Plan- Quarterly IDCW,10.1289
2014-02-13,111599,UTI Multi Asset Allocation Fund - Regular Plan - Growth Option,21.9812
2014-02-13,111602,UTI Multi Asset Allocation Fund - Regular Plan - IDCW,15.613
2014-02-13,111638,Edelweiss ELSS Tax Saver Fund - Regular Plan - Growth Option,22.88
2014-02-13,111639,Edelweiss ELSS Tax Saver Fund - Regular Plan - IDCW Option,12.34
2014-02-13,111640,Taurus Flexi Cap Fund - Regular Plan - Payout of Income Distribution cum Capital Withdrawal option,42.36
2014-02-13,111642,Taurus Mid Cap Fund - Regular Plan - Payout of Income Distribution cum Capital Withdrawal option,16.27
2014-02-13,111644,Mirae Asset Liquid Fund - Regular Plan - Weekly IDCW,1137.2138
2014-02-13,111645,Mirae Asset Liquid Fund - Regular Plan - Monthly IDCW,1141.6394
2014-02-13,111646,Mirae Asset Liquid Fund - Regular Plan - Growth,1345.9725
2014-02-13,111647,Mirae Asset Liquid Fund - Regular - Daily IDCW,1052.0148
2014-02-13,111675,LIC MF Low Duration Fund-Regular Plan-Weekly IDCW,10.0532
2014-02-13,111676,LIC MF Low Duration Fund-Regular Plan-Daily IDCW,10.05
2014-02-13,111677,JPMorgan India Tax Advantage Fund - Regular Plan - Growth Option,19.462
2014-02-13,111678,JPMorgan India Tax Advantage Fund - Regular Plan - Dividend Option,14.943
2014-02-13,111679,Morgan Stanley Growth Fund- Regular Dividend Plan,20.185
2014-02-13,111680,IDFC SSIF - MT (Plan B) Inst - Dividend,11.7573
2014-02-13,111681,IDFC SSIF - MT (Plan B)Inst- Growth Plan,13.4946
2014-02-13,111703,Taurus Liquid Fund - Regular Plan -SI Daily Dividend Option,1000.262
2014-02-13,111704,Baroda BNP Paribas LIQUID FUND - Regular Plan - GROWTH OPTION,1452.8161
2014-02-13,111705,Baroda BNP Paribas LIQUID FUND - Regular Plan - WEEKLY IDCW OPTION,1000.7367
2014-02-13,111706,BARODA LIQUID FUND PLAN A - MONTHLY IDCW OPTION,1005.1517
2014-02-13,111707,Baroda BNP Paribas LIQUID FUND - Regular Plan - DAILY IDCW OPTION,1000.63
2014-02-13,111708,BANK OF INDIA ELSS Tax Saver -Regular Plan-IDCW,13.54
2014-02-13,111709,BANK OF INDIA ELSS Tax Saver -ECO Plan-Growth,25.23
2014-02-13,111710,BANK OF INDIA ELSS Tax Saver -Regular Plan- Growth,24.83
2014-02-13,111711,BANK OF INDIA ELSS Tax Saver -ECO Plan-IDCW,13.74
2014-02-13,111712,BANK OF INDIA Conservative Hybrid Fund-Regular Plan-Growth,13.7083
2014-02-13,111713,BANK OF INDIA Conservative Hybrid Fund-Regular Plan-Quarterly IDCW,10.8383
2014-02-13,111714,BANK OF INDIA Conservative Hybrid Fund-Regular Plan-Annual IDCW,10.6066
2014-02-13,111715,BANK OF INDIA Conservative Hybrid Fund-ECO Plan-Growth,13.8481
2014-02-13,111716,BANK OF INDIA Conservative Hybrid Fund-Regular Plan-Monthly IDCW,12.0615
2014-02-13,111717,BANK OF INDIA Conservative Hybrid Fund-ECO Plan-Monthly IDCW,12.7874
2014-02-13,111718,BANK OF INDIA Conservative Hybrid  Fund-ECO Plan-Quarterly IDCW,10.2408
2014-02-13,111719,BANK OF INDIA Conservative Hybrid Fund-ECO Plan-Annual Dividend,11.2703
2014-02-13,111722,CANARA ROBECO ELSS TAX SAVER - REGULAR PLAN - GROWTH OPTION,29.55
2014-02-13,111723,DWS Premier Bond Fund - Premium Plus Plan - Growth,11.6793
2014-02-13,111743,Nippon India Low Duration Fund - Retail Plan - Growth Plan -Bonus Option,1265.2653
2014-02-13,111744,NIPPON INDIA LOW DURATION FUND - RETAIL Plan - DAILY IDCW Option,1001.1218
2014-02-13,111745,NIPPON INDIA LOW DURATION FUND - RETAIL Plan - WEEKLY IDCW Option,1003.3214
2014-02-13,111746,Nippon India Low Duration Fund -Growth Plan -Bonus Option,1125.9622
2014-02-13,111747,NIPPON INDIA LOW DURATION FUND - DAILY IDCW Option,1001.4015
2014-02-13,111748,Nippon India Low Duration Fund - Retail Plan - Growth Plan - Growth Option,1697.9728
2014-02-13,111749,NIPPON INDIA LOW DURATION FUND - MONTHLY IDCW Option,1014.3851
2014-02-13,111750,NIPPON INDIA LOW DURATION FUND - QUARTERLY IDCW Option,1018.108
2014-02-13,111751,NIPPON INDIA LOW DURATION FUND - RETAIL Plan - MONTHLY IDCW Option,1015.0601
2014-02-13,111752,NIPPON INDIA LOW DURATION FUND - RETAIL Plan - QUARTERLY IDCW Option,1037.7228
2014-02-13,111753,Nippon India Low Duration Fund- Growth Plan - Growth Option,1735.1386
2014-02-13,111754,NIPPON INDIA LOW DURATION FUND - WEEKLY IDCW Option,1002.2663
2014-02-13,111759,HSBC Floating Rate Fund - Long Term - Regular - Dividend - weekly,10.0163
2014-02-13,111760,Taurus Liquid Fund Insti Growth,1394.1017
2014-02-13,111761,IDFC-SSIF-Investment Plan C- DIVIDEND,12.346
2014-02-13,111777,Aditya Birla Sun Life Income Fund (Discipline Advantage Plan),13.4082
2014-02-13,111778,Tata Infrastructure Tax Saving Fund - Growth,11.8524
2014-02-13,111779,Tata Infrastructure Tax Saving Fund - Dividend,11.2163
2014-02-13,111780,Aditya Birla Sun Life Corporate Bond Fund - Discipline Advantage Plan,14.2616
2014-02-13,111781,SAHARA SHORT TERM BOND FUND- DIVIDEND REINVESTMENT,10.4501
2014-02-13,111782,SAHARA SHORT TERM BOND FUND-GROWTH,15.1415
2014-02-13,111785,DSP BlackRock Strategic Bond Fund - Regular Plan - Daily Dividend,1013.6928
2014-02-13,111786,DSP Strategic Bond Fund - Regular Plan - IDCW - Daily,1010.7294
2014-02-13,111787,Taurus Ethical Fund - Regular Plan - Growth,26.12
2014-02-13,111788,Taurus Ethical Fund - Regular Plan - Payout of Income Distribution cum Capital Withdrawal option,17.65
2014-02-13,111793,ICICI Prudential Savings Fund Retail Weekly Dividend,100.4503
2014-02-13,111794,ICICI Prudential Savings Fund Retail Growth,141.121
2014-02-13,111795,ICICI Prudential Savings Fund Retail Daily Dividend,100.371
2014-02-13,111803,Aditya Birla Sun Life Medium Term Plan - Growth - Regular Plan,14.9976
2014-02-13,111804,Aditya Birla Sun Life Medium Term Plan - Institutional - Growth Plan,14.5602
2014-02-13,111809,Aditya Birla Sun Life Medium Term Plan - REGULAR - Quarterly IDCW,10.4767
2014-02-13,111811,Aditya Birla Sun Life Medium Term Plan - REGULAR - HALFYEARLY IDCW,10.9557
2014-02-13,111812,Aditya Birla Sun Life Medium Term Plan - Regular - IDCW,11.1173
2014-02-13,111816,Aditya Birla Sun Life Medium Term Plan - Institutional - Half Yearly Dividend Plan,10.957
2014-02-13,111848,Aditya Birla Sun Life Dynamic Bond Fund-Discipline Advantage Plan-Growth,14.4458
2014-02-13,111861,IDFC Premier Equity Fund-Plan B - Dividend,20.3364
2014-02-13,111862,IDFC Premier Equity Fund_Plan B - Growth,30.6714
2014-02-13,111863,IDFC Core Equity Fund-Plan B- Growth,17.6256
2014-02-13,111864,IDFC Core Equity Fund-Plan B- Dividend,10.5155
2014-02-13,111865,IDFC Imperial Equity Fund-Plan B - Growth,16.951
2014-02-13,111866,IDFC Imperial Equity Fund-Plan B - Dividend,10.8943
2014-02-13,111869,DWS Ultra Short Term Fund - Premium Plus Plan - Weekly Dividend,10.637
2014-02-13,111871,DWS Short Maturity Fund - Premium Plus Plan - Monthly Dividend,10.4473
2014-02-13,111872,DWS Short Maturity Fund - Premium Plus - Quarterly Dividend,10.8194
2014-02-13,111879,Canara Robeco Short Term Fund- Institutional Plan - Growth,14.5484
2014-02-13,111880,Canara Robeco Short Term Fund- Institutional Plan - Monthly Dividend,10.1465
2014-02-13,111882,Canara Robeco Short Term Fund- Regular Plan - Monthly Dividend,10.1466
2014-02-13,111883,Canara Robeco Short Term Fund- Regular Plan - Growth,14.3134
2014-02-13,111903,Taurus Ethical Fund -  Regular Plan - Bonus Option,26.12
2014-02-13,111915,Taurus Liquid Fund - Regular Plan - SI Growth Option,1370.1325
2014-02-13,111917,DWS Investment Opportunity Fund Wealth Plan- Growth Option,16.98
2014-02-13,111918,DWS Investment Opportunity Fund Wealth Plan- Dividend Option,13.0
2014-02-13,111919,DWS Alpha Equity Fund Wealth Plan -Dividend Option,13.09
2014-02-13,111920,DWS Alpha Equity Fund Wealth Plan - Growth Option,16.82
2014-02-13,111922,IDFC-Money Manager Fund-Treasury  Plan D-Growth,13.5336
2014-02-13,111923,IDFC-Money Manager Fund-Treasury Plan  D-Daily Dividend,10.0211
2014-02-13,111924,Sundaram Equity Hybrid Fund Institutional Plan - Income Distribution cum Capital Withdrawal (IDCW),11.6629
2014-02-13,111935,Edelweiss Large Cap Fund -Plan B - Growth option,16.94
2014-02-13,111936,Edelweiss Large Cap Fund - Regular Plan - IDCW Option,12.39
2014-02-13,111937,Edelweiss Large Cap Fund -Plan C - Growth option,16.72
2014-02-13,111938,Edelweiss Large Cap Fund - Plan B - IDCW Option,17.14
2014-02-13,111939,Edelweiss Large Cap Fund - Plan C - IDCW Option,13.66
2014-02-13,111940,Edelweiss Large Cap Fund - Regular Plan - Growth Option,16.85
2014-02-13,111941,Sundaram Mid Cap Fund Institutional Plan - Growth,174.3139
2014-02-13,111942,Sundaram Mid Cap Fund Institutional Plan - Income Distribution cum Capital Withdrawal (IDCW),16.6735
2014-02-13,111949,Morgan Stanley Short Term Bond Fund- Regular- Dividend Monthly,10.3156
2014-02-13,111950,Morgan Stanley Short Term Bond Fund- Regular- Growth,14.2421
2014-02-13,111951,Morgan Stanley Short Term Bond Fund- Institutional Plus- Dividend- Monthly,10.3061
2014-02-13,111952,Morgan Stanley Short Term Bond Fund- Institutional Plus- Dividend- Weekly,10.461
2014-02-13,111953,Morgan Stanley Short Term Bond Fund- Institutional Plus- Growth,14.5255
2014-02-13,111954,SBI Gold ETF,2748.2652
2014-02-13,111957,ICICI Prudential Focused Equity Fund - Growth,15.67
2014-02-13,111958,ICICI Prudential Focused Equity Fund - IDCW,14.14
2014-02-13,111962,CANARA ROBECO DYNAMIC BOND FUND - REGULAR PLAN - GROWTH OPTION,13.5198
2014-02-13,111963,CANARA ROBECO DYNAMIC BOND FUND - REGULAR PLAN - IDCW (Payout/Reinvestment),12.0504
2014-02-13,111965,Morgan Stanley Active Bond Fund- Regular Growth Plan,12.7323
2014-02-13,111966,Morgan Stanley Active Bond Fund- Regular- Dividend- Quarterly,11.625
2014-02-13,111970,BANK OF INDIA Ultra Short Duration Fund- Regular Plan- Daily IDCW,1000.6441
2014-02-13,111971,BANK OF INDIA Liquid Fund- Regular Plan- Daily IDCW,1000.7312
2014-02-13,111972,ICICI Prudential Corporate Bond Fund Retail Growth,13.8012
2014-02-13,111976,ICICI Prudential Corporate Bond Fund Retail Daily Dividend,10.0401
2014-02-13,111977,ICICI Prudential Corporate Bond Fund Retail Weekly Dividend,10.0901
2014-02-13,111978,ICICI Prudential Corporate Bond Fund Retail Fort Nightly Dividend,10.0734
2014-02-13,111979,ICICI Prudential Corporate Bond Fund Retail Monthly Dividend,10.0934
2014-02-13,111980,ICICI Prudential Corporate Bond Fund Retail Quarterly Dividend,10.3992
2014-02-13,111981,ICICI Prudential Corporate Bond Fund - Premium Growth,13.8164
2014-02-13,111982,ICICI Prudential Corporate Bond Fund - Premium Daily Dividend,10.0405
2014-02-13,111983,ICICI Prudential Corporate Bond Fund - Premium Weekly Dividend,10.0944
2014-02-13,111984,ICICI Prudential Corporate Bond Fund - Premium Fort Nightly Dividend,10.0707
2014-02-13,111985,ICICI Prudential Corporate Bond Fund - Premium Monthly Dividend,10.0852
2014-02-13,111986,ICICI Prudential Corporate Bond Fund - Premium Quarterly Dividend,10.3922
2014-02-13,111987,ICICI Prudential Corporate Bond Fund - Growth,12.6943
2014-02-13,111988,ICICI Prudential Corporate Bond Fund - Daily IDCW,10.1124
2014-02-13,111989,ICICI Prudential Corporate Bond Fund - Weekly IDCW,10.0634
2014-02-13,111990,ICICI Prudential Corporate Bond Fund - Fortnightly IDCW,10.0734
2014-02-13,111991,ICICI Prudential Corporate Bond Fund - Monthly IDCW,10.0673
2014-02-13,111992,ICICI Prudential Corporate Bond Fund -Quarterly IDCW,10.3924
2014-02-13,111996,ICICI Prudential Dynamic Bond Fund - Growth,13.4298
2014-02-13,111997,ICICI Prudential Dynamic Bond Fund - Monthly Dividend,10.021
2014-02-13,111998,ICICI Prudential Dynamic Bond Fund - Quarterly Dividend,10.0901
2014-02-13,112002,ICICI Prudential Dynamic Bond Fund - Premium Plus Growth,13.4494
2014-02-13,112005,ICICI Prudential Dynamic Bond Fund - Half Yearly Dividend,10.236
2014-02-13,112012,Edelweiss Aggressive Hybrid Fund- Plan B-Growth Option,12.85
2014-02-13,112013,Edelweiss Aggressive Hybrid Fund  - Plan B - IDCW Option,13.1
2014-02-13,112014,Aditya Birla Sun Life Liquid Fund- Discipline Advantage Plan,136.2
2014-02-13,112015,Aditya Birla Sun Life Treasury Optimizer Plan - Discipline Advantage Plan - Growth,141.1325
2014-02-13,112016,Aditya Birla Sun Life Savings Fund - Discipline Advantage Plan,138.8682
2014-02-13,112017,Mirae Asset Short Term Bond Fund - Regular - Growth Option,12.9462
2014-02-13,112020,Mirae Asset Short Term Bond Fund - Regular - Mly Dividend Option,10.2405
2014-02-13,112025,Baroda Treasury Advantage Fund- Regular Plan - Daily IDCW Option,1001.4004
2014-02-13,112026,Baroda Treasury Advantage Fund- Regular Plan - Weekly IDCW Option,1006.3732
2014-02-13,112027,Baroda Treasury Advantage Fund- Regular Plan - Monthly IDCW Option,1005.7773
2014-02-13,112028,Baroda Treasury Advantage Fund- Regular Plan - Quarterly IDCW Option,1011.2956
2014-02-13,112029,Baroda Treasury Advantage Fund- Plan A- Growth Option,1438.5437
2014-02-13,112031,Baroda Treasury Advantage Fund- Regular Plan - Growth Option,1432.1601
2014-02-13,112032,Baroda Treasury Advantage Fund- Plan A- Daily IDCW Option,1023.4527
2014-02-13,112033,Baroda Treasury Advantage Fund- Plan A- Weekly IDCW Option,1025.8747
2014-02-13,112034,Baroda Treasury Advantage Fund- Plan A- Quarterly IDCW Option,1004.812
2014-02-13,112035,Baroda Treasury Advantage Fund- Plan A- Monthly IDCW Option,1004.651
2014-02-13,112036,Sahara Super 20 Fund - Dividend Option,12.2
2014-02-13,112037,Sahara Super 20 Fund - Growth Option,12.2086
2014-02-13,112038,Quantum Diversified Equity All Cap Active FOF - Direct Plan IDCW,14.967
2014-02-13,112039,Quantum Diversified Equity All Cap Active FOF - Direct Plan Growth Option,14.967
2014-02-13,112053,Edelweiss Gilt Fund - Dividend Option,11.4922
2014-02-13,112054,Edelweiss Gilt Fund - Growth Option,11.4922
2014-02-13,112056,Mirae Asset Short Term Bond Fund - Regular - Weekly Dividend Reinvestment Option,10.2264
2014-02-13,112058,Mirae Asset Short Term Bond Fund - Regular - Quarterly Dividend Reinvestment Option,12.3908
2014-02-13,112063,Sundaram Growth Fund- Inst Dividend,12.8584
2014-02-13,112064,Sundaram Small Cap Fund Institutional Plan - Growth,30.2561
2014-02-13,112066,UTI Smart Woman Savings Plan - Growth Option,23.2836
2014-02-13,112067,UTI Smart Woman Savings Plan - Dividend Option,23.2836
2014-02-13,112068,IDFC Equity Fund -Plan B- Dividend,12.2715
2014-02-13,112069,IDFC Equity Fund -Plan B-Growth,14.6698
2014-02-13,112076,UTI Money Market Fund - Regular Plan - Daily IDCW (Reinvestment),1003.3854
2014-02-13,112077,UTI MMF - Regular Plan - Growth Option,1419.2269
2014-02-13,112081,Canara Robeco Short Term Fund- Regular Plan - Weekly Dividend,10.1158
2014-02-13,112082,UTI Ultra Short Duration Fund - Discontinued - INSTN PLAN - PERIODIC DIVIDEND OPTION,1002.9806
2014-02-13,112083,UTI Ultra Short Duration Fund - Discontinued - INSTN GROWTH OPTION,1440.5893
2014-02-13,112084,JPMorgan Greater China Equity Off-shore Fund - Regular Plan - Growth Option,17.036
2014-02-13,112087,Aditya Birla Sun Life Arbitrage Fund-Regular - IDCW,13.241
2014-02-13,112088,Aditya BIRLA SUN LIFE ARBITRAGE FUND - REGULAR PLAN - GROWTH,13.5586
2014-02-13,112089,Kotak Flexicap Fund - Payout of Income Distribution cum capital withdrawal option,12.143
2014-02-13,112090,Kotak Flexicap Fund - Growth,13.452
2014-02-13,112091,LIC NOMURA MF Floating Rate Fund - Short Term Plan - Daily Dividend,10.2148
2014-02-13,112092,Franklin Build India Fund Growth Plan,13.6749
2014-02-13,112093,Franklin Build India Fund - IDCW,11.1161
2014-02-13,112094,ICICI Prudential All Seasons Bond Fund - Premium Growth Option,13.6993
2014-02-13,112096,ICICI Prudential All Seasons Bond Fund - Growth,13.8651
2014-02-13,112097,ICICI Prudential All Seasons Bond Fund - IDCW,11.0342
2014-02-13,112098,Invesco India Largecap Fund - Regular Plan - Growth,13.41
2014-02-13,112099,Invesco India Largecap Fund - Regular Plan - IDCW (Payout / Reinvestment),12.2
2014-02-13,112100,ICICI Prudential R.I.G.H.T. Fund Growth,17.34
2014-02-13,112101,ICICI Prudential R.I.G.H.T. Fund Dividend,15.63
2014-02-13,112104,Sahara Star Value Fund-Dividend Option,9.8551
2014-02-13,112105,Sahara Star Value Fund-Growth Option,10.8108
2014-02-13,112106,UTI Ultra Short Duration Fund -INSTN PLAN - FLEXI Dividend OPTION,1028.7274
2014-02-13,112108,Edelweiss Aggressive Hybrid Fund - Regular Plan - Growth Option,13.03
2014-02-13,112109,Edelweiss Aggressive Hybrid Fund - Regular Plan - IDCW Option,11.87
2014-02-13,112117,Edelweiss Balanced Advantage Fund - Regular Plan - Growth Option,13.28
2014-02-13,112118,Edelweiss Balanced Advantage Fund - Regular Plan - Quarterly - IDCW Option,10.62
2014-02-13,112119,ICICI Prudential Liquid Fund-Annual IDCW,101.9067
2014-02-13,112120,Invesco India Money Market Fund - Regular - Growth,1387.9888
2014-02-13,112122,Invesco India Money Market Fund - Regular - Monthly IDCW (Payout / Reinvestment),1024.0548
2014-02-13,112123,Invesco India Money Market Fund - Growth,1439.3706
2014-02-13,112125,Invesco India Money Market Fund - Monthly IDCW (Payout / Reinvestment),1021.2437
2014-02-13,112126,DSP Global Clean Energy Overseas Equity Omni FoF - Regular Plan - Growth,14.1658
2014-02-13,112127,DSP Global Clean Energy Overseas Equity Omni FoF - Regular Plan - IDCW,14.1658
2014-02-13,112147,Mirae Asset China Advantage Fund - Regular Plan Growth Option,13.707
2014-02-13,112148,Mirae Asset China Advatage Fund-Regular Plan Dividend,13.707
2014-02-13,112150,Canara Robeco Consumer Trends Fund - Institutional Plan - Growth Option,14.71
2014-02-13,112152,CANARA ROBECO CONSUMPTION FUND - REGULAR PLAN - GROWTH OPTION,14.7
2014-02-13,112153,CANARA ROBECO CONSUMPTION FUND - REGULAR PLAN - IDCW (Payout/Reinvestment),12.88
2014-02-13,112171,Invesco India PSU Equity Fund - Regular Plan - Growth,8.25
2014-02-13,112173,Invesco India PSU Equity Fund - Regular Plan - IDCW (Payout / Reinvestment),7.44
2014-02-13,112207,Sundaram Small Cap Fund Institutional Plan - Income Distribution cum Capital Withdrawal (IDCW),10.7989
2014-02-13,112210,Axis Liquid Fund - Regular Plan - Growth Option,1404.6589
2014-02-13,112211,Axis Liquid Fund - Regular Plan - Daily IDCW,1000.1178
2014-02-13,112212,Axis Liquid Fund - Regular Plan - Weekly IDCW,1002.7978
2014-02-13,112213,Axis Liquid Fund - Regular Plan - Monthly IDCW,1004.0612
2014-02-13,112214,Axis Treasury Advantage Fund - Regular Plan - Growth Option,1411.4176
2014-02-13,112215,Axis Treasury Advantage Fund - Regular Plan - Daily IDCW,1003.8293
2014-02-13,112216,Axis Treasury Advantage Fund - Regular Plan - Weekly IDCW,1003.3103
2014-02-13,112217,Axis Treasury Advantage Fund - Regular Plan - Monthly IDCW,1005.6916
2014-02-13,112218,Tata Value Fund - Regular Plan - Payout of IDCW-Option A(5%),26.9354
2014-02-13,112221,DWS Treasury Fund - Cash Plan - Growth,136.2625
2014-02-13,112222,DWS Treasury Fund - Cash Plan - Institiutional - Growth,139.3674
2014-02-13,112223,DWS Treasury Fund - Investment Plan - Growth,13.9461
2014-02-13,112224,DWS Treasury Fund - Investment Plan - Institiutional - Growth,14.0821
2014-02-13,112225,DWS Treasury Fund - Investment Plan - Institiutional - Daily Dividend,10.0417
2014-02-13,112226,DWS Treasury Fund - Investment Plan - Daily Dividend,10.222
2014-02-13,112227,DWS Treasury Fund - Cash Plan - Institiutional - Daily Dividend,100.497
2014-02-13,112228,DWS Treasury Fund - Cash Plan - Daily Dividend,100.391
2014-02-13,112277,Axis Large Cap Fund - Regular Plan - Growth,12.96
2014-02-13,112278,Axis Large Cap Fund - Regular Plan - IDCW,11.69
2014-02-13,112290,ICICI Prudential Interval Fund Half Yearly Interval Plan II - Dividend,10.2059
2014-02-13,112291,ICICI Prudential Interval Fund Half Yearly Interval Plan II - Growth,13.2569
2014-02-13,112293,DSP World Mining Overseas Equity Omni FoF - Regular Plan - Growth,9.3388
2014-02-13,112294,Sundaram PSU Opportunities Growth Option,7.8059
2014-02-13,112295,Sundaram PSU Opportunities Dividend Option,7.1077
2014-02-13,112304,Franklin India Income Opportunities Fund - Growth,14.196
2014-02-13,112305,Franklin India Income Opportunities Fund - IDCW,10.7679
2014-02-13,112306,DWS Ultra Short Term Fund - Dividend,11.2827
2014-02-13,112314,Baroda Pioneer PSU Bond Fund - Plan A - Growth Option,13.4117
2014-02-13,112322,Axis ELSS Tax Saver Fund - Regular Plan - IDCW,13.3722
2014-02-13,112323,Axis ELSS Tax Saver Fund - Regular Plan - Growth,16.7751
2014-02-13,112327,Bandhan Conservative Hybrid Passive FOF - Regular Plan - Growth,13.306
2014-02-13,112328,Bandhan Conservative Hybrid Passive FOF - Regular Plan - IDCW,12.0985
2014-02-13,112329,Bandhan Multi-Asset Passive FOF - Regular Plan - Growth,13.6413
2014-02-13,112330,Bandhan Multi-Asset Passive FOF - Regular Plan - IDCW,12.7008
2014-02-13,112331,Bandhan Aggressive Hybrid Passive FOF - Regular Plan - IDCW,12.235
2014-02-13,112332,Bandhan Aggressive Hybrid Passive FOF - Regular Plan - Growth,13.4483
2014-02-13,112340,NIPPON INDIA LIQUID FUND - QUARTERLY IDCW OPTION,1016.7692
2014-02-13,112341,NIPPON INDIA MONEY MARKET FUND - QUARTERLY IDCW Option,1016.6776
2014-02-13,112342,ICICI Prudential Banking and PSU Debt Fund - Growth,13.8414
2014-02-13,112343,ICICI Prudential Banking and PSU Debt Fund -  Daily IDCW,10.0672
2014-02-13,112344,ICICI Prudential Banking and PSU Debt Fund -  Weekly IDCW,10.1859
2014-02-13,112345,Baroda Pioneer PSU Bond Fund - Plan A - Monthly Dividend Option,10.213
2014-02-13,112346,Baroda Pioneer PSU Bond Fund - Plan A - Quarterly Dividend Option,10.0624
2014-02-13,112347,DSP World Mining Overseas Equity Omni FoF - Regular Plan - IDCW,9.3388
2014-02-13,112351,Kotak Nifty 50 ETF,601.8133
2014-02-13,112352,BANDHAN Conservative Hybrid Fund - Regular Plan - IDCW,11.3966
2014-02-13,112353,BANDHAN Conservative Hybrid Fund - Regular Plan - Growth,13.3475
2014-02-13,112354,Axis Short Duration Fund - Regular Plan - Growth Option,13.5419
2014-02-13,112355,Axis Short Duration Fund - Regular Plan - Monthly IDCW,10.0863
2014-02-13,112356,Aditya Birla Sun Life Short Term Fund - REGULAR - Quarterly IDCW,10.5414
2014-02-13,112359,BANK OF INDIA Manufacturing & Infrastructure Fund-Growth,7.21
2014-02-13,112360,BANK OF INDIA Manufacturing & Infrastructure Fund-Quarterly IDCW,7.21
2014-02-13,112361,BANK OF INDIA Manufacturing & Infrastructure Fund-Regular IDCW,7.21
2014-02-13,112364,IDFC-Money Manager Fund-Treasury Plan-Plan F  Growth,13.5624
2014-02-13,112366,IDFC - SSIF - Short Term- Plan F Dividend,10.5661
2014-02-13,112367,IDFC - SSIF - Short Term- Plan F Growth,13.5009
2014-02-13,112368,Invesco India Gold Exchange Traded Fund,2860.0092
2014-02-13,112369,Axis Short Duration Fund - Regular Plan - Weekly IDCW,10.1376
2014-02-13,112378,CANARA ROBECO CONSERVATIVE HYBRID FUND - REGULAR PLAN - QUARTERLY IDCW (Payout/Reinvestment),13.6828
2014-02-13,112387,Edelweiss Equity Savings Advantage Fund - Growth Option,13.5411
2014-02-13,112396,IDFC Super Saver Income Fund- MT-Plan F Dividend,10.3917
2014-02-13,112397,IDFC Super Saver Income Fund- MT-Plan F Growth,13.7262
2014-02-13,112398,IDFC Super Saver Income Fund- IP-Plan F Growth,13.0776
2014-02-13,112402,Edelweiss Equity Savings Advantage Fund - Dividend Option,9.9953
2014-02-13,112408,Navi Ultra Short Term Fund - Regular Plan-Growth Option,13.9462
2014-02-13,112410,L&T Triple Ace Bond Fund-Regular Plan-Growth,31.855
2014-02-13,112414,L&T Triple Ace Bond Fund - Regular Plan - Quarterly IDCW,11.6872
2014-02-13,112416,L&T Triple Ace Bond Fund -Regular Plan - Semi Annual IDCW,13.6483
2014-02-13,112420,L&T Triple Ace Bond Fund -Regular Plan - Bonus,12.0999
2014-02-13,112421,L&T Ultra Short Term Fund-Regular Plan -Monthly Dividend,11.879
2014-02-13,112422,L&T Ultra Short Term Fund -Regular - Cumulative,19.8005
2014-02-13,112423,L&T Ultra Short Term Fund - Regular Plan - Growth,20.5115
2014-02-13,112424,L&T Ultra Short Term Fund-Regular Plan - Weekly IDCW,10.3913
2014-02-13,112425,L&T Ultra Short Term Fund- Regular Plan - Daily IDCW,10.166
2014-02-13,112428,L&T Gilt Fund - Regular Plan - Quarterly IDCW,12.0919
2014-02-13,112429,L&T Gilt Fund - Regular Plan - Growth,29.0111
2014-02-13,112442,L&T Liquid Fund-Regular Cumulative,2441.5547
2014-02-13,112445,L&T Liquid Fund -Regular Plan - Daily IDCW,1011.6349
2014-02-13,112456,L&T Liquid Fund-Cum -Institutional Plus,2532.807
2014-02-13,112457,L&T Liquid Fund -Regular Plan - Growth,1738.4972
2014-02-13,112458,L&T Liquid Fund - Regular Plan - Weekly IDCW,1001.475
2014-02-13,112461,L&T Ultra Short Term Fund - Regular Plan -Semi Annual IDCW,15.5579
2014-02-13,112475,L&T Ultra Short Term Fund - Regular Plan - Monthly IDCW,12.4189
2014-02-13,112487,L&T Conservative Hybrid Fund- Regular Plan - Growth,22.7501
2014-02-13,112488,L&T Conservative Hybrid Fund -Regular Plan - Monthly IDCW,10.8546
2014-02-13,112489,L&T Conservative Hybrid Fund -Regular Plan -Quarterly IDCW,11.1525
2014-02-13,112495,L&T Mid Cap Fund-Regular Plan-IDCW,20.82
2014-02-13,112496,L&T Mid Cap Fund-Regular Plan-Growth,43.24
2014-02-13,112537,L&T Tax Saver Fund- Regular Plan - Dividend,13.69
2014-02-13,112538,L&T Tax Saver Fund-Regular Plan - Growth,15.97
2014-02-13,112600,L&T Infrastructure Fund - Regular Plan - Growth,5.68
2014-02-13,112601,L&T Infrastructure Fund - Regular Plan - IDCW,5.68
2014-02-13,112624,L&T Long Term Advantage Fund I - Regular Plan - Growth,22.33
2014-02-13,112625,L&T Long Term Advantage Fund I - Regular Plan - Dividend,14.19
2014-02-13,112627,L&T Credit Risk- Retail Dividend,10.2719
2014-02-13,112628,L&T Credit Risk Retail -Cumulative,13.5122
2014-02-13,112629,L&T Credit Risk - Retail Qtly Dividend,10.6605
2014-02-13,112630,L&T Credit Risk Fund- Regular Plan - Bonus,13.5101
2014-02-13,112631,L&T Credit Risk Fund- Regular Plan - IDCW,10.4059
2014-02-13,112632,L&T Credit Risk Fund - Regular Plan - Growth,13.7247
2014-02-13,112635,UTI Money Market Fund - Regular Plan - Weekly IDCW,1014.7705
2014-02-13,112636,Navi Liquid Fund-Regular Plan-Growth Option,13.9029
2014-02-13,112637,Navi Liquid Fund-Institutional Plan-Dividend Option-Daily,10.0052
2014-02-13,112640,Navi Liquid Fund-Institutional Plan-Growth,13.3278
2014-02-13,112641,Navi Liquid Fund-Retail Plan-Dividend Option-Daily,10.0052
2014-02-13,112642,Navi Liquid Fund-Retail Plan-Dividend Option-Weekly,10.0098
2014-02-13,112643,Navi Liquid Fund-Retail Plan-Dividend Option-Monthly,10.0279
2014-02-13,112644,Navi Liquid Fund-Retail Plan-Growth,13.0774
2014-02-13,112645,Navi Liquid Fund - Regular Plan Daily IDCW,10.0052
2014-02-13,112646,Navi Liquid Fund - Regular Plan Weekly IDCW,10.0119
2014-02-13,112647,Navi Liquid Fund - Regular Plan Monthly IDCW,10.0363
2014-02-13,112648,Navi Ultra Short Term Fund - Regular Plan Daily IDCW,10.0546
2014-02-13,112649,Navi Ultra Short Term Fund - Regular Plan Monthly IDCW,10.088
2014-02-13,112652,Navi Ultra Short Term Fund - Retail Plan-Dividend Option-Daily,10.0322
2014-02-13,112653,Navi Ultra Short Term Fund - Retail Plan-Dividend Option-Monthly,10.0672
2014-02-13,112656,Navi Ultra Short Term Fund - Retail Plan-Growth,13.3581
2014-02-13,112657,Navi Ultra Short Term Fund - Retail Plan-Dividend Option-Weekly,10.0364
2014-02-13,112658,Navi Ultra Short Term Fund - Regular Plan Weekly IDCW,10.0398
2014-02-13,112659,Franklin India Fixed Tenure Fund - Series XII - Plan C (5 Year Plan) - Growth,12.4449
2014-02-13,112660,Franklin India Fixed Tenure Fund - Series XII - Plan C (5 Year Plan) - Dividend,11.2772
2014-02-13,112712,Axis Liquid Fund - Retail Plan - Daily IDCW,1000.1178
2014-02-13,112713,Axis Liquid Fund - Retail Plan - Growth Option,1363.0139
2014-02-13,112714,Axis Liquid Fund - Retail Plan - Monthly IDCW,1003.8241
2014-02-13,112715,Axis Liquid Fund - Retail Plan - Weekly IDCW,1000.7747
2014-02-13,112717,Axis Treasury Advantage Fund - Retail Plan - Growth Option,1353.985
2014-02-13,112718,Axis Treasury Advantage Fund - Retail Plan - Monthly IDCW,1005.3202
2014-02-13,112719,Axis Treasury Advantage Fund - Retail Plan - Weekly IDCW,1003.0109
2014-02-13,112720,Axis Treasury Advantage Fund - Retail Plan - Daily IDCW,1003.1059
2014-02-13,112721,Axis Short Duration Fund - Retail Plan - Growth Option,13.3845
2014-02-13,112722,Axis Short Duration Fund - Retail Plan - Weekly IDCW,10.1442
2014-02-13,112723,Axis Short Duration Fund - Retail Plan - Monthly IDCW,10.0349
2014-02-13,112784,JPMorgan India Short Term Income Fund - Regular Plan - Growth Option,13.6934
2014-02-13,112785,JPMorgan India Short Term Income Fund - Regular Plan - Weekly Dividend Option,10.045
2014-02-13,112787,JPMorgan India Short Term Income Fund - Regular Plan - Fortnightly Dividend Option,10.0863
2014-02-13,112789,JPMorgan India Short Term Income Fund - Regular Plan - Monthly Dividend Option,10.0746
2014-02-13,112853,DWS Global Agribusiness Fund - Growth,15.54
2014-02-13,112854,DWS Global Agribusiness Fund - Dividend,15.53
2014-02-13,112867,Sundaram Conservative Hybrid Fund (Formerly Known as Sundaram Debt Oriented Hybrid Fund) Regular Plan - Income Distribution cum Capital Withdrawal (IDCW),10.2172
2014-02-13,112868,Sundaram Conservative Hybrid Fund (Formerly Known as Sundaram Debt Oriented Hybrid Fund) Regular Plan - Growth,11.7717
2014-02-13,112869,Sundaram Conservative Hybrid Fund (Formerly Known as Sundaram Debt Oriented Hybrid Fund) Regular Plan- Income Distribution cum Capital Withdrawal (IDCW),10.2509
2014-02-13,112870,Sundaram Conservative Hybrid Fund (Formerly Known as Sundaram Debt Oriented Hybrid Fund) Regular Plan -Income Distribution cum Capital Withdrawal (IDCW),10.5422
2014-02-13,112871,Sundaram Regular Savings Fund - Half-yearly Dividend,10.0539
2014-02-13,112872,Sundaram Regular Savings Fund - Quarterly Dividend,10.0395
2014-02-13,112873,Sundaram Regular Savings Fund - DIVIDEND,9.9191
2014-02-13,112874,Sundaram Regular Savings Fund - GROWTH,11.7343
2014-02-13,112877,BANDHAN Nifty 50 Index Fund - Regular Plan - Growth,11.8495
2014-02-13,112878,BANDHAN Nifty 50 Index Fund - Regular Plan - IDCW,11.9426
2014-02-13,112884,Religare Invesco Monthly Income Plan - Monthly Dividend,1020.5787
2014-02-13,112886,Religare Invesco Monthly Income Plan - Growth Option,1237.3602
2014-02-13,112887,Invesco India Regular Savings Fund - Growth,1252.4527
2014-02-13,112888,Invesco India Regular Savings Fund - Monthly Dividend,1075.4361
2014-02-13,112901,DSP Focused Fund - Regular Plan - Growth,10.368
2014-02-13,112921,Aditya Birla Sun Life India Reforms Fund-GROWTH,7.97
2014-02-13,112922,Aditya Birla Sun Life India Reforms Fund-DIVIDEND,7.97
2014-02-13,112923,SBI PSU Fund - Regular Plan - Income Distribution cum Capital Withdrawal Option (IDCW),6.7511
2014-02-13,112924,Axis Conservative Hybrid Fund - Regular Plan - Growth Option,12.2943
2014-02-13,112925,Axis Conservative Hybrid Fund - Regular Plan - Quarterly IDCW,10.2956
2014-02-13,112926,Axis Conservative Hybrid Fund - Regular Plan - Half Yearly IDCW,10.4817
2014-02-13,112927,Axis Conservative Hybrid Fund - Regular Plan - Annual IDCW,10.5973
2014-02-13,112928,Tata Gilt Mid Term Fund -Regular Plan- Growth,12.939
2014-02-13,112929,Tata Gilt Mid Term Fund - Regular Plan -Periodic Dividend,12.272
2014-02-13,112930,Tata Gilt Mid Term Fund -Regular Plan- Quarterly Dividend,12.9377
2014-02-13,112931,Mirae Asset Large & Midcap Fund - Regular Plan - IDCW,13.827
2014-02-13,112932,Mirae Asset Large & Midcap Fund - Regular Plan - Growth,15.129
2014-02-13,112936,Nippon India Aggressive Hybrid Fund - Growth Plan,25.601
2014-02-13,112937,NIPPON INDIA AGGRESSIVE HYBRID FUND - IDCW Option,12.9738
2014-02-13,112938,Nippon India Credit Risk Fund  - Growth Plan,16.8698
2014-02-13,112939,Nippon India Credit Risk Fund  - Institutional Growth Plan,17.2421
2014-02-13,112940,Reliance Credit Risk Fund  - Institutional Quarterly Dividend Plan,12.7811
2014-02-13,112941,NIPPON INDIA CREDIT RISK FUND - QUARTERLY IDCW Option,12.6282
2014-02-13,112942,NIPPON INDIA FLOATER FUND - QUARTERLY IDCW Option,10.2975
2014-02-13,112943,Baroda Large cap Fund - Plan A - Growth Option,6.83
2014-02-13,112944,Baroda Large cap Fund - Plan A - IDCW Option,6.83
2014-02-13,112948,Taurus Nifty 50 Index Fund - Regular Plan - Growth,11.2013
2014-02-13,112949,Taurus Nifty 50 Index Fund - Regular Plan - Payout of Income Distribution cum Capital Withdrawal option,11.2013
2014-02-13,112957,ICICI Prudential Nifty Next 50 Index Fund - Growth,10.4429
2014-02-13,112958,ICICI Prudential Nifty Next 50 Index Fund -IDCW,10.4429
2014-02-13,112964,DWS Treasury Fund - Cash Plan - Weekly Dividend,109.6494
2014-02-13,112965,DWS Treasury Fund - Cash Plan - Monthly Dividend,107.0571
2014-02-13,112967,DWS Treasury Fund - Investment Plan - Weekly Dividend,10.087
2014-02-13,112968,DWS Treasury Fund - Investment Plan - Monthly Dividend,10.5439
2014-02-13,112973,Morgan Stanley Short Term Bond Fund- Regular- Dividend- Weekly,10.3325
2014-02-13,113032,DSP Focused Fund - Regular Plan - IDCW,10.368
2014-02-13,113036,Baroda BNP Paribas Short Duration Fund - Regular Plan - Growth Option,13.0137
2014-02-13,113037,Baroda BNP Paribas Short Duration Fund - Regular Plan - Monthly IDCW Option,10.0192
2014-02-13,113047,HDFC Short Term  Debt Fund - Growth Option,13.6042
2014-02-13,113048,HDFC Short Term  Debt Fund - Fortnightly IDCW Option,10.0726
2014-02-13,113049,HDFC Gold ETF - Growth Option,2739.3517
2014-02-13,113055,ICICI Prudential Dynamic Bond Fund - Daily Dividend,9.8823
2014-02-13,113062,IDBI Nifty 50  Index Fund IDCW,10.8255
2014-02-13,113063,IDBI NIFTY 50 Index Fund Growth,11.3505
2014-02-13,113064,Axis Multi Asset Allocation Fund - Regular Plan - Growth Option,12.5848
2014-02-13,113065,Axis Multi Asset Allocation Fund - Regular Plan - Monthly IDCW,10.8385
2014-02-13,113069,Motilal Oswal Nifty 50 ETF,79.2376
2014-02-13,113070,HDFC Corporate Bond Fund - Growth Option,13.4808
2014-02-13,113071,HDFC Corporate Bond Fund - Quarterly IDCW Option,10.0934
2014-02-13,113072,Taurus MIP Advantage - Growth Option,12.487
2014-02-13,113073,Taurus MIP Advantage - Dividend Option,10.0898
2014-02-13,113076,ICICI Prudential Gold ETF,2772.6924
2014-02-13,113077,UTI Dynamic Bond Fund - Regular Plan - Growth Option,13.5615
2014-02-13,113078,UTI Dynamic Bond Fund - Regular Plan - Quarterly IDCW,10.6181
2014-02-13,113096,IDBI Liquid Fund-Growth,1358.1955
2014-02-13,113097,ICICI Prudential Regular Savings Fund - Plan - Quarterly IDCW,10.5619
2014-02-13,113098,ICICI Prudential Regular Savings Fund - Plan - Half Yearly IDCW,10.7225
2014-02-13,113099,SBI PSU Fund - REGULAR PLAN -Growth,6.752
2014-02-13,113100,Canara Robeco InDiGo Fund - Regular Plan - Quarterly Dividend,11.0031
2014-02-13,113101,Canara Robeco InDiGo Fund - Regular Plan - Growth,13.2301
2014-02-13,113102,IDBI Liquid Fund-Daily IDCW,1002.7362
2014-02-13,113103,IDBI Liquid Fund-Weekly IDCW,1007.8889
2014-02-13,113104,IDBI Liquid Fund- Monthly IDCW,1008.597
2014-02-13,113134,Tata Aggressive Hybrid Fund- Regular Plan - Monthly Payout of IDCW Option,45.3785
2014-02-13,113135,Franklin India Low Duration Fund - Growth Plan,13.7573
2014-02-13,113136,ICICI Prudential Medium Term Bond Fund Plan C - Quarterly Dividend,10.1452
2014-02-13,113137,ICICI Prudential Medium Term Bond Fund - Quarterly IDCW,10.24
2014-02-13,113138,ICICI Prudential Medium Term Bond Fund Plan B - Quarterly Dividend,10.1265
2014-02-13,113141,Navi Conservative Hybrid Fund - Monthly IDCW,10.2905
2014-02-13,113142,Navi Conservative Hybrid Fund-Growth,12.8256
2014-02-13,113143,Navi Conservative Hybrid  Fund - Quarterly IDCW,10.5276
2014-02-13,113144,CANARA ROBECO SAVINGS FUND - REGULAR PLAN - MONTHLY IDCW (Payout/Reinvestment),10.2882
2014-02-13,113153,DSP Small Cap Fund - Regular - IDCW,10.839
2014-02-13,113169,Bandhan Medium Duration Fund - Regular Plan - Quarterly IDCW,10.4333
2014-02-13,113172,Essel Short Term Fund-Growth,14.0529
2014-02-13,113173,Essel Short Term Fund-Dividend Option-Monthly Dividend,10.8091
2014-02-13,113177,Nippon India Small Cap Fund - Growth Plan - Growth Option,11.6556
2014-02-13,113178,Nippon India Small Cap Fund - Growth Plan - Bonus Option,11.6556
2014-02-13,113179,NIPPON INDIA SMALL CAP FUND - IDCW Option,10.659
2014-02-13,113183,DHFL Pramerica Liquid Fund - Growth Option,1352.0017
2014-02-13,113184,DHFL Pramerica Liquid Fund - Dividend Option - Daily,1000.37
2014-02-13,113185,DHFL Pramerica Liquid Fund -Dividend Option- Weekly,1000.4848
2014-02-13,113186,DHFL Pramerica Liquid Fund - Dividend Option - Monthly,1004.3205
2014-02-13,113187,DHFL Pramerica Liquid Fund - Dividend Option - Fortnightly,1000.4849
2014-02-13,113211,Essel Short Term Fund-Dividend Option-Quarterly Dividend,10.9169
2014-02-13,113218,ICICI Prudential All Seasons Bond Fund - Annual IDCW,11.6691
2014-02-13,113221,CANARA ROBECO LARGE CAP FUND - REGULAR PLAN - GROWTH OPTION,11.86
2014-02-13,113222,CANARA ROBECO LARGE CAP FUND - REGULAR PLAN - IDCW (Payout/Reinvestment),11.87
2014-02-13,113242,ICICI Prudential Banking and PSU Debt Fund Retail Growth,13.0801
2014-02-13,113243,ICICI Prudential Banking and PSU Debt Fund Retail Weekly Dividend,10.3151
2014-02-13,113247,ICICI Prudential Banking and PSU Debt Fund Retail Daily Dividend,10.053
2014-02-13,113248,Taurus Liquid Fund - Regular Plan - SI Weekly Dividend Option,1001.685
2014-02-13,113249,IDBI Nifty Next 50 Index Fund Growth,9.2307
2014-02-13,113250,IDBI Nifty Next 50  Index Fund IDCW,9.2307
2014-02-13,113251,IDBI UST Growth,1351.6582
2014-02-13,113252,IDBI UST Daily IDCW,1006.2686
2014-02-13,113253,IDBI UST Weekly IDCW,1009.219
2014-02-13,113254,IDBI UST Monthly IDCW,1020.0262
2014-02-13,113269,Nippon India Index Fund - BSE Sensex Plan - Growth Plan - Growth Option,9.9827
2014-02-13,113270,Nippon India Index Fund - BSE Sensex Plan - Growth Plan - Bonus Option,9.9827
2014-02-13,113271,NIPPON INDIA INDEX FUND - BSE SENSEX PLAN - QUARTERLY - IDCW Option,9.9827
2014-02-13,113294,NIPPON INDIA INDEX FUND - BSE SENSEX PLAN - HALF YEARLY - IDCW Option,9.9827
2014-02-13,113295,NIPPON INDIA INDEX FUND - BSE SENSEX PLAN - ANNUAL - IDCW Option,9.9827
2014-02-13,113296,Nippon India Index Fund - Nifty 50 Plan - Growth Plan - Growth Option,9.962
2014-02-13,113297,Nippon India Index Fund - Nifty 50 Plan - Growth Plan - Bonus Option,9.962
2014-02-13,113298,NIPPON INDIA INDEX FUND - NIFTY 50 PLAN - QUARTERLY - IDCW Option,9.962
2014-02-13,113299,NIPPON INDIA INDEX FUND - NIFTY 50 PLAN - HALF YEARLY - IDCW Option,9.962
2014-02-13,113300,NIPPON INDIA INDEX FUND - NIFTY 50 PLAN - ANNUAL - IDCW Option,9.962
2014-02-13,113307,Aditya Birla Sun Life Low Duration Fund -Regular - DAILY IDCW,100.2933
2014-02-13,113321,SBI Debt Fund Series - 60 Months - 1 - Dividend,12.7797
2014-02-13,113327,Baroda Mid-cap Fund- Plan A - Growth Option,5.65
2014-02-13,113328,Baroda Mid-cap Fund- Plan A - IDCW Option,5.65
2014-02-13,113345,Nippon India Arbitrage Fund - Growth Plan - Growth Option,13.4887
2014-02-13,113346,NIPPON INDIA ARBITRAGE FUND - IDCW Option,13.4887
2014-02-13,113356,DHFL Pramerica Ultra Short Term Bond Fund - Weekly Dividend Option,1000.2713
2014-02-13,113357,DHFL Pramerica Ultra Short Term Bond Fund - Fortnightly Dividend Option,1002.4949
2014-02-13,113358,DHFL Pramerica Ultra Short Term Bond Fund - Monthly Dividend Option,1003.5039
2014-02-13,113359,DHFL Pramerica Ultra Short Term Bond Fund - Growth Option,1344.266
2014-02-13,113360,DHFL Pramerica Ultra Short Term Bond Fund - Daily Dividend Option,1001.5
2014-02-13,113361,BANDHAN Conservative Hybrid Fund - Regular Plan - Quarterly IDCW,11.3697
2014-02-13,113373,Sundaram Consumption Fund (Formerly Known as Sundaram Rural and Consumption Fund Institutional Plan - Income Distribution cum Capital Withdrawal (IDCW),16.9727
2014-02-13,113394,JPMorgan EEMEA Equity Off-shore Fund - Regular Plan - Growth Option,11.63
2014-02-13,113401,SBI Debt Fund Series - 60 Months - 1 - Growth,12.7795
2014-02-13,113403,ICICI Prudential All Seasons Bond Fund - Quarterly IDCW,10.6489
2014-02-13,113416,ICICI Prudential All Seasons Bond Fund Plan Premium - Quarterly Dividend,10.8686
2014-02-13,113417,ICICI Prudential All Seasons Bond Fund Retail - Quarterly Dividend,10.7866
2014-02-13,113434,Axis Gold ETF,2736.9359
2014-02-13,113460,BNP PARIBAS MULTI CAP Fund-Growth Option,20.672
2014-02-13,113461,BNP PARIBAS MULTI CAP Fund-Income Distribution cum Capital Withdrawal Option,10.593
2014-02-13,113463,BNP Paribas Long Term Equity Fund - Growth Option,17.374
2014-02-13,113464,BNP Paribas Long Term Equity Fund-Income Distribution cum Capital Withdrawal Option,11.555
2014-02-13,113476,BNP PARIBAS LOW DURATION Fund-Regular Plan-Growth Option,18.6223
2014-02-13,113477,BNP PARIBAS LOW DURATION Fund-Regular Plan-Weekly Income Distribution cum Capital Withdrawal Option,10.0102
2014-02-13,113478,BNP PARIBAS LOW DURATION Fund-Regular Plan-Monthly Income Distribution cum Capital Withdrawal Option,10.0276
2014-02-13,113483,BNP PARIBAS LOW DURATION Fund-Regular Plan- Daily Income Distribution cum Capital Withdrawal Option (Compulsory Reinvestment),10.0499
2014-02-13,113526,BNP PARIBAS Flexi Debt Fund-Regular Plan A - Growth Option,14.1079
2014-02-13,113528,BNP PARIBAS Flexi Debt Fund-Regular Plan A - Quarterly Dividend Option,10.1298
2014-02-13,113544,BNP PARIBAS LARGE CAP Fund-Growth Option,40.85
2014-02-13,113545,BNP PARIBAS LARGE CAP Fund-Income Distribution cum Capital Withdrawal Option,11.58
2014-02-13,113547,BNP PARIBAS Short Term Fund-Regular Plan-Growth Option,19.1565
2014-02-13,113548,BNP PARIBAS Short Term Fund-Regular Plan-Monthly Income Distribution cum Capital Withdrawal Option,10.0274
2014-02-13,113549,BNP PARIBAS Short Term Fund-Regular Plan-Weekly Income Distribution cum Capital Withdrawal Option,10.0271
2014-02-13,113557,BNP PARIBAS Short Term Fund-Regular Plan-Quarterly Income Distribution cum Capital Withdrawal Option,10.1113
2014-02-13,113560,BNP PARIBAS Conservative Hybrid Fund-Regular Plan-Growth Option,18.0688
2014-02-13,113561,BNP PARIBAS Conservative hybrid Fund-Regular Plan-Monthly Income Distribution cum Capital Withdrawal Option,10.0647
2014-02-13,113562,BNP PARIBAS Conservative Hybrid Fund-Regular Plan-Quarterly Income Distribution cum Capital Withdrawal Option,10.083
2014-02-13,113566,BNP Paribas Mid Cap Fund-Growth Option,12.888
2014-02-13,113567,BNP Paribas Mid Cap Fund-Income Distribution cum Capital Withdrawal Option,12.835
2014-02-13,113632,BNP PARIBAS LIQUID Fund-Regular Plan-Monthly Dividend,10.027
2014-02-13,113637,BNP PARIBAS LIQUID Fund-Regular Plan-Weekly Dividend Option,10.0022
2014-02-13,113640,BNP PARIBAS LIQUID Fund-Regular Plan-Growth Option,18.5774
2014-02-13,114097,BNP PARIBAS Corporate Bond Fund - Regular Plan - Quarterly-Income Distribution cum Capital Withdrawal Option,10.0939
2014-02-13,114099,BNP PARIBAS Corporate Bond Fund - Regular Plan - Growth Option,15.4635
2014-02-13,114100,BNP PARIBAS Corporate Bond Fund - Regular Plan - Annual-Income Distribution cum Capital Withdrawal Option,10.6018
2014-02-13,114105,BNP PARIBAS Corporate Bond Fund - Regular Plan - Monthly-Income Distribution cum Capital Withdrawal Option,10.0218
2014-02-13,114216,L&T Money Market Fund - Regular Plan - Growth,12.3148
2014-02-13,114217,L&T Money Market Fund - Regular Plan - Daily IDCW,10.859
2014-02-13,114218,L&T Money Market Fund - Regular Plan - Weekly IDCW,12.4495
2014-02-13,114219,L&T Money Market Fund - Regular Plan - Monthly IDCW,11.2201
2014-02-13,114238,ICICI Prudential Blended Plan B - Daily Dividend Option - I,10.0537
2014-02-13,114239,ICICI Prudential Credit Risk Fund - Growth,12.9887
2014-02-13,114240,ICICI Prudential Credit Risk Fund - Quarterly IDCW,10.2323
2014-02-13,114241,ICICI Prudential Credit Risk Fund - Half Yearly IDCW,10.5353
2014-02-13,114251,Reliance Liquid Fund-Cash Plan-Monthly Dividend Plan,1005.4333
2014-02-13,114252,Reliance Liquid Fund-Cash Plan-Quarterly Dividend Plan,1016.1304
2014-02-13,114253,JPMorgan India Capital Protection Oriented Fund - Dividend Option,11.8512
2014-02-13,114254,JPMorgan India Capital Protection Oriented Fund - Growth Option,11.8512
2014-02-13,114297,SBI Overnight Fund - Regular Plan - Daily Income Distribution cum Capital Withdrawal Option (IDCW),1009.91
2014-02-13,114301,Principal Balanced Advantage Fund - Growth Option,11.81
2014-02-13,114302,Principal Balanced Advantage Fund - Monthly Income Distribution CUM Capital Withdrawal Option,11.81
2014-02-13,114307,DHFL Pramerica Large Cap Equity Fund - Growth Option,9.33
2014-02-13,114308,DHFL Pramerica Large Cap Equity Fund - Dividend Option,9.33
2014-02-13,114309,DHFL Pramerica Dynamic Asset Allocation Fund - Growth Option,10.16
2014-02-13,114310,DHFL Pramerica Dynamic Asset Allocation Fund - Dividend Option,10.16
2014-02-13,114348,SBI Savings Fund - Regular Plan Daily Income Distribution cum Capital Withdrawal Option (IDCW),10.0622
2014-02-13,114359,Invesco India Ultra Short Duration Fund - Regular Plan - Growth,1259.2343
2014-02-13,114360,Invesco India Ultra Short Duration Fund - Regular Plan - Quarterly IDCW (Payout / Reinvestment),1054.9514
2014-02-13,114361,Invesco India Ultra Short Duration Fund - Regular Plan - Annual IDCW (Payout / Reinvestment),1090.1633
2014-02-13,114362,Invesco India Ultra Short Duration Fund - Regular Plan - Monthly IDCW (Payout / Reinvestment),1034.4042
2014-02-13,114376,ICICI Prudential Blended Plan B -  Monthly Dividend Option - I,10.1823
2014-02-13,114382,Kotak Multi Asset Allocation Fund-Growth,12.3081
2014-02-13,114383,Kotak Multi Asset Allocation Fund-Annual Dividend,10.7724
2014-02-13,114384,Kotak Multi Asset Allocation Fund-Quarterly Dividend,11.1818
2014-02-13,114385,Kotak Multi Asset Allocation Fund-Monthly Dividend,11.1617
2014-02-13,114454,DWS Hybrid Fixed Term Fund - Series 2- Growth,10.9251
2014-02-13,114455,DWS Hybrid Fixed Term Fund - Series 2- Dividend(Payout),10.9251
2014-02-13,114456,Motilal Oswal Nifty Midcap 100 ETF,7.7624
2014-02-13,114457,Kotak Large Cap Fund - Payout of Income Distribution cumcapital withdrawal option,29.364
2014-02-13,114458,Kotak Large Cap Fund - Growth,109.977
2014-02-13,114476,BANDHAN Infrastructure Fund - Regular Plan - Growth,7.0626
2014-02-13,114477,BANDHAN Infrastructure Fund - Regular Plan - IDCW,7.0656
2014-02-13,114537,Taurus Dynamic Income Fund - Regular Plan - Growth Option,12.5629
2014-02-13,114538,Taurus Dynamic Income Fund - Regular Plan - Dividend Option,10.1874
2014-02-13,114564,Axis Midcap Fund - Regular Plan - Growth,13.15
2014-02-13,114565,Axis Midcap Fund - Regular Plan - IDCW,13.14
2014-02-13,114583,DHFL Pramerica Short Term Income Fund - Weekly Dividend Option,1000.6253
2014-02-13,114584,DHFL Pramerica Short Term Income Fund - Fortnightly Dividend Option,1020.8727
2014-02-13,114585,DHFL Pramerica Short Term Income Fund - Monthly Dividend Option,1002.6595
2014-02-13,114587,DHFL Pramerica Short Term Income Fund - Growth Option,1305.324
2014-02-13,114616,Nippon India Gold Savings Fund-Growth plan- Growth Option,13.6759
2014-02-13,114617,NIPPON INDIA GOLD SAVINGS FUND - IDCW Option,13.6759
2014-02-13,114627,HDFC DEBT FUND FOR CANCER CURE,10.3725
2014-02-13,114630,IDBI Equity Savings Fund IDCW Option,10.2773
2014-02-13,114657,Canara Capital Protection Oriented Fund- Series 1- 36 Months (Plan A) - Growth,12.4358
2014-02-13,114658,Canara Capital Protection Oriented Fund- Series 1- 36 Months (Plan A) - Dividend Payout,12.4357
2014-02-13,114682,Canara Robeco Gilt Advantage Fund - Regular Plan - Growth,12.5462
2014-02-13,114683,Canara Robeco Gilt Advantage Fund - Regular Plan - Dividend,11.8081
2014-02-13,114749,DWS Short Maturity Fund - Premium Plus - Growth,13.1285
2014-02-13,114752,Religare Invesco Capital Protection Oriented Fund - Series I,12.0209
2014-02-13,114757,Kotak Gold Fund Payout of Income Distribution cum capital withdrawal option,13.5792
2014-02-13,114758,Kotak Gold Fund Growth,13.579
2014-02-13,114759,DWS Short Maturity Fund - Premium Plus Plan - Weekly Dividend,10.3594
2014-02-13,114781,SBI Capital Protection Oriented Fund - Series II -,12.1249
2014-02-13,114791,Principal Retail Equity Savings Fund - Dividend Option,9.42
2014-02-13,114804,DHFL Pramerica Dynamic Monthly Income Fund - Growth Option,11.8147
2014-02-13,114805,DHFL Pramerica Dynamic Monthly Income Fund - Dividend Option,10.051
2014-02-13,114842,Reliance Dual Advantage Fixed Tenure Fund - I - Plan I - Growth Option,12.6165
2014-02-13,114843,Reliance Dual Advantage Fixed Tenure Fund - I - Plan I - Dividend Payout Option,12.6165
2014-02-13,114844,Reliance Dual Advantage Fixed Tenure Fund - I - Plan J - Growth Option,12.6097
2014-02-13,114845,Reliance Dual Advantage Fixed Tenure Fund - I - Plan J - Dividend Payout Option Option,12.6097
2014-02-13,114846,Reliance Dual Advantage Fixed Tenure Fund - I - Plan K - Growth Option,12.5989
2014-02-13,114847,Reliance Dual Advantage Fixed Tenure Fund - I - Plan K - Dividend Payout Option,12.5989
2014-02-13,114848,Reliance Dual Advantage Fixed Tenure Fund - I - Plan L - Growth Option,12.4031
2014-02-13,114849,Reliance Dual Advantage Fixed Tenure Fund - I - Plan L - Dividend Payout Option,12.4031
2014-02-13,114854,Navi 3 IN 1 FUND - MONTHLY IDCW Payout,12.4653
2014-02-13,114855,Navi 3 in 1 Fund-Growth,12.4661
2014-02-13,114858,Kotak Debt Hybrid - Monthly Payout of Income Distribution cum capital withdrawal option,10.9821
2014-02-13,114859,Kotak Debt Hybrid - Growth,18.9008
2014-02-13,114860,Kotak Debt Hybrid - Quarterly Payout of Income Distribution cum capital withdrawal option,11.5576
2014-02-13,114930,Mirae Asset Great Consumer Fund Regular IDCW,11.618
2014-02-13,114931,Mirae Asset Great Consumer Fund - Regular Plan - Growth option,14.196
2014-02-13,114964,DWS INVESTMENT OPPORTUNITY FUND - BONUS OPTION,10.77
2014-02-13,114965,DWS ALPHA EQUITY FUND - BONUS OPTION,10.88
2014-02-13,114966,DWS Treasury Fund - Cash Plan - Bonus,108.1912
2014-02-13,114967,DWS Treasury Fund - Investment - Bonus,10.4968
2014-02-13,114968,DWS Short Maturity Fund - Bonus,12.9025
2014-02-13,114970,DWS Global Agribusiness Offshore Fund - Bonus,12.98
2014-02-13,114973,DWS Premier Bond Fund - Bonus,12.2985
2014-02-13,114974,DWS Gilt Fund - Bonus,10.4836
2014-02-13,114975,DWS CASH OPPORTUNITIES FUND - Bonus Option,13.0463
2014-02-13,114982,IDBI Equity Savings Fund Growth Option,12.0163
2014-02-13,114983,IDBI Equity Savings Fund Quarterly IDCW Option,10.5949
2014-02-13,114984,Motilal Oswal Nasdaq 100 ETF (MOFN100),224.8937
2014-02-13,114999,IDBI Short Term Bond Fund Monthly IDCW,10.3064
2014-02-13,115000,IDBI Short Term Bond Fund Weekly IDCW,10.1867
2014-02-13,115005,IDBI Short Term Bond Fund Growth,12.7119
2014-02-13,115014,Sundaram Capital Protection Oriented Fund Series 2-5 years - Dividend Payout Option,11.6559
2014-02-13,115015,Sundaram Capital Protection Oriented Fund Series 2-5 years - Growth Option,11.656
2014-02-13,115068,Axis Dynamic Bond Fund - Regular Plan - Growth Option,12.3077
2014-02-13,115069,Axis Dynamic Bond Fund - Regular Plan - Quarterly IDCW,10.2885
2014-02-13,115077,CANARA ROBECO SHORT DURATION FUND - REGULAR PLAN - GROWTH OPTION,12.1842
2014-02-13,115078,CANARA ROBECO SHORT DURATION FUND - REGULAR PLAN - MONTHLY IDCW (Payout/Reinvestment),12.1843
2014-02-13,115079,CANARA ROBECO SHORT DURATION FUND - REGULAR PLAN - QUARTERLY IDCW (Payout/Reinvestment),12.1842
2014-02-13,115084,SBI TAX ADVANTAGE FUND-SERIES - REPURCHASE NAV - DIVIDEND,12.7268
2014-02-13,115085,SBI TAX ADVANTAGE FUND - REPURCHASE - GROWTH,12.7295
2014-02-13,115090,JM Short Term Fund - Regular Plan - Daily Dividend Option,10.0275
2014-02-13,115091,ICICI Prudential Ultra Short Term Fund - Quarterly IDCW,10.1737
2014-02-13,115092,ICICI Prudential Ultra Short Term Fund - Growth,11.7502
2014-02-13,115093,ICICI Prudential Ultra Short Term Fund - Half Yearly IDCW,10.1075
2014-02-13,115094,ICICI Prudential Ultra Short Term Fund - Monthly IDCW,10.0578
2014-02-13,115101,Navi 3 IN 1 FUND - QUARTERLY IDCW Payout,12.4656
2014-02-13,115103,JM Short Term Fund - Daily Dividend Option,10.0358
2014-02-13,115116,HSBC Brazil Fund-Growth,7.879
2014-02-13,115117,HSBC Brazil Fund - IDCW,7.879
2014-02-13,115122,ING FINANCIAL PLANNING FUND - Prudent Plan - Growth Option,11.7779
2014-02-13,115127,Aditya Birla Sun Life Gold ETF,2966.3056
2014-02-13,115131,Axis Dynamic Bond Fund - Regular Plan - Half Yearly IDCW,10.3642
2014-02-13,115132,Quantum Gold Savings Fund - Direct Plan Growth Option,13.1086
2014-02-13,115145,Birla Sun Life Fixed Term Plan - Series DA - Growth,12.7628
2014-02-13,115146,Birla Sun Life Fixed Term Plan - Series DA - Dividend,12.7628
2014-02-13,115158,Sundaram Capital Protection Oriented Fund 3 Years (Series 3) - Dividend Payout Option,12.0143
2014-02-13,115159,Sundaram Capital Protection Oriented Fund 3 Years (Series 3) - Growth Option,12.0118
2014-02-13,115216,ING FINANCIAL PLANNING FUND - Prudent Plan - Dividend Option,10.985
2014-02-13,115217,ING FINANCIAL PLANNING FUND - Cautious Plan - Growth Option,12.4531
2014-02-13,115218,ING FINANCIAL PLANNING FUND - Cautious Plan - Dividend Option,10.8788
2014-02-13,115219,ING FINANCIAL PLANNING FUND - Conservative Plan - Growth Option,12.0382
2014-02-13,115220,ING FINANCIAL PLANNING FUND - Conservative Plan - Dividend Option,11.2802
2014-02-13,115221,ING FINANCIAL PLANNING FUND - Aggressive Plan - Growth Option,11.2824
2014-02-13,115222,ING FINANCIAL PLANNING FUND - Aggressive Plan - Dividend Option,10.8206
2014-02-13,115241,Sundaram Multi Asset Fund Growth,11.0806
2014-02-13,115242,Sundaram Multi Asset Fund Dividend Payout,11.0833
2014-02-13,115243,Sundaram Multi Asset Fund - Dividend Re-Investment Option,11.0833
2014-02-13,115250,ICICI Prudential Multiple Yield Fund-Plan A Cumulative,13.3305
2014-02-13,115251,ICICI Prudential Multiple Yield Fund-Plan A Dividend,11.2129
2014-02-13,115262,SBI SDFS - 36 MONTHS - 1 - GROWTH,12.782
2014-02-13,115263,SBI SDFS - 36 MONTHS - 1 - DIVIDEND,11.303
2014-02-13,115269,ICICI Prudential Multi-Asset Fund- Institutional Growth Option,12.4029
2014-02-13,115270,Union Flexi Cap Fund - Growth Option,11.08
2014-02-13,115284,Invesco India Nifty 50 Exchange Traded Fund,604.0739
2014-02-13,115290,Union Flexi Cap Fund - IDCW Option,11.08
2014-02-13,115293,JPMorgan ASEAN Equity Off-shore Fund - Regular Plan - Growth Option,15.217
2014-02-13,115294,ICICI Prudential Technology Fund - IDCW,29.16
2014-02-13,115328,ICICI Prudential Money Market Fund Dividend,100.1098
2014-02-13,115336,DHFL Pramerica Treasury Advantage Fund - Daily Dividend Option,1029.6485
2014-02-13,115337,DHFL Pramerica Treasury Advantage Fund - Weekly Dividend Option,999.7852
2014-02-13,115339,DHFL Pramerica Treasury Advantage Fund - Monthly Dividend Option,1002.9976
2014-02-13,115340,DHFL Pramerica Treasury Advantage Fund - Growth Option,1252.0604
2014-02-13,115375,ICICI Prudential Multiple Yield Fund-Plan B Dividend,11.0396
2014-02-13,115376,ICICI Prudential Multiple Yield Fund-Plan B Cumulative,12.9202
2014-02-13,115398,Union Liquid Fund - Growth Option,1270.5274
2014-02-13,115399,Union Liquid Fund - Fortnightly IDCW Option,1000.9734
2014-02-13,115400,Union Liquid Fund - Monthly IDCW Option,1004.2461
2014-02-13,115401,Union Liquid Fund - Daily IDCW Option,1000.6489
2014-02-13,115402,Union Liquid Fund - Weekly IDCW Option,1000.9727
2014-02-13,115458,Invesco India Low Duration Fund - Discretionary IDCW (Payout / Reinvestment),1114.673
2014-02-13,115464,Tata Treasury Advantage Fund Regular Plan - Periodic Payout of IDCW Option,1205.744
2014-02-13,115465,Tata Fixed Tenure Fund Series 2 Scheme A Growth,12.1324
2014-02-13,115466,Tata Fixed Tenure Fund Series 2 Scheme A Dividend Payout,12.1324
2014-02-13,115483,UTI Low Duration Fund - Regular Plan - Quarterly IDCW,1056.9489
2014-02-13,115486,BANDHAN Liquid Fund-Plan A-Monthly,1003.728
2014-02-13,115487,BANDHAN Liquid Fund-Plan A-Periodic Dividend,1068.2503
2014-02-13,115489,BANDHAN LIQUID Fund - Regular Plan - Periodic IDCW,1214.0995
2014-02-13,115492,ICICI Prudential Capital Protection Oriented Fund - Series III - 36 Months Plan - Dividend,12.3207
2014-02-13,115493,ICICI Prudential Capital Protection Oriented Fund - Series III - 36 Months Plan - Cumulative,12.3207
2014-02-13,115505,ICICI Prudential Liquid Fund - IDCW Others,100.4948
2014-02-13,115510,ICICI Prudential Floating Interest Fund - IDCW Others,111.6057
2014-02-13,115511,ICICI Prudential Savings Fund - IDCW Others,101.5676
2014-02-13,115512,Aditya Birla Sun Life Nifty 50 ETF,61.3423
2014-02-13,115515,Invesco India Money Market Fund - Daily IDCW (Reinvestment),1000.29
2014-02-13,115608,ICICI Prudential Multiple Yield Fund-Plan C Cumulative,13.2066
2014-02-13,115609,ICICI Prudential Multiple Yield Fund-Plan C Dividend,11.1449
2014-02-13,115612,Axis Hybrid Fund - Series 1 - Dividend Option,11.6546
2014-02-13,115613,Axis Hybrid Fund -  Series 1 - Growth Option,11.6549
2014-02-13,115616,DHFL Pramerica Treasury Advantage Fund - Fortnightly Dividend Opt,999.7894
2014-02-13,115625,Sundaram Capital Protection Oriented Fund 3 Years (Series 4) - Dividend Payout Option,11.7805
2014-02-13,115626,Sundaram Capital Protection Oriented Fund 3 Years (Series 4) - Growth Option,11.7803
2014-02-13,115631,Edelweiss Emerging Leaders Fund - Growth,12.42
2014-02-13,115632,Edelweiss Emerging Leaders Fund - Dividend,12.42
2014-02-13,115676,SBI GOLD FUND REGULAR PLAN - GROWTH,10.2489
2014-02-13,115677,SBI Gold Fund - Regular Plan - Income Distribution cum Capital Withdrawal Option (IDCW),10.2504
2014-02-13,115686,ICICI Prudential Multiple Yield Fund-Plan D Dividend,10.9621
2014-02-13,115687,ICICI Prudential Multiple Yield Fund-Plan D Cumulative,13.2932
2014-02-13,115696,Tata Fixed Tenure Fund Series 2 Scheme B -Dividend Payout,11.9614
2014-02-13,115697,Tata Fixed Tenure Fund Series 2 Scheme B- Growth,11.9611
2014-02-13,115700,ICICI Prudential Fixed Maturity Plan - Series 57 - 3 Year Plan A Dividend,10.6117
2014-02-13,115701,ICICI Prudential Fixed Maturity Plan - Series 57 - 3 Year Plan A Cumulative,12.3805
2014-02-13,115702,DHFL Pramerica Short Term Income Fund - Quarterly Dividend Opt,1013.7947
2014-02-13,115705,Axis Hybrid Fund - Series 2 - Growth Option,11.6984
2014-02-13,115706,Axis Hybrid Fund - Series 2 - Dividend Option,11.6967
2014-02-13,115707,Birla Sun Life Capital Protection Oriented Fund-Series 7-Growth,11.7032
2014-02-13,115722,Sundaram Capital Protection Oriented Fund 3 Years (Series 5) - Growth Option,11.73
2014-02-13,115723,Sundaram Capital Protection Oriented Fund 3 Years (Series 5) - Dividend Payout Option,11.7298
2014-02-13,115728,Goldman Sachs Nifty Exchange Traded Scheme (GS Nifty BeES),608.2398
2014-02-13,115729,Goldman Sachs Nifty Junior Exchange Traded Scheme (GS Junior BeES),119.416
2014-02-13,115730,Goldman Sachs Liquid Exchange Traded Scheme (GS Liquid BeES),1000.0
2014-02-13,115731,Goldman Sachs Banking Index Exchange Traded Scheme (GS Bank BeES),1026.7395
2014-02-13,115744,Goldman Sachs Gold Exchange Traded Scheme (GS Gold BeES),2674.577
2014-02-13,115747,Goldman Sachs PSU Bank Exchange Traded Scheme (GS PSU Bank BeES),229.7449
2014-02-13,115748,Goldman Sachs CNX 500 Fund - Growth Option,19.626
2014-02-13,115749,Goldman Sachs CNX 500 Fund - Dividend Option,12.2813
2014-02-13,115750,Goldman Sachs CNX Nifty Shariah Exchange Traded Scheme (GS S&P Shariah BeES),142.1964
2014-02-13,115751,Goldman Sachs Hang Seng Exchange Traded Scheme (GS Hang Seng BeES),1947.452
2014-02-13,115752,Goldman Sachs Short Term Fund - Growth Option,12.7222
2014-02-13,115753,Goldman Sachs Short Term Fund - Dividend Reinvestment Option - Daily Frequency,10.0
2014-02-13,115754,Goldman Sachs Short Term Fund - Dividend Reinvestment Option - Weekly Frequency,10.0129
2014-02-13,115755,Goldman Sachs Infrastructure Exchange Traded Scheme (GS Infra BeES),223.4966
2014-02-13,115763,ICICI Prudential Interval Fund Quarterly Interval Plan - 1 Retail Quarterly Dividend Payout,10.1713
2014-02-13,115767,ICICI Prudential Capital Protection Oriented Fund - Series V - 60 Months - Dividend,13.0929
2014-02-13,115768,ICICI Prudential Capital Protection Oriented Fund - Series V - 60 Months - Cumulative,13.0929
2014-02-13,115788,Navi Large Cap Equity Fund - Normal IDCW Payout,11.7407
2014-02-13,115790,Navi Large Cap Equity Fund - Growth Option,11.7439
2014-02-13,115812,MS Liquid Fund - Regular- Growth,1246.8805
2014-02-13,115813,MS Liquid Fund- Regular Daily Dividend Plan,1000.5001
2014-02-13,115814,MS Liquid Fund - Regular- Weekly Dividend Plan,1002.092
2014-02-13,115815,MS Liquid Fund- Regular Monthly Dividend Plan,1007.1765
2014-02-13,115824,SBI Capital Protection Oriented Fund - Series III - Growth,11.8559
2014-02-13,115833,ICICI Prudential Gold ETF FOF - Growth,10.7895
2014-02-13,115834,ICICI Prudential Gold ETF FOF - IDCW,10.7895
2014-02-13,115845,ICICI Prudential Capital Protection Oriented Fund - Series IV - 36 Months Plan - Cumulative,12.8031
2014-02-13,115846,ICICI Prudential Capital Protection Oriented Fund - Series IV - 36 Months Plan - Dividend,12.8031
2014-02-13,115847,Axis Hybrid Fund - Series 3- Growth Option,11.9063
2014-02-13,115848,Axis Hybrid Fund - Series 3 - Dividend,11.9063
2014-02-13,115872,Tata SIP Fund Series 3 - Growth,12.1792
2014-02-13,115873,Tata SIP Fund Series 3 - Dividend Payout,12.1792
2014-02-13,115874,Bandhan Income Plus Arbitrage Active FOF - Regular Plan - Fortnightly IDCW,10.5623
2014-02-13,115881,DSP World Agriculture Fund - Regular Plan - IDCW,14.0641
2014-02-13,115882,DSP World Agriculture Fund - Regular Plan - Growth,14.0641
2014-02-13,115883,L&T Equity Savings Fund - Regular Plan - Monthly IDCW,10.4239
2014-02-13,115886,L&T Equity Savings Fund - Regular Plan - Quarterly IDCW,10.3892
2014-02-13,115887,L&T Equity Savings Fund - Regular Plan - Growth,11.301
2014-02-13,115897,Axis Gold Fund - Regular Plan - Growth Option,10.7661
2014-02-13,115898,Axis Gold Fund - Regular Plan - IDCW,10.7749
2014-02-13,115912,IIFL NIFTY ETF-GROWTH,615.6677
2014-02-13,115923,ICICI Prudential Fixed Maturity Plan - Series 57 - 3 Year Plan B Cumulative,12.2459
2014-02-13,115924,ICICI Prudential Fixed Maturity Plan - Series 57 - 3 Year Plan B Dividend,10.9043
2014-02-13,115927,ICICI Prudential Interval Fund II Quarterly Interval Plan F Retail Quarterly Dividend Payout,10.0538
2014-02-13,115928,DWS Fixed Term Fund - Series 91 (DFTF - 91)- Growth,12.1682
2014-02-13,115929,DWS Fixed Term Fund - Series 91 (DFTF - 91) -  Dividend (Payout and Sweep),10.379
2014-02-13,115930,DWS Hybrid Fixed Term Fund - Series 3 - Dividend (Payout),11.4545
2014-02-13,115931,DWS Hybrid Fixed Term Fund - Series 3- Growth,11.4545
2014-02-13,115934,HDFC Gold ETF Fund of Fund - Growth Option,10.5343
2014-02-13,115939,IDBI Gold Exchange Traded Fund,2800.4335
2014-02-13,115942,Tata Retirement Savings Fund - Progressive Plan -Regular Plan-Growth Option,11.6087
2014-02-13,115943,Tata Retirement Savings Fund- Moderate Plan-Regular Plan-Growth Option,11.7632
2014-02-13,115944,Tata Retirement Savings Fund- Conservative Plan-Regular Plan-Growth Option,11.7194
2014-02-13,115991,Groww Liquid Fund (formerly known as Indiabulls Liquid Fund) - Regular Plan - Growth Option,1231.7074
2014-02-13,115992,Groww Liquid Fund (formerly known as Indiabulls Liquid Fund)- Regular Plan- - Income Distribution cum capital withdrawal Option (Reinvestment),1000.1367
2014-02-13,115993,Groww Liquid Fund (formerly known as Indiabulls Liquid Fund)- Regular Plan- Weekly - Income Distribution cum capital withdrawal Option (Payout & Reinvestment),1000.7088
2014-02-13,116008,Sundaram Capital Protection Oriented Fund 5 Years (Series 3) - Dividend Payout Option,11.7318
2014-02-13,116009,Sundaram Capital Protection Oriented Fund 5 Years (Series 3) - Growth Option,11.7314
2014-02-13,116010,Sundaram Capital Protection Oriented Fund 3 Years (Series 6) - Dividend Payout Option,11.8317
2014-02-13,116011,Sundaram Capital Protection Oriented Fund 3 Years (Series 6) - Growth Option,11.8314
2014-02-13,116012,ICICI Prudential Fixed Maturity Plan - Series 57 - 3 Year Plan C Dividend,10.5174
2014-02-13,116013,ICICI Prudential Fixed Maturity Plan - Series 57 - 3 Year Plan C Cumulative,12.201
2014-02-13,116020,BANDHAN Low Duration Fund - Regular Plan - Periodic IDCW,10.47
2014-02-13,116027,ICICI Prudential Multiple Yield Fund-Plan E Dividend,11.2636
2014-02-13,116028,ICICI Prudential Multiple Yield Fund-Plan E Cumulative,13.1807
2014-02-13,116029,HDFC FMP 36M October 2011 (1) - Growth Option,12.4178
2014-02-13,116030,HDFC FMP 36M October 2011 (1) - Dividend Option,12.4178
2014-02-13,116031,HDFC FMP 36M October 2011 (1) - Quarterly Dividend Option,10.1161
2014-02-13,116044,DHFL Pramerica Credit Opportunities Fund - Growth Option,1220.4093
2014-02-13,116045,DHFL Pramerica Credit Opportunities Fund - Dividend Option,1019.035
2014-02-13,116051,Union ELSS Tax Saver Fund - Growth Option,13.55
2014-02-13,116052,Union ELSS Tax Saver Fund - IDCW Option,11.63
2014-02-13,116075,Invesco India Gold ETF Fund of Fund - Regular Plan - IDCW (Payout / Reinvestment),9.9777
2014-02-13,116077,Invesco India Gold ETF Fund of Fund - Regular Plan - Growth,9.9783
2014-02-13,116087,IDFC FMP 3YS5(28 Days) - Growth,12.2904
2014-02-13,116088,IDFC FMP 3YS5(28 Days) - Quarterly Dividend,10.3152
2014-02-13,116089,IDFC FMP 3YS5(28 Days) - Dividend,10.6421
2014-02-13,116109,Invesco India Corporate Bond Fund - Regular Plan - Discretionary IDCW (Payout / Reinvestment),1072.836
2014-02-13,116110,Invesco India Short Duration Fund- Regular Plan - Discretionary IDCW (Payout / Reinvestment),1087.226
2014-02-13,116111,Axis Capital protection Oriented Fund - Series 1 - Growth Option,12.115
2014-02-13,116112,Axis Capital Protection Oriented Fund - Series 1 - Dividend Option,12.1149
2014-02-13,116127,ICICI Prudential Fixed Maturity Plan - Series 60 - 3 Year Plan E Cumulative,12.0882
2014-02-13,116128,ICICI Prudential Fixed Maturity Plan - Series 60 - 3 Year Plan E Dividend,10.5042
2014-02-13,116141,Sundaram Capital Protection Oriented Fund 5 Years (Series 4) - Dividend Payout Option,11.595
2014-02-13,116142,Sundaram Capital Protection Oriented Fund 5 Years (Series 4) - Growth Option,11.5949
2014-02-13,116153,Franklin India Credit Risk Fund - Growth,12.3881
2014-02-13,116154,Franklin India Credit Risk Fund - IDCW,10.8119
2014-02-13,116156,ICICI Prudential Multiple Yield Fund - Series 2 - Plan A - Cumulative,13.0687
2014-02-13,116157,ICICI Prudential Multiple Yield Fund - Series 2 - Plan A - Dividend,11.1007
2014-02-13,116158,Axis Capital Protection Oriented Fund - Series 2 - Dividend Option,11.734
2014-02-13,116159,Axis Capital Protection Oriented Fund - Series 2 - Growth Option,11.734
2014-02-13,116165,HDFC FMP 36M November 2011 (1) Quarterly Option,10.1237
2014-02-13,116166,HDFC FMP 36M November 2011 (1) Growth Option,12.3055
2014-02-13,116167,HDFC FMP 36M November 2011 (1) Dividend Option,12.3055
2014-02-13,116174,ICICI Prudential Banking and PSU Debt Fund - Quarterly IDCW,10.1542
2014-02-13,116176,Axis Capital Protection Oriented Fund - Series 3 - Dividend option,12.0311
2014-02-13,116177,Axis Capital Protection Oriented Fund - Series 3 - Growth Option,12.0311
2014-02-13,116184,Reliance Fixed Horizon Fund - XXI - Series 29 - Growth Option,12.1997
2014-02-13,116185,Reliance Fixed Horizon Fund - XXI - Series 29 - Dividend Payout Option,12.1997
2014-02-13,116203,MOSt 10 Year Gilt Fund - Growth,10.7152
2014-02-13,116205,MOSt 10 Year Gilt Fund - Dividend,9.9451
2014-02-13,116220,Sundaram Capital Protection Oriented Fund 3 Years (Series 7) - Dividend Payout Option,11.5849
2014-02-13,116221,Sundaram Capital Protection Oriented Fund 3 Years (Series 7) - Growth Option,11.5848
2014-02-13,116238,DSP BlackRock FTP - Series 4 - 36M - Growth Option,12.1023
2014-02-13,116239,DSP BlackRock FTP - Series 4 - 36M - Dividend Option,12.1023
2014-02-13,116296,L&T Short Term Bond Fund - Regular Plan - Bonus,11.9827
2014-02-13,116297,L&T Short Term Bond Fund - Regular Plan - Monthly IDCW,10.4653
2014-02-13,116298,L&T Short Term Bond Fund - Regular Plan - Quarterly IDCW,10.5812
2014-02-13,116299,L&T Short Term Bond Fund - Regular Plan - Growth,11.9827
2014-02-13,116330,ICICI Prudential Multiple Yield Fund - Series 2 - Plan C - Cumulative,13.1192
2014-02-13,116331,ICICI Prudential Multiple Yield Fund - Series 2 - Plan C - Dividend,11.1196
2014-02-13,116347,DWS Short Maturity Fund - Quarterly Dividend,10.5144
2014-02-13,116352,SBI TAX ADVANTAGE FUND - SERIES II - GROWTH,12.9791
2014-02-13,116353,SBI Tax Advantage Fund-Series- II - Income Distribution cum Capital Withdrawal Option (IDCW),12.9789
2014-02-13,116356,ICICI Prudential Fixed Maturity Plan-Series 60-27 Months Plan I Dividend,10.5429
2014-02-13,116357,ICICI Prudential Fixed Maturity Plan-Series 60-27 Months Plan I Cumulative,11.9581
2014-02-13,116360,DWS Short Maturity Fund - Annual Dividend,11.1623
2014-02-13,116363,DWS Insta Cash Plus Fund - Annual Dividend Option,113.1732
2014-02-13,116368,DWS Insta CashPlus Fund - Quarterly Dividend Option,112.614
2014-02-13,116370,DWS Treasury Fund - Cash Plan - Annual Dividend,119.3151
2014-02-13,116371,DWS Ultra Short Term Fund - Regular Plan - Quarterly Dividend,10.6657
2014-02-13,116372,DWS Ultra Short Term Fund - Regular Plan - Annual Dividend,12.1242
2014-02-13,116373,DWS Ultra Short Term Fund - Quarterly Dividend,10.4956
2014-02-13,116374,DWS Ultra Short Term Fund - Annual Dividend,11.3557
2014-02-13,116380,DWS Low Duration Fund - Quarterly Dividend,11.1122
2014-02-13,116381,DWS Low Duration Fund - Annual Dividend,11.1122
2014-02-13,116385,DWS CASH OPPORTUNITIES FUND - QUARTERLY DIV,10.2956
2014-02-13,116386,DWS CASH OPPORTUNITIES FUND - ANNUAL DIV,11.9315
2014-02-13,116391,DWS Treasury Fund - Cash Plan - Quarterly Dividend,110.7004
2014-02-13,116394,DWS Treasury Fund - Investment Plan - Quarterly Dividend,11.0515
2014-02-13,116395,DWS Treasury Fund - Investment - Annual Dividend,11.9074
2014-02-13,116413,BANDHAN Low Duration Fund - Regular Plan - Quarterly IDCW,10.3817
2014-02-13,116414,DWS Fixed Term Fund - Series 96 (DFTF - 96) - Growth,11.8478
2014-02-13,116415,DWS Fixed Term Fund - Series 96 (DFTF - 96) - Dividend (Payout and Sweep),10.7986
2014-02-13,116416,DWS Hybrid Fixed Term Fund - Series 4- Growth,11.3707
2014-02-13,116417,DWS Hybrid Fixed Term Fund - Series 4 - Dividend (Payout),11.3707
2014-02-13,116424,Indiabulls Ultra Short Term Fund - Growth Option,1207.9502
2014-02-13,116425,Indiabulls Ultra Short Term Fund - Weekly Dividend Option,1001.8663
2014-02-13,116427,Indiabulls Ultra Short Term Fund - Monthly Dividend Option,1004.4701
2014-02-13,116447,Birla Sun Life Fixed Term Plan-Series ED-Dividend,11.9541
2014-02-13,116448,Birla Sun Life Fixed Term Plan-Series ED-Growth,11.9541
2014-02-13,116470,Axis Gilt Fund - Regular Plan - Regular IDCW,9.7104
2014-02-13,116471,Axis Gilt Fund - Regular Plan - Growth Option,10.6413
2014-02-13,116472,Axis Gilt Fund - Regular Plan - Half Yearly IDCW,9.9431
2014-02-13,116483,PGIM India Dynamic Bond Fund - Dividend Option - Monthly,984.7827
2014-02-13,116484,PGIM India Dynamic Bond Fund - Dividend Option - Quarterly,996.6382
2014-02-13,116485,PGIM India Dynamic Bond Fund - Growth Option,1134.7466
2014-02-13,116488,Invesco India Money Market Fund - Regular Plan - Daily IDCW (Reinvestment),1002.0
2014-02-13,116489,ICICI Prudential Fixed Maturity Plan-Series 61-27 Months Plan D Dividend,10.5515
2014-02-13,116490,ICICI Prudential Fixed Maturity Plan-Series 61-27 Months Plan D Cumulative,11.9338
2014-02-13,116499,Aditya Birla Sun Life Fixed Term Plan-Series EN-Dividend,11.8211
2014-02-13,116500,Aditya Birla Sun Life Fixed Term Plan-Series EN-Growth,11.8211
2014-02-13,116516,Tata Corporate Bond Fund Retail Investment Plan Daily Dividend Option,1003.3596
2014-02-13,116539,ICICI Prudential Multiple Yield Fund - Series 2 - Plan D - Cumulative,12.4866
2014-02-13,116540,ICICI Prudential Multiple Yield Fund - Series 2 - Plan D - Dividend,11.0509
2014-02-13,116543,Axis Capital Protection Oriented Fund - Series 4 - Growth Option,11.0347
2014-02-13,116544,Axis Capital Protection Oriented Fund - Series 4 - Dividend Option,11.0347
2014-02-13,116547,Groww Largecap Fund (formerly known as Indiabulls Blue Chip Fund) - Regular Plan- Growth Option,10.55
2014-02-13,116548,Groww Largecap Fund (formerly known as Indiabulls Bluechip Fund)- Regular Plan- - Income Distribution cum capital withdrawal Option (Payout & Reinvestment),10.55
2014-02-13,116555,Union Dynamic Bond Fund - Growth Option,11.1269
2014-02-13,116556,Union Dynamic Bond Fund - IDCW Option,11.1269
2014-02-13,116566,Birla Sun Life Fixed Term Plan-Series EH-Dividend,11.8584
2014-02-13,116567,Birla Sun Life Fixed Term Plan-Series EH-Growth,11.8584
2014-02-13,116582,IDBI Dynamic Bond Fund Annual IDCW Regular,10.1561
2014-02-13,116583,IDBI Dynamic Bond Fund Growth,10.9976
2014-02-13,116584,HDFC FMP 846D January 2012 (1) Growth Option,12.0001
2014-02-13,116585,HDFC FMP 846D January 2012 (1) Quarterly Option,10.213
2014-02-13,116586,HDFC FMP 846D January 2012 (1) Dividend Option,12.0001
2014-02-13,116587,HDFC FMP 1203D January 2012 (1) Dividend Option,11.9089
2014-02-13,116588,HDFC FMP 1203D January 2012 (1) Growth Option,11.9089
2014-02-13,116589,HDFC FMP 1203D January 2012 (1) Quarterly Option,10.1169
2014-02-13,116610,Indiabulls Ultra Short Term Fund - Daily Dividend Option,1002.112
2014-02-13,116617,ICICI Prudential Fixed Maturity Plan-Series 61- 3 Year Plan F Cumulative,11.9092
2014-02-13,116618,ICICI Prudential Fixed Maturity Plan-Series 61- 3 Year Plan F Dividend,10.5843
2014-02-13,116630,Franklin India Fixed Tenure Fund - Series XVI - Growth,11.5541
2014-02-13,116631,Franklin India Fixed Tenure Fund - Series XVI - Dividend,11.079
2014-02-13,116632,Franklin U.S. Opportunities Equity Active Fund of Funds - IDCW,18.02
2014-02-13,116633,Franklin U.S. Opportunities Equity Active Fund of Funds - Growth,18.02
2014-02-13,116660,Reliance Fixed Horizon Fund XXI - Series 30 - Growth Option,11.9049
2014-02-13,116661,Reliance Fixed Horizon Fund - XXI - Series 30 - Dividend Payout Option,11.9049
2014-02-13,116665,ICICI Prudential Capital Protection Oriented Fund II - Series VII - 24 Months - Cumulative,11.8324
2014-02-13,116666,ICICI Prudential Capital Protection Oriented Fund II - Series VII - 24 Months - Dividend,11.8324
2014-02-13,116670,Reliance Dual Advantage Fixed Tenure Fund - II - Plan A - Growth Option,11.1852
2014-02-13,116671,Reliance Dual Advantage Fixed Tenure Fund - II - Plan A - Dividend Payout Option,11.1852
2014-02-13,116678,DWS Fixed Maturity Plan - Series 4 (DFMP - 4) - Dividend (Payout Option),11.2176
2014-02-13,116679,DWS Fixed Maturity Plan - Series 4 (DFMP - 4) - Growth,11.8628
2014-02-13,116683,DWS Hybrid Fixed Term Fund - Series 5 - Growth,10.8025
2014-02-13,116684,DWS Hybrid Fixed Term Fund - Series 5 - Dividend (Payout),10.8025
2014-02-13,116685,DHFL PRAMERICA SHORT TERM FLOATING RATE FUND - GROWTH,1196.0463
2014-02-13,116697,Morgan Stanley Multi Asset Fund- Plan A- Regular- Growth,11.3128
2014-02-13,116698,Morgan Stanley Multi Asset Fund- Plan B- Regular Growth,11.0137
2014-02-13,116699,Sundaram Fixed Term Plan -CH- Growth Option,11.8183
2014-02-13,116700,Sundaram Fixed Term Plan -CH- Dividend Payout Option,11.8182
2014-02-13,116705,Morgan Stanley Multi Asset Fund Plan B- Regular Monthly Dividend,10.0703
2014-02-13,116707,Morgan Stanley Multi Asset Fund Plan A- Regular- Monthly Dividend,10.2467
2014-02-13,116708,Morgan Stanley Multi Asset Fund Plan A- Regular Qtr Dividend,10.1886
2014-02-13,116710,Morgan Stanley Multi Asset Fund Plan B- Regular- Qtr Dividend,10.1322
2014-02-13,116713,DSP BlackRock Dual Advantage Fund - Series 1 - 36M (Maturity Date 12-Mar-2015) - Growth Option,11.0542
2014-02-13,116714,DSP BlackRock Dual Advantage Fund - Series 1 - 36M (Maturity Date 12-Mar-2015) - Dividend Option,11.0542
2014-02-13,116723,DHFL PRAMERICA SHORT TERM FLOATING RATE FUND - MONTHLY DIVIDEND OPTION,1004.867
2014-02-13,116725,DHFL PRAMERICA SHORT TERM FLOATING RATE FUND - DAILY DIVIDEND  OPTION,1004.22
2014-02-13,116748,ICICI Prudential Fixed Maturity Plan-Series 62-786 Days Plan E Dividend,10.6188
2014-02-13,116749,ICICI Prudential Fixed Maturity Plan-Series 62-786 Days Plan E Cumulative,11.838
2014-02-13,116795,Aditya Birla Sun Life Gold Fund-REGULAR - IDCW,10.2184
2014-02-13,116796,Aditya Birla Sun Life Gold Fund-Growth,10.2186
2014-02-13,116810,IDBI Dynamic Bond Fund Quarterly IDCW Regular,10.1678
2014-02-13,116811,IDBI Dynamic Bond Fund Growth Direct,11.0376
2014-02-13,116814,Aditya Birla Sun Life Fixed Term Plan-Series ER-Dividend,11.8032
2014-02-13,116815,Aditya Birla Sun Life Fixed Term Plan-Series ER-Growth,11.8032
2014-02-13,116850,DSP BlackRock FTP - Series 7 - 24M - Dividend Option,11.8891
2014-02-13,116851,DSP BlackRock FTP - Series 7 - 24M - Growth Option,11.8891
2014-02-13,116887,ICICI Prudential Fixed Maturity Plan-Series 63-750 Days Plan F Cumulative,11.7991
2014-02-13,116888,ICICI Prudential Fixed Maturity Plan-Series 63-750 Days Plan F Dividend,10.5704
2014-02-13,116893,Aditya Birla Sun Life Capital Protection Oriented Fund-Series 9-Growth,11.333
2014-02-13,116894,Axis Strategic Bond Fund - Regular Plan - Growth Option,11.4132
2014-02-13,116895,Axis Strategic Bond Fund - Regular Plan - Quarterly IDCW,10.3609
2014-02-13,116896,Axis Strategic Bond Fund - Regular Plan - Half Yearly IDCW,10.418
2014-02-13,116901,DSP BlackRock Dual Advantage Fund - Series 2 - 36M - Dividend Option,11.2955
2014-02-13,116902,DSP BlackRock Dual Advantage Fund - Series 2 - 36M - Growth Option,11.2955
2014-02-13,116913,DWS Premier Bond Fund - Premium Plus Plan - Annual Dividend,11.2883
2014-02-13,116914,DWS Premier Bond Fund - Premium Plus Plan - Quarterly Dividend,10.2795
2014-02-13,116932,Reliance Dual Advantge Fixed Tenure Fund II - Plan B - Growth Option,11.2194
2014-02-13,116933,Reliance Dual Advantage Fixed Tenure Fund II - Plan B - Dividend Payout Option,11.2194
2014-02-13,116957,TFMP 39 Scheme J-Periodic Dividend Payout Option,11.7747
2014-02-13,116958,TFMP 39 Scheme J- Growth Option,11.7747
2014-02-13,116987,ICICI Prudential Capital Protection Oriented Fund II - Series VIII - 24 Months - Cumulative,11.6479
2014-02-13,116988,ICICI Prudential Capital Protection Oriented Fund II - Series VIII - 24 Months - Dividend,11.6479
2014-02-13,117007,ICICI Prudential Multiple Yield Fund - Series 2 - Plan E - Cumulative,11.1872
2014-02-13,117008,ICICI Prudential Multiple Yield Fund - Series 2 - Plan E - Dividend,10.4483
2014-02-13,117017,Birla Sun Life Fixed Term Plan-Series EZ-Dividend,11.9606
2014-02-13,117018,Birla Sun Life Fixed Term Plan-Series EZ-Growth,11.9606
2014-02-13,117027,HDFC FMP 772D March 2012 (1)-Growth Option,11.8741
2014-02-13,117028,HDFC FMP 772D March 2012 (1)- Dividend Option,11.8741
2014-02-13,117029,HDFC FMP 772D March 2012 (1)- Quarterly Dividend Option,10.3331
2014-02-13,117056,ICICI Prudential Fixed Maturity Plan-Series 63-3 Year Plan G Cumulative,11.6786
2014-02-13,117057,ICICI Prudential Fixed Maturity Plan-Series 63-3 Year Plan G Dividend,10.4063
2014-02-13,117059,DSP Credit Risk Fund - Institutional Plan - Quarterly Dividend,1027.6743
2014-02-13,117061,DSP Credit Risk Fund - Regular Plan - IDCW - Monthly,10.1714
2014-02-13,117062,DSP Credit Risk Fund - Regular Plan - IDCW - Quarterly,10.2769
2014-02-13,117063,DSP Ultra Short Fund - Regular Plan - IDCW - Monthly,1014.7033
2014-02-13,117076,Canara Robeco Gold Exchange Traded Fund,2924.2161
2014-02-13,117112,Birla Sun Life Fixed Term Plan-Series FB-Dividend,11.9063
2014-02-13,117113,Birla Sun Life Fixed Term Plan-Series FB-Growth,11.9063
2014-02-13,117120,UTI-FTIF Series-XI Plan V (1120 Days) - Growth Option,11.8208
2014-02-13,117121,UTI-FTIF Series-XI Plan V (1120 Days) - Dividend Option,10.1283
2014-02-13,117134,DWS Hybrid Fixed Term Fund - Series 6 - Dividend (Payout),11.6796
2014-02-13,117135,DWS Hybrid Fixed Term Fund - Series 6 - Growth,11.6796
2014-02-13,117141,Motilal Oswal MOSt Shares Gold ETF (MOSt Gold Shares),2789.1553
2014-02-13,117155,Kotak FMP Series 85 (36 Months) - Dividend,11.8398
2014-02-13,117156,Kotak FMP Series 85 (36 Months) - Growth,11.8398
2014-02-13,117205,ICICI Prudential Multiple Yield Fund - Series 2 - Plan F - Dividend,10.8978
2014-02-13,117206,ICICI Prudential Multiple Yield Fund - Series 2 - Plan F - Cumulative,11.5707
2014-02-13,117214,ICICI Prudential Fixed Maturity Plan-Series 63-3 Year Plan H Cumulative,11.6198
2014-02-13,117215,ICICI Prudential Fixed Maturity Plan-Series 63-3 Year Plan H Dividend,10.5046
2014-02-13,117222,Reliance Dual Advantage Fixed Tenure Fund II - Plan C - Dividend Payout Option,11.5786
2014-02-13,117223,Reliance Dual Advantage Fixed Tenure Fund II - Plan C - Growth Option,11.5786
2014-02-13,117224,Reliance Fixed Horizon Fund - XXI - Series 26 - Growth Option,11.712
2014-02-13,117225,Reliance Fixed Horizon Fund - XXI - Series 26 - Dividend Payout Option,11.712
2014-02-13,117264,Aditya Birla Sun Life Fixed Term Plan-Series FE-Dividend,11.7151
2014-02-13,117265,Aditya Birla Sun Life Fixed Term Plan-Series FE-Growth,11.7151
2014-02-13,117280,Union Short Term Fund - Fortnightly Dividend Option,1007.7059
2014-02-13,117281,Union Short Term Fund - Growth Option,1174.8911
2014-02-13,117282,Union Short Term Fund - Daily Dividend Option,1001.7531
2014-02-13,117283,Union Short Term Fund - Monthly Dividend Option,1042.1745
2014-02-13,117284,Union Short Term Fund - Weekly Dividend Option,1004.7936
2014-02-13,117301,HDFC FMP 24M April 2012 (1)-Growth Option,11.786
2014-02-13,117302,HDFC FMP 24M April 2012 (1)-Dividend Option,11.786
2014-02-13,117303,HDFC FMP 24M April 2012 (1)-Quarterly Dividend Option,10.1398
2014-02-13,117304,DSP BlackRock Dual Advantage Fund - Series 3 - 36M - Growth Option,11.4411
2014-02-13,117305,DSP BlackRock Dual Advantage Fund - Series 3 - 36M - Dividend Option,11.4411
2014-02-13,117310,IDBI India Top 100 Equity Fund IDCW,12.34
2014-02-13,117311,IDBI India Top 100 Equity Fund Growth,12.34
2014-02-13,117312,Taurus Banking & Financial Services Fund - Regular Plan - Growth,10.38
2014-02-13,117313,Taurus Banking & Financial Services Fund - Regular Plan - Payout of Income Distribution cum Capital Withdrawal option,9.28
2014-02-13,117330,ICICI Prudential Medium Term Bond Fund - Half Yearly IDCW,10.4873
2014-02-13,117331,JPMorgan India Hybrid Fund - Series 1 - Growth Option,11.724
2014-02-13,117332,JPMorgan India Hybrid Fund - Series 1 - Dividend Option,11.724
2014-02-13,117339,Reliance Dual Advantage Fixed Tenure Fund II - Plan G - Growth Option,11.5343
2014-02-13,117340,Reliance Dual Advantage Fixed Tenure Fund II - Plan G - Dividend Payout Option,11.5343
2014-02-13,117350,ICICI Prudential Capital Protection Oriented Fund II - Series IX - 36 Months - Cumulative,12.0463
2014-02-13,117351,ICICI Prudential Capital Protection Oriented Fund II - Series IX - 36 Months - Dividend,12.0463
2014-02-13,117366,ICICI Prudential Fixed Maturity Plan-Series 63-3 Year Plan K Dividend,10.5362
2014-02-13,117367,ICICI Prudential Fixed Maturity Plan-Series 63-3 Year Plan K Cumulative,11.5606
2014-02-13,117368,ICICI Prudential Interval Fund II Quarterly Interval Plan A - Retail Quarterly Dividend Payout,10.0036
2014-02-13,117393,Union Asset Allocation Fund - Growth Option,10.9667
2014-02-13,117394,Union Asset Allocation Fund - Dividend Option,10.9667
2014-02-13,117411,BNP Paribas Income and Gold Fund - Growth,10.5405
2014-02-13,117412,BNP Paribas Income and Gold Fund - Dividend Option - Dividend Payout,10.5396
2014-02-13,117413,BNP Paribas Income and Gold Fund - Dividend Option - Dividend Reinvestment,10.5396
2014-02-13,117414,Tata Capital Protection Oriented Fund Series I -3 years  -Growth,11.434
2014-02-13,117415,Tata Capital Protection Oriented Fund Series I -3 years  -Dividend Payout,11.4341
2014-02-13,117446,Axis Banking & PSU Debt Fund - Regular Plan - Growth option,1154.5828
2014-02-13,117447,Axis Banking & PSU Debt Fund - Regular Plan - Daily IDCW,1005.2036
2014-02-13,117448,Axis Banking & PSU Debt Fund - Regular Plan - Weekly IDCW,1005.2339
2014-02-13,117449,Axis Banking & PSU Debt Fund - Regular Plan - Monthly IDCW,1007.7598
2014-02-13,117471,ICICI Prudential Capital Protection Oriented Fund II - Series X - 36 Months - Cumulative,11.5548
2014-02-13,117472,ICICI Prudential Capital Protection Oriented Fund II - Series X - 36 Months - Dividend,11.5548
2014-02-13,117527,DSP BlackRock Dual Advantage Fund - Series 4 - 36M - Growth Option,11.5317
2014-02-13,117528,DSP BlackRock Dual Advantage Fund - Series 4 - 36M - Dividend Option,11.5317
2014-02-13,117540,Canara Robeco Gold Savings Fund - Regular Plan - Dividend,9.673
2014-02-13,117541,Canara Robeco Gold Savings Fund - Regular Plan - Growth,9.6678
2014-02-13,117544,IIFL Dividend Opportunities Index Fund - Growth,10.2935
2014-02-13,117545,IIFL Dividend Opportunities Index Fund - Dividend,10.2935
2014-02-13,117547,Baroda BNP Paribas Banking and Financial Services Fund - Regular - IDCW Option,9.14
2014-02-13,117549,Baroda BNP Paribas Banking and Financial Services Fund - Regular - Growth Option,9.14
2014-02-13,117559,Axis Focused Fund - Regular Plan - IDCW,11.51
2014-02-13,117560,Axis Focused Fund - Regular Plan - Growth Option,11.5
2014-02-13,117561,Reliance Dual Advantage Fixed Tenure Fund II - Plan D - Growth Option,11.2408
2014-02-13,117562,Reliance Dual Advantage Fixed Tenure Fund II - Plan D - Dividend Payout Option,11.2408
2014-02-13,117565,DWS Hybrid Fixed Term Fund - Series 7 - Dividend (Payout),11.2273
2014-02-13,117566,DWS Hybrid Fixed Term Fund - Series 7 - Annual Dividend (Payout),10.9229
2014-02-13,117567,DWS Hybrid Fixed Term Fund - Series 7 - Quarterly Dividend (Payout),10.5383
2014-02-13,117568,DWS Hybrid Fixed Term Fund - Series 7 - Growth,11.2273
2014-02-13,117589,HDFC FMP 1120D June 2012 (1)-Growth Option,11.495
2014-02-13,117590,HDFC FMP 1120D June 2012 (1)-Dividend Option,11.495
2014-02-13,117591,HDFC FMP 1120D June 2012 (1)-Quarterly Dividend Option,10.0917
2014-02-13,117600,Reliance Dual Advantage Fixed Tenure Fund II - Plan H - Growth Option,11.2167
2014-02-13,117601,Reliance Dual Advantage Fixed Tenure Fund II - Plan H - Dividend Payout Option,11.2167
2014-02-13,117608,Quantum Multi Asset Active FOF - Direct Plan Growth Option,11.3054
2014-02-13,117619,ICICI Prudential US Bluechip Equity Fund - IDCW,15.7
2014-02-13,117620,ICICI Prudential US Bluechip Equity Fund - Growth,15.7
2014-02-13,117621,ICICI Prudential Fixed Maturity Plan-Series 63-3 Year Plan L Cumulative,11.4513
2014-02-13,117622,ICICI Prudential Fixed Maturity Plan-Series 63-3 Year Plan L Dividend,10.5347
2014-02-13,117629,Baroda Dynamic Bond Fund - Plan A - IDCW,9.9835
2014-02-13,117631,Baroda Dynamic Bond Fund - Plan A - Growth Option,11.0605
2014-02-13,117634,Birla Sun Life Fixed Term Plan - Series FF-Growth,11.4828
2014-02-13,117635,Birla Sun Life Fixed Term Plan - Series FF-Dividend,11.4828
2014-02-13,117636,Aditya Birla Sun Life Capital Protection Oriented Fund - Series 10-Growth,11.319
2014-02-13,117657,DSP BlackRock Dual Advantage Fund - Series 5 - 36M - Growth Options,11.3656
2014-02-13,117658,DSP BlackRock Dual Advantage Fund - Series 5 - 36M - Dividend Options,11.3656
2014-02-13,117691,DSP US Specific Equity Omni FoF - Regular Plan - Growth Option,14.9635
2014-02-13,117692,DSP US Specific Equity Omni FoF - Regular Plan - IDCW,14.9635
2014-02-13,117700,ICICI Prudential Fixed Maturity Plan-Series 63-3 Year Plan M Cumulative,11.3257
2014-02-13,117701,ICICI Prudential Fixed Maturity Plan-Series 63-3 Year Plan M Dividend,10.5448
2014-02-13,117704,Reliance Dual Advantage Fixed Tenure Fund II - Plan E - Dividend Payout Option,11.1573
2014-02-13,117705,Reliance Dual Advantage Fixed Tenure Fund II - Plan E - Growth Option,11.1573
2014-02-13,117706,ICICI Prudential Medium Term Bond Fund Plan B - Half Yearly Dividend,10.4323
2014-02-13,117711,Tata Capital Protection Oriented Fund Series II- Growth option,11.118
2014-02-13,117712,Tata Capital Protection Oriented Fund Series II-Dividend Payout,11.118
2014-02-13,117714,IDBI GOLD FUND,9.1393
2014-02-13,117715,Kotak Credit Risk Fund - Regular Plan - Standard Income Distribution cum capital withdrawal option,10.7703
2014-02-13,117716,Kotak Credit Risk Fund - Growth,13.2903
2014-02-13,117717,Kotak Credit Risk Fund - Monthly Payout of Income Distribution cum capital withdrawal option,10.1673
2014-02-13,117718,Kotak Credit Risk Fund - Quarterly Payout of Income Distribution cum capital withdrawal option,10.3753
2014-02-13,117719,Kotak Credit Risk Fund - Weekly Payout of Income Distribution cum capital withdrawal option,9.9962
2014-02-13,117720,JPMorgan India Income Fund - Series 301 - Growth Option,11.2522
2014-02-13,117721,JPMorgan India Income Fund - Series 301 - Dividend Option,10.8877
2014-02-13,117722,JPMorgan India Income Fund - Series 501 - Growth Option,11.136
2014-02-13,117723,JPMorgan India Income Fund - Series 501 - Dividend Option,10.8259
2014-02-13,117751,JPMorgan India Liquid Fund - Super Institutional Plan - Annual Dividend Option,11.3657
2014-02-13,117755,JPMorgan India Treasury Fund - Super Institutional Plan - Bonus Option,11.0492
2014-02-13,117758,JPMorgan India Active Bond Fund - Retail Plan - Annual Dividend Option,10.6904
2014-02-13,117769,ICICI Prudential Fixed Maturity Plan-Series 64-3 Year Plan H Dividend,10.5281
2014-02-13,117770,ICICI Prudential Fixed Maturity Plan-Series 64-3 Year Plan H Cumulative,11.1856
2014-02-13,117771,IDFC FTP SERIES I(36 Months) - Quarterly Dividend,10.2385
2014-02-13,117772,IDFC FTP SERIES I (36 Months)- Half Yearly Dividend,10.4139
2014-02-13,117773,IDFC FTP SERIES I (36 Months) - Growth,11.2803
2014-02-13,117774,IDFC FTP SERIES I (36 Months) - Dividend,10.5923
2014-02-13,117775,IDFC FTP SERIES I (36 Months) - Monthly Dividend,10.4131
2014-02-13,117778,Reliance Fixed Horizon Fund - XXII - Series 21 - Growth Option,11.3757
2014-02-13,117779,Reliance Fixed Horizon Fund - XXII - Series 21 - Dividend Payout Option,11.3757
2014-02-13,117789,IDFC FTP SERIES - 2 (1 Year) - Monthly Dividend,10.4383
2014-02-13,117790,IDFC FTP SERIES - 2 (1Year) - Dividend,10.6476
2014-02-13,117791,IDFC FTP SERIES - 2 (1 Year)- Half Yearly Dividend,10.4398
2014-02-13,117792,IDFC FTP SERIES - 2 (1 Year) - Growth,11.3477
2014-02-13,117793,IDFC FTP SERIES - 2 (1 Year) - Quarterly Dividend,10.2473
2014-02-13,117794,Reliance Fixed Horizon Fund - XXII - Series 22 - Growth Option,11.2573
2014-02-13,117795,Reliance Fixed Horizon Fund - XXII - Series 22 - Dividend Payout Option,11.2573
2014-02-13,117796,Reliance Fixed Horizon Fund - XXII - Series 23 - Growth Option,11.2541
2014-02-13,117797,Reliance Fixed Horizon Fund - XXII - Series 23 - Dividend Payout Option,11.2541
2014-02-13,117801,Aditya Birla Sun Life Capital Protection Oriented Fund - Series 12 - Growth,11.1342
2014-02-13,117802,Aditya Birla Sun Life Fixed Term Plan - Series FW (1105 days) - Dividend,11.2906
2014-02-13,117803,Aditya Birla Sun Life Fixed Term Plan - Series FW (1105 days) - Growth,11.2906
2014-02-13,117804,ICICI Prudential Fixed Maturity Plan-Series 64-3 Year Plan I Cumulative,11.2452
2014-02-13,117805,ICICI Prudential Fixed Maturity Plan-Series 64-3 Year Plan I Dividend,10.5664
2014-02-13,117808,DSP BlackRock FTP - Series 11 - 36M - Growth Option,11.2271
2014-02-13,117809,DSP BlackRock FTP - Series 11 - 36M - Dividend Payout Option,11.2271
2014-02-13,117810,ESSEL FLEXIBLE INCOME FUND-GROWTH,10.8593
2014-02-13,117813,Reliance Fixed Horizon Fund - XXII - Series 24 - Dividend Payout Option,11.1755
2014-02-13,117814,Reliance Fixed Horizon Fund - XXII - Series 24 - Growth Option,11.1755
2014-02-13,117817,DWS Hybrid Fixed Term Fund - Series 8 - Annual Dividend (Payout),10.7542
2014-02-13,117818,DWS Hybrid Fixed Term Fund - Series 8 - Dividend (Payout),10.9571
2014-02-13,117819,DWS Hybrid Fixed Term Fund - Series 8 - Growth,10.9571
2014-02-13,117820,DWS Hybrid Fixed Term Fund - Series 8 - Quarterly Dividend (Payout),10.3712
2014-02-13,117836,ESSEL FLEXIBLE INCOME FUND - QUARTERLY DIVIDEND,9.9886
2014-02-13,117839,ESSEL FLEXIBLE INCOME FUND MONTHLY DIVIDEND,9.9557
2014-02-13,117844,Aditya Birla Sun Life Fixed Term Plan - Series FX (1093 days) - Dividend,11.1809
2014-02-13,117845,Aditya Birla Sun Life Fixed Term Plan - Series FX (1093 days) - Growth,11.1809
2014-02-13,117846,Union KBC Capital Protection Oriented Fund - Series 1 - Dividend Option,10.6082
2014-02-13,117847,Union KBC Capital Protection Oriented Fund - Series 1 - Growth Option,10.6082
2014-02-13,117848,Reliance Fixed Horizon Fund - XXII - Series 26 - Growth Option,11.3017
2014-02-13,117849,Reliance Fixed Horizon Fund - XXII - Series 26 - Dividend Payout Option,11.3017
2014-02-13,117850,JPMorgan India Fixed Maturity Plan - Series 302 - Growth Option,11.0958
2014-02-13,117851,JPMorgan India Fixed Maturity Plan - Series 302 - Dividend Option,10.42
2014-02-13,117852,JPMorgan India Fixed Maturity Plan - Series 502 - Growth Option,10.9339
2014-02-13,117853,JPMorgan India Fixed Maturity Plan - Series 502 - Dividend Option,10.3804
2014-02-13,117854,JPMorgan India Short Term Income Fund - Regular Plan - Dividend Option,11.0313
2014-02-13,117855,ICICI Prudential Fixed Maturity Plan-Series 64-3 Year Plan K Cumulative,11.103
2014-02-13,117856,ICICI Prudential Fixed Maturity Plan-Series 64-3 Year Plan K Dividend,10.4845
2014-02-13,117863,UTI-FTIF Series-XII Plan VIII (1098 Days) - Quarterly Dividend Option,10.1006
2014-02-13,117864,UTI-FTIF Series-XII Plan VIII (1098 Days) - Maturity Dividend Option,11.254
2014-02-13,117865,UTI-FTIF Series-XII Plan VIII (1098 Days) - Growth Option,11.254
2014-02-13,117866,UTI-FTIF Series-XII Plan VIII (1098 Days) - Annual Dividend Option,10.7342
2014-02-13,117874,JPMorgan India Treasury Fund - Super Institutional Plan - Dividend Option,11.2076
2014-02-13,117882,DWS Hybrid Fixed Term Fund - Series 9 - Regular Dividend (Payout),10.4404
2014-02-13,117883,DWS Hybrid Fixed Term Fund - Series 9 - Quarterly Dividend (Payout),10.058
2014-02-13,117884,DWS Hybrid Fixed Term Fund - Series 9 - Growth,10.4396
2014-02-13,117885,DWS Hybrid Fixed Term Fund - Series 9 - Annual Dividend (Payout),10.4404
2014-02-13,117886,DWS Fixed Maturity Plan - Series 16 (DFMP - 16) - Annual Dividend (Payout Option),11.0986
2014-02-13,117887,DWS Fixed Maturity Plan - Series 16 (DFMP - 16) - Growth,11.0986
2014-02-13,117888,DWS Fixed Maturity Plan - Series 16 (DFMP - 16) - Dividend (Payout Option),10.8895
2014-02-13,117889,DWS Fixed Maturity Plan - Series 16 (DFMP - 16) - Quarterly Dividend (Payout Option),10.4802
2014-02-13,117890,DWS Hybrid Fixed Term Fund - Series 10 - Annual Dividend (Payout),10.2685
2014-02-13,117891,DWS Hybrid Fixed Term Fund - Series 10 - Growth,10.4728
2014-02-13,117892,DWS Hybrid Fixed Term Fund - Series 10 - Quarterly Dividend (Payout),10.0212
2014-02-13,117893,DWS Hybrid Fixed Term Fund - Series 10 - Regular Dividend (Payout),10.1277
2014-02-13,117906,SBI Edge Fund - REGULAR PLAN Growth,12.9071
2014-02-13,117907,SBI Edge Fund - REGULAR PLAN - Dividend,11.4378
2014-02-13,117910,Principal Pnb Fixed Maturity Plan - Series B2 - Dividend Option,11.1004
2014-02-13,117911,Principal Pnb Fixed Maturity Plan - Series B2 - Growth Option,11.1004
2014-02-13,117926,Aditya Birla Sun Life Capital Protection Oriented Fund - Series 11- Growth,10.8852
2014-02-13,117929,Aditya Birla Sun Life Fixed Term Plan - Series FZ (1093 days) - Growth,11.0141
2014-02-13,117930,Aditya Birla Sun Life Fixed Term Plan - Series FZ (1093 days) - Dividend,11.0141
2014-02-13,117931,IDFC FTP S4 (36 Months) -Dividend,10.505
2014-02-13,117932,IDFC FTP S4 (36 Months) -Growth,11.0071
2014-02-13,117933,IDFC FTP S4 (36 Months)-Monthly Dividend,10.4197
2014-02-13,117934,IDFC FTP S4 (36 Months)-Half Yearly Dividend,10.421
2014-02-13,117935,IDFC FTP S4 (36 Months)-Quarterly Dividend,10.3366
2014-02-13,117936,UTI FTIF Series XII - X ( 1096 DAYS) - Maturity Dividend Option,11.0942
2014-02-13,117937,UTI FTIF Series XII - X ( 1096 DAYS) - Growth Option,11.0942
2014-02-13,117938,UTI FTIF Series XII - X ( 1096 DAYS) - Quarterly Dividend Option,10.0977
2014-02-13,117939,UTI FTIF Series XII - X ( 1096 DAYS) - Annual Dividend Option,10.6631
2014-02-13,117940,BNP PARIBAS LIQUID FUND  MONTHLY DIVIDEND OPTION,10.0303
2014-02-13,117941,BNP PARIBAS LIQUID FUND  GROWTH OPTION,19.5043
2014-02-13,117942,BNP PARIBAS LIQUID FUND  WEEKLY DIVIDEND OPTION,10.0022
2014-02-13,117943,BNP PARIBAS LIQUID FUND DAILY DIVIDEND OPTION,10.0049
2014-02-13,117944,BNP PARIBAS LOW DURATION FUND DAILY Income Distribution cum Capital Withdrawal OPTION,10.0604
2014-02-13,117945,BNP PARIBAS LOW DURATION FUND GROWTH OPTION,19.2088
2014-02-13,117946,BNP PARIBAS LOW DURATION FUND WEEKLY Income Distribution cum Capital Withdrawal OPTION,10.0102
2014-02-13,117947,BNP PARIBAS LOW DURATION FUND MONTHLY Income Distribution cum Capital Withdrawal OPTION,10.0285
2014-02-13,117948,BNP PARIBAS CORPORATE BOND FUND QUARTERLY Income Distribution cum Capital Withdrawal OPTION,10.126
2014-02-13,117949,BNP PARIBAS CORPORATE BOND FUND ANNUAL Income Distribution cum Capital Withdrawal OPTION,10.5734
2014-02-13,117950,BNP PARIBAS CORPORATE BOND FUND MONTHLY Income Distribution cum Capital Withdrawal OPTION,10.0228
2014-02-13,117951,BNP PARIBAS CORPORATE BOND FUND GROWTH OPTION,13.3838
2014-02-13,117952,BNP PARIBAS SHORT TERM FUND QUARTERLY Income Distribution cum Capital Withdrawal OPTION,10.1133
2014-02-13,117953,BNP PARIBAS SHORT TERM FUND GROWTH OPTION,14.3028
2014-02-13,117954,BNP PARIBAS SHORT TERM FUND WEEKLY Income Distribution cum Capital Withdrawal OPTION,10.045
2014-02-13,117955,BNP PARIBAS SHORT TERM FUND MONTHLY Income Distribution cum Capital Withdrawal OPTION,10.0287
2014-02-13,117956,BNP PARIBAS SHORT TERM FUND DAILY Income Distribution cum Capital Withdrawal OPTION,10.0315
2014-02-13,117957,BNP Paribas Flexi Debt Fund Growth Option,20.7629
2014-02-13,117958,BNP Paribas Flexi Debt Fund Daily Income Distribution cum Capital Withdrawal Option,10.0438
2014-02-13,117959,BNP Paribas Flexi Debt Fund Weekly Income Distribution cum Capital Withdrawal Option,10.0454
2014-02-13,117960,BNP Paribas Flexi Debt Fund Monthly Income Distribution cum Capital Withdrawal Option,9.9988
2014-02-13,117961,BNP Paribas Flexi Debt Fund Quarterly Income Distribution cum Capital Withdrawal Option,10.1583
2014-02-13,117962,BNP Paribas Flexi Debt Fund Half Yearly Income Distribution cum Capital Withdrawal Option,10.3056
2014-02-13,117964,Reliance Fixed Horizon Fund - XXII - Series 28 - Dividend Payout Option,11.0485
2014-02-13,117965,Reliance Fixed Horizon Fund - XXII - Series 28 - Growth Option,11.0485
2014-02-13,117966,Reliance Fixed Horizon Fund - XXII - Series 29 - Growth Option,11.073
2014-02-13,117967,Reliance Fixed Horizon Fund - XXII - Series 29 - Dividend Option,11.073
2014-02-13,117971,ICICI Prudential Fixed Maturity Plan-Series 65-3 Year Plan A Cumulative,11.0398
2014-02-13,117972,ICICI Prudential Fixed Maturity Plan-Series 65-3 Year Plan A Dividend,10.4645
2014-02-13,117973,Invesco India Short Duration Fund - Regular Plan - Daily IDCW (Reinvestment),1003.5526
2014-02-13,117974,NIPPON INDIA DYNAMIC BOND FUND - QUARTERLY IDCW Option,10.2453
2014-02-13,117975,Reliance Fixed Horizon Fund XXII - Series 30 - Growth Option,10.8927
2014-02-13,117976,Reliance Fixed Horizon Fund XXII - Sereis 30 - Dividend Payout Option,10.8927
2014-02-13,117977,Franklin India Fixed Tenure Fund - Series XVII - Growth,10.7866
2014-02-13,117978,Franklin India Fixed Tenure Fund - Series XVII - Dividend,10.3813
2014-02-13,117979,Axis Capital Protection Oriented Fund - Series 5 - Growth Option,10.6577
2014-02-13,117980,Axis Capital Protection Oriented Fund - Series 5 - Dividend option,10.6577
2014-02-13,117981,UTI Credit Risk Fund  - Regular Plan - Growth Option,10.9815
2014-02-13,117982,UTI Credit Risk Fund - Regular Plan - Quarterly IDCW,10.4691
2014-02-13,117983,SBI DEBT FUND SERIES - 18 MONTHS - 11 - DIVIDEND,11.1198
2014-02-13,117984,SBI DEBT FUND SERIES - 18 MONTHS - 11 - GROWTH,11.1198
2014-02-13,117985,Aditya Birla Sun Life Capital Protection Oriented Fund - Series 13 - Growth,10.6894
2014-02-13,117992,Goldman Sachs India Equity Fund - Dividend Plan,11.05
2014-02-13,117993,Goldman Sachs India Equity Fund - Growth Plan,11.05
2014-02-13,117995,DSP Ultra Short Fund - Regular Plan - IDCW - Payout,1117.4361
2014-02-13,117998,Kotak Dynamic Bond Fund Regular Plan - Standard Income Distribution cum capital withdrawal option,11.1361
2014-02-13,118003,ICICI Prudential Capital Protection Oriented Fund III - PLAN A - 36 Months - Cumulative,10.9453
2014-02-13,118004,ICICI Prudential Capital Protection Oriented Fund III - PLAN A - 36 Months - Dividend,10.9453
2014-02-13,118005,Birla Sun Life Fixed Term Plan - Series GA (518 days) - Dividend,11.0886
2014-02-13,118006,Birla Sun Life Fixed Term Plan - Series GA (518 days) - Growth,11.0886
2014-02-13,118007,ICICI Prudential Capital Protection Oriented Fund III - PLAN B - 60 Months - Cumulative,10.9466
2014-02-13,118008,ICICI Prudential Capital Protection Oriented Fund III - PLAN B - 60 Months - Dividend,10.9466
2014-02-13,118019,ICICI Prudential Gilt Fund Investment Plan PF Option - Half Yearly Dividend,9.9695
2014-02-13,118020,Sundaram Capital Protection Oriented Fund 3 Years (Series 9) - Dividend Payout Option,10.6886
2014-02-13,118021,Sundaram Capital Protection Oriented Fund 3 Years (Series 9) - Growth Option,10.689
2014-02-13,118022,ICICI Prudential Gilt Fund Treasury Plan PF Option - Quarterly Dividend,10.1986
2014-02-13,118024,Reliance Fixed Horizon Fund XXII - Series 32 - Growth Option,10.792
2014-02-13,118025,Reliance Fixed Horizon Fund XXII - Series 32 - Dividend Payout Option,10.792
2014-02-13,118027,Aditya Birla Sun Life Capital Protection Oriented Fund - Series 14 - Growth,10.3285
2014-02-13,118028,Union KBC Asset Allocation Fund - Conservative Plan - Dividend Option,9.9241
2014-02-13,118029,Union KBC Asset Allocation Fund - Conservative Plan - Growth Option,9.9241
2014-02-13,118030,IDBI Gilt Fund Growth,10.4637
2014-02-13,118031,IDBI Gilt Fund Quarterly IDCW,10.3103
2014-02-13,118034,IDBI Gilt Fund Annual IDCW,10.4638
2014-02-13,118035,Reliance Fixed Horizon Fund - XXII - Series 33- Grwoth Option,11.0079
2014-02-13,118036,Reliance Fixed Horizon Fund - XXII - Series 33 - Dividend Payout Option,11.0079
2014-02-13,118037,ICICI Prudential Interval Fund II Quarterly Interval Plan B - Quarterly Dividend Payout,10.1982
2014-02-13,118043,L&T Flexicap Fund-Regular Plan-Growth,37.919
2014-02-13,118044,L&T Flexicap Fund-Regular Plan-IDCW,20.162
2014-02-13,118047,L&T  Tax Advantage Fund-Regular Plan-Growth,23.586
2014-02-13,118048,L&T Tax Advantage Fund-Regular Plan-IDCW,17.407
2014-02-13,118049,L&T Large and Midcap Fund-Regular Plan-Growth,21.604
2014-02-13,118050,L&T Large and Midcap Fund-Regular Plan-IDCW,19.587
2014-02-13,118051,L&T Flexi Bond Fund - Retail Plan Growth Option,15.8667
2014-02-13,118052,L&T Flexi Bond Fund - Retail Plan Dividend Option,10.1979
2014-02-13,118053,L&T Flexi Bond Fund - Regular Plan - Growth,12.7407
2014-02-13,118054,L&T Flexi Bond Fund - Regular Plan - IDCW,10.1134
2014-02-13,118055,L&T Cash Fund - Retail Plan - Growth option,1648.4764
2014-02-13,118056,L&T Overnight Fund - Regular Plan - Daily IDCW,1023.3
2014-02-13,118058,L&T Overnight Fund - Regular Plan - Growth,1714.9738
2014-02-13,118059,L&T Cash Fund - Institutional Plan - Growth Option,1696.4446
2014-02-13,118062,L&T Cash Fund - Retail Plan - Monthly Dividend Option,1016.0739
2014-02-13,118065,L&T Overnight Fund - Regular Plan - Weekly IDCW,1000.676
2014-02-13,118066,L&T Overnight Fund  - Regular Plan - Monthly IDCW,1018.864
2014-02-13,118067,L&T Indo Asia Fund - Regular Plan - Growth Option,15.416
2014-02-13,118068,L&T Indo Asia Fund - Regular Plan - Dividend Option,15.416
2014-02-13,118069,L&T India Large Cap Fund - Regular Plan - Growth,13.245
2014-02-13,118070,L&T India Large Cap Fund - Regular Plan - IDCW,12.271
2014-02-13,118071,L&T Banking and PSU Debt Fund - Institutional Plan - Growth Option,15.5803
2014-02-13,118074,L&T Banking and PSU Debt Fund - Retail Plan - Growth Option,15.6846
2014-02-13,118075,L&T Banking and PSU Debt Fund - Retail Plan - Monthly Dividend Option,10.1627
2014-02-13,118076,L&T Banking and PSU Debt Fund - Regular Plan - Daily IDCW,10.1991
2014-02-13,118077,L&T Banking and PSU Debt Fund - Regular Plan - Weekly IDCW,10.1239
2014-02-13,118078,L&T Banking and PSU Debt Fund - Regular Plan - Growth,11.1868
2014-02-13,118080,L&T Banking and PSU Debt Fund -  Regular Plan - Monthly IDCW,10.13
2014-02-13,118102,L&T India Value Fund-Regular Plan-Growth,12.39
2014-02-13,118103,L&T India Value Fund-Regular Plan-IDCW,12.39
2014-02-13,118104,L&T Global Real Assets Fund-Regular Plan-Growth Option,18.86
2014-02-13,118106,L&T Global Real Assets Fund-Regular Plan - Dividend Option,18.86
2014-02-13,118133,L&T Low Duration Fund-Regular Plan - Growth,12.99
2014-02-13,118134,L&T Low Duration Fund-Regular Plan - IDCW,10.2268
2014-02-13,118169,L&T Fixed Maturity Plan Series VI-Plan D-Dividend Option,12.0134
2014-02-13,118170,L&T Fixed Maturity Plan Series VI-Plan D-Growth Option,12.0134
2014-02-13,118182,HDFC FMP 566D December 2012 (1)-Dividend Option,11.0231
2014-02-13,118183,HDFC FMP 566D December 2012 (1)-Growth Option,11.0231
2014-02-13,118184,HDFC FMP 566D December 2012 (1)-Quarterly Dividend Option,10.1327
2014-02-13,118185,HDFC FMP 566D December 2012 (1)-Flexi Option,11.0231
2014-02-13,118186,ICICI Prudential Fixed Maturity Plan-Series 65-502 Days Plan C Cumulative,11.0358
2014-02-13,118187,ICICI Prudential Fixed Maturity Plan-Series 65-502 Days Plan C Dividend,11.0358
2014-02-13,118191,L&T Hybrid Equity Fund- Regular Plan - Growth,12.151
2014-02-13,118192,L&T Hybrid Equity Fund- Regular Plan - IDCW,12.151
2014-02-13,118193,L&T Balanced Advantage Fund-Regular Plan-IDCW,12.422
2014-02-13,118194,L&T Balanced Advantage Fund-Regular Plan-Growth,12.422
2014-02-13,118211,SBI Credit Risk Fund - Regular Plan - Daily Income Distribution cum Capital Withdrawal Option (IDCW),10.07
2014-02-13,118220,SBI DEBT FUND SERIES - 60 MONTHS - 2 - DIVIDEND,10.7238
2014-02-13,118221,SBI DEBT FUND SERIES - 60 MONTHS - 2 - GROWTH,10.7238
2014-02-13,118222,Reliance Fixed Horizon Fund - XXII -Series -34 Growth Option,10.9306
2014-02-13,118223,Reliance Fixed Horizon Fund - XXII - Series 34 - Dividend Payout Option,10.9306
2014-02-13,118226,ICICI Prudential Capital Protection Oriented Fund III - PLAN C - 36 Months - Cumulative,10.8089
2014-02-13,118227,ICICI Prudential Capital Protection Oriented Fund III - PLAN C - 36 Months - Dividend,10.8089
2014-02-13,118232,Invesco India Banking and PSU Fund - Regular Plan - Growth Option,1081.4371
2014-02-13,118233,Invesco India Banking and PSU Fund - Regular Plan - Monthly IDCW (Payout / Reinvestment),1012.1074
2014-02-13,118234,Invesco India Banking and PSU Fund - Regular Plan - Daily IDCW (Reinvestment),1003.1019
2014-02-13,118238,ICICI Prudential Fixed Maturity Plan-Series 65-488 Days Plan D Dividend,10.9993
2014-02-13,118239,ICICI Prudential Fixed Maturity Plan-Series 65-488 Days Plan D Cumulative,10.9993
2014-02-13,118240,Birla Sun Life Fixed Term Plan-Series GB (541 days)-Dividend,11.0234
2014-02-13,118241,Birla Sun Life Fixed Term Plan-Series GB (541 days)-Growth,11.0234
2014-02-13,118242,Aditya Birla Sun Life Fixed Term Plan-Series GC (1217 days)-Dividend,10.9364
2014-02-13,118243,Aditya Birla Sun Life Fixed Term Plan-Series GC (1217 days)-Growth,10.9364
2014-02-13,118248,HDFC FMP 526D December 2012 (1)-Growth Option,11.0223
2014-02-13,118249,HDFC FMP 526D December 2012 (1)-Dividend Option,11.0223
2014-02-13,118250,HDFC FMP 526D December 2012 (1)-Quarterly Dividend Option,10.2367
2014-02-13,118251,HDFC FMP 526D December 2012 (1)-Flexi Option,11.0223
2014-02-13,118263,DSP BlackRock FTP - Series 13 - 15M - Dividend Payout Option,10.9758
2014-02-13,118264,DSP BlackRock FTP - Series 13 - 15M - Growth Option,10.9758
2014-02-13,118265,Canara Robeco Nifty Index-Direct Plan - Dividend,20.0103
2014-02-13,118266,Canara Robeco Nifty Index-Direct Plan - Growth,31.5423
2014-02-13,118267,CANARA ROBECO INFRASTRUCTURE FUND - DIRECT PLAN - GROWTH OPTION,19.64
2014-02-13,118268,CANARA ROBECO INFRASTRUCTURE FUND - DIRECT PLAN - IDCW (Payout/Reinvestment),14.95
2014-02-13,118269,CANARA ROBECO LARGE CAP FUND - DIRECT PLAN - GROWTH OPTION,11.94
2014-02-13,118270,CANARA ROBECO LARGE CAP FUND - DIRECT PLAN - IDCW (Payout/Reinvestment),11.95
2014-02-13,118271,CANARA ROBECO EQUITY HYBRID FUND - DIRECT PLAN - MONTHLY IDCW (Payout/Reinvestment),56.82
2014-02-13,118272,CANARA ROBECO EQUITY HYBRID FUND - DIRECT PLAN - GROWTH OPTION,71.22
2014-02-13,118273,CANARA ROBECO CONSUMPTION FUND - DIRECT PLAN - GROWTH OPTION,14.8
2014-02-13,118274,CANARA ROBECO CONSUMPTION FUND - DIRECT PLAN - IDCW (Payout/Reinvestment),13.79
2014-02-13,118275,CANARA ROBECO FLEXICAP FUND - DIRECT PLAN - GROWTH OPTION,63.0
2014-02-13,118276,CANARA ROBECO FLEXICAP FUND - DIRECT PLAN - IDCW (Payout/Reinvestment),27.26
2014-02-13,118277,CANARA ROBECO LARGE AND MID CAP FUND - DIRECT PLAN - IDCW (Payout/Reinvestment),18.61
2014-02-13,118278,CANARA ROBECO LARGE AND MID CAP FUND - DIRECT PLAN - GROWTH OPTION,27.28
2014-02-13,118281,CANARA ROBECO INCOME FUND - DIRECT PLAN - QUARTERLY IDCW (Payout/Reinvestment),13.0452
2014-02-13,118282,CANARA ROBECO INCOME FUND - DIRECT PLAN - GROWTH OPTION,25.5813
2014-02-13,118283,CANARA ROBECO DYNAMIC BOND FUND - DIRECT PLAN - IDCW (Payout/Reinvestment),12.0849
2014-02-13,118284,CANARA ROBECO DYNAMIC BOND FUND - DIRECT PLAN - GROWTH OPTION,13.5542
2014-02-13,118285,CANARA ROBECO ELSS TAX SAVER - DIRECT PLAN - GROWTH OPTION,29.67
2014-02-13,118286,CANARA ROBECO ELSS TAX SAVER - DIRECT PLAN - IDCW (Payout),19.82
2014-02-13,118291,CANARA ROBECO SAVINGS FUND - DIRECT PLAN - GROWTH OPTION,19.7337
2014-02-13,118292,CANARA ROBECO SAVINGS FUND - DIRECT PLAN - IDCW (Payout/Reinvestment),17.673
2014-02-13,118293,CANARA ROBECO SAVINGS FUND - DIRECT PLAN - DAILY IDCW (Reinvestment),10.2597
2014-02-13,118294,CANARA ROBECO SAVINGS FUND - DIRECT PLAN - WEEKLY IDCW (Payout/Reinvestment),10.2597
2014-02-13,118295,CANARA ROBECO SAVINGS FUND - DIRECT PLAN - MONTHLY IDCW (Payout/Reinvestment),10.2887
2014-02-13,118296,Canara Robeco Gilt Advantage Fund - Direct Plan - Dividend Option,11.8559
2014-02-13,118297,Canara Robeco Gilt Advantage Fund - Direct Plan - Growth Option,12.5935
2014-02-13,118298,CANARA ROBECO GILT FUND - DIRECT PLAN - IDCW (Payout/Reinvestment),12.1099
2014-02-13,118299,CANARA ROBECO GILT FUND - DIRECT PLAN - GROWTH OPTION,31.6581
2014-02-13,118300,Canara Robeco Gold Savings Fund - Direct Plan - Dividend Option,9.7017
2014-02-13,118301,Canara Robeco Gold Savings Fund - Direct Plan - Growth Option,9.7012
2014-02-13,118302,Canara Robeco InDiGo Fund - Direct Plan - Growth,13.3187
2014-02-13,118303,Canara Robeco InDiGo Fund - Direct Plan - Quarterly Dividend,11.2258
2014-02-13,118304,CANARA ROBECO LIQUID FUND - DIRECT PLAN - IDCW (Payout/Reinvestment),1104.4901
2014-02-13,118305,CANARA ROBECO LIQUID FUND - DIRECT PLAN - GROWTH OPTION,1542.7212
2014-02-13,118306,CANARA ROBECO LIQUID FUND - DIRECT PLAN - MONTHLY IDCW (Payout/Reinvestment),1003.7578
2014-02-13,118307,CANARA ROBECO LIQUID FUND - DIRECT PLAN - DAILY IDCW (Reinvestment),1005.5
2014-02-13,118308,CANARA ROBECO LIQUID FUND - DIRECT PLAN - WEEKLY IDCW (Payout/Reinvestment),1000.2667
2014-02-13,118309,CANARA ROBECO CONSERVATIVE HYBRID FUND - DIRECT PLAN - GROWTH OPTION,36.3072
2014-02-13,118310,CANARA ROBECO CONSERVATIVE HYBRID FUND - DIRECT PLAN - QUARTERLY IDCW (Payout/Reinvestment),13.8177
2014-02-13,118311,CANARA ROBECO CONSERVATIVE HYBRID FUND - DIRECT PLAN - MONTHLY IDCW (Payout/Reinvestment),13.5435
2014-02-13,118312,Canara Robeco Short Term Fund- Direct Plan - Growth,14.3732
2014-02-13,118313,Canara Robeco Short Term Fund- Direct Plan - Monthly Dividend,10.1486
2014-02-13,118314,Canara Robeco Short Term Fund- Direct Plan - Weekly Dividend,10.1159
2014-02-13,118315,CANARA ROBECO ULTRA SHORT TERM FUND - DIRECT PLAN - DAILY IDCW (Reinvestment),1240.6924
2014-02-13,118316,CANARA ROBECO ULTRA SHORT TERM FUND - DIRECT PLAN - WEEKLY IDCW (Payout/Reinvestment),1240.6924
2014-02-13,118317,CANARA ROBECO ULTRA SHORT TERM FUND - DIRECT PLAN - GROWTH OPTION,1925.1838
2014-02-13,118318,CANARA ROBECO ULTRA SHORT TERM FUND - DIRECT PLAN - MONTHLY IDCW (Payout/Reinvestment),1002.9985
2014-02-13,118319,CANARA ROBECO ULTRA SHORT TERM FUND - DIRECT PLAN - IDCW (Payout/Reinvestment),1102.5547
2014-02-13,118320,CANARA ROBECO SHORT DURATION FUND - DIRECT PLAN - GROWTH OPTION,12.3034
2014-02-13,118321,CANARA ROBECO SHORT DURATION FUND - DIRECT PLAN - MONTHLY IDCW (Payout/Reinvestment),12.3038
2014-02-13,118322,CANARA ROBECO SHORT DURATION FUND - DIRECT PLAN - QUARTERLY IDCW (Payout/Reinvestment),12.3036
2014-02-13,118326,Sundaram Banking & PSU Fund (Formerly Known as Sundaram Banking and PSU Debt Fund) Regular Plan - Bonus,19.8976
2014-02-13,118328,Sundaram Money Fund Regular Plan - Bonus,16.3719
2014-02-13,118331,Sundaram Monthly Income Plan - Moderate Plan - Bonus Option,11.8599
2014-02-13,118332,Sundaram Short Term Debt Fund Regular Plan -Growth,10.789
2014-02-13,118337,Reliance Fixed Horizon Fund - XXII - Series 37 - Growth Option,10.9714
2014-02-13,118338,Reliance Fixed Horizon Fund - XXII - Series 37 - Dividend Payout Option,10.9714
2014-02-13,118339,Kotak FMP Series 98 (496 Days) - Dividend,10.9832
2014-02-13,118340,Kotak FMP Series 98 (496 Days) - Growth,10.9832
2014-02-13,118341,IDBI Gilt Fund Growth Direct,10.4993
2014-02-13,118343,IDBI GOLD FUND Direct,9.1487
2014-02-13,118344,IDBI India Top 100 Equity Fund Growth Direct,12.41
2014-02-13,118345,IDBI Liquid Fund Growth Direct,1359.576
2014-02-13,118347,IDBI NIFTY 50  Index Fund Growth Direct,11.3916
2014-02-13,118348,IDBI Nifty Next 50 Index Fund Growth Direct,9.2821
2014-02-13,118349,IDBI Short Term Bond Fund Growth Direct,12.7951
2014-02-13,118350,IDBI UST Growth Direct,1352.4839
2014-02-13,118353,Reliance Fixed Horizon Fund - XXII - Series 38 - Growth Option,10.9378
2014-02-13,118354,Reliance Fixed Horizon Fund - XXII - Series 38 - Dividend Payout Option,10.9378
2014-02-13,118360,UTI FTIF Series XIII - III (549 DAYS)- Annual Dividend Option,10.7678
2014-02-13,118361,UTI FTIF Series XIII - III (549 DAYS)- Quarterly Dividend Option,10.7678
2014-02-13,118362,UTI FTIF Series XIII - III (549 DAYS) - Growth Option,11.0077
2014-02-13,118363,BANDHAN LIQUID Fund -Direct Plan-Periodic IDCW,1058.9769
2014-02-13,118364,BANDHAN LIQUID Fund -Direct Plan-Growth,1541.3071
2014-02-13,118365,BANDHAN LIQUID Fund -Direct Plan -Monthly IDCW,1010.8226
2014-02-13,118366,BANDHAN LIQUID Fund -Direct Plan-Daily IDCW,1000.34
2014-02-13,118367,BANDHAN LIQUID Fund -Direct Plan -Weekly IDCW,1006.248
2014-02-13,118368,BANDHAN Low Duration Fund-Direct Plan-Daily IDCW,10.0261
2014-02-13,118369,BANDHAN Low Duration Fund-Direct Plan-Quarterly IDCW,10.2844
2014-02-13,118370,BANDHAN Low Duration Fund-Direct Plan-Periodic IDCW,11.0588
2014-02-13,118371,BANDHAN Low Duration Fund-Direct Plan-Growth,17.6521
2014-02-13,118372,BANDHAN Low Duration Fund-Direct Plan-Monthly IDCW,10.1521
2014-02-13,118373,BANDHAN Low Duration Fund-Direct Plan-Weekly IDCW,10.0287
2014-02-13,118374,Reliance Fixed Horizon Fund - XXII - Direct Plan - Growth Option,10.9605
2014-02-13,118375,Reliance Fixed Horizon Fund - XXII - Series 38 - Direct Plan - Dividend Payout Option,10.9605
2014-02-13,118377,IDFC Money Manager Fund - Investment Plan -Direct Plan-Monthly Dividend,10.1907
2014-02-13,118378,IDFC Money Manager Fund - Investment Plan -Direct Plan-Weekly Dividend,10.256
2014-02-13,118379,IDFC Money Manager Fund - Investment Plan-Direct Plan-Growth,19.6254
2014-02-13,118380,IDFC Money Manager Fund - Investment Plan -Direct Plan-Periodic Dividend,10.8606
2014-02-13,118381,IDFC Money Manager Fund - Investment Plan -Direct Plan-Daily Dividend,10.0528
2014-02-13,118382,IDFC Money Manager Fund - Investment Plan -Direct Plan-Quarterly Dividend,10.4036
2014-02-13,118383,Bandhan Money Market Fund -Direct Plan-Daily IDCW,10.0699
2014-02-13,118384,Bandhan Money Market Fund -Direct Plan-Growth,20.0503
2014-02-13,118385,Bandhan Money Market Fund -Direct Plan-Monthly IDCW,10.2224
2014-02-13,118386,Bandhan Money Market Fund -Direct Plan-Weekly IDCW,10.0424
2014-02-13,118387,Bandhan Gilt Fund with 10 year constant duration Fund - Direct Plan - Growth,17.5241
2014-02-13,118393,Bandhan Medium to Long Duration Fund - Direct Plan - Annual IDCW,15.2458
2014-02-13,118394,Bandhan Medium to Long Duration Fund - Direct Plan - Growth,29.3468
2014-02-13,118396,Bandhan Medium to Long Duration Fund - Direct Plan - Quarterly IDCW,11.4981
2014-02-13,118399,Bandhan Medium Duration Fund - Direct Plan - Bi Monthly IDCW,11.0021
2014-02-13,118400,Bandhan Medium Duration Fund - Direct Plan - Daily IDCW,10.3922
2014-02-13,118401,Bandhan Medium Duration Fund - Direct Plan - Growth,21.1344
2014-02-13,118402,Bandhan Medium Duration Fund - Direct Plan - Monthly IDCW,10.3294
2014-02-13,118403,Bandhan Medium Duration Fund - Direct Plan - Quarterly IDCW,10.517
2014-02-13,118404,Bandhan Medium Duration Fund - Direct Plan - Fortnightly IDCW,10.1749
2014-02-13,118405,Bandhan Short Duration Fund - Direct Plan - Fortnightly IDCW,10.2471
2014-02-13,118406,Bandhan Short Duration Fund - Direct Plan - Monthly IDCW,10.2258
2014-02-13,118407,Bandhan Short Duration Fund - Direct Plan - Growth,25.7735
2014-02-13,118410,Bandhan Income Plus Arbitrage Active FOF - Direct Plan - Growth,19.4018
2014-02-13,118413,Bandhan Income Plus Arbitrage Active FOF - Direct Plan - Quarterly IDCW,12.061
2014-02-13,118415,BANDHAN Dynamic Bond Fund-Direct Plan-Annual IDCW,10.6407
2014-02-13,118416,BANDHAN Dynamic Bond Fund-Direct Plan-Growth,14.5281
2014-02-13,118417,BANDHAN Dynamic Bond Fund-Direct Plan-IDCW,10.6613
2014-02-13,118418,BANDHAN Dynamic Bond Fund-Direct Plan-Quarterly IDCW,10.2858
2014-02-13,118419,Bandhan Large & Mid Cap Fund - Direct Plan - Growth,22.2905
2014-02-13,118420,Bandhan Large & Mid Cap Fund - Direct Plan - IDCW,11.3534
2014-02-13,118421,Bandhan Focused Fund - Direct Plan - Growth,19.8063
2014-02-13,118422,Bandhan Focused Fund - Direct Plan - IDCW,12.1032
2014-02-13,118423,BANDHAN Flexi Cap Fund-Direct Plan-IDCW,24.724
2014-02-13,118424,BANDHAN Flexi Cap Fund-Direct Plan-Growth,41.883
2014-02-13,118427,Indiabulls Gilt Fund - Direct Plan -  Growth Option,1050.606
2014-02-13,118428,IDBI Dynamic Bond Fund Annual IDCW Direct,10.1839
2014-02-13,118429,IDBI Dynamic Bond Fund Quarterly IDCW Direct,10.5972
2014-02-13,118446,IDBI Gilt Fund Quarterly IDCW Direct,10.3442
2014-02-13,118447,IDBI Gilt Fund Annual IDCW Direct,10.49
2014-02-13,118448,IDBI India Top 100 Equity Fund IDCW Direct,12.41
2014-02-13,118449,IDBI Liquid Fund- Monthly IDCW Direct,1005.2934
2014-02-13,118450,IDBI Liquid Fund-Daily IDCW Direct,1001.0209
2014-02-13,118451,IDBI Liquid Fund-Weekly IDCW Direct,1004.1055
2014-02-13,118452,IDBI Equity Savings Fund Growth Option Direct,12.0726
2014-02-13,118453,IDBI Equity Savings Fund IDCW Option Direct,10.4762
2014-02-13,118454,IDBI Equity Savings Fund Option Direct,10.6497
2014-02-13,118455,IDBI Nifty 50 Index Fund IDCW Direct,10.8619
2014-02-13,118456,IDBI Nifty Next 50 Index Fund IDCW Direct,9.2821
2014-02-13,118457,IDBI Short Term Bond Fund Monthly IDCW Direct,10.7909
2014-02-13,118458,IDBI Short Term Bond Fund Weekly IDCW Direct,10.2036
2014-02-13,118459,IDBI UST Daily IDCW Direct,1020.5322
2014-02-13,118460,IDBI UST Monthly IDCW Direct,1072.0156
2014-02-13,118461,IDBI UST Weekly IDCW Direct,1032.4638
2014-02-13,118462,Franklin India Large Cap Fund - Direct - IDCW,30.0158
2014-02-13,118463,Bandhan Gilt Fund - Direct Plan - IDCW,12.0307
2014-02-13,118464,Bandhan Gilt Fund - Direct Plan - Growth,14.128
2014-02-13,118465,Bandhan Gilt Fund - Direct Plan - Half Yearly IDCW,10.3375
2014-02-13,118466,Bandhan Gilt Fund - Direct Plan - Quarterly IDCW,10.2626
2014-02-13,118467,Bandhan Gilt Fund - Direct Plan - Annual IDCW,10.4665
2014-02-13,118468,BANDHAN Infrastructure Fund-Direct Plan-IDCW,7.1092
2014-02-13,118469,BANDHAN Infrastructure Fund-Direct Plan-Growth,7.1071
2014-02-13,118472,BANDHAN ELSS Tax Saver Fund - Direct Plan - IDCW,13.4845
2014-02-13,118473,BANDHAN ELSS Tax Saver Fund - Direct Plan - Growth,24.097
2014-02-13,118474,BANDHAN Arbitrage Fund-Direct Plan- Growth,16.7935
2014-02-13,118475,BANDHAN Arbitrage Fund-Direct Plan-Monthly IDCW,12.7142
2014-02-13,118476,BANDHAN Equity Savings Fund-Direct Plan-Monthly IDCW,12.1482
2014-02-13,118477,BANDHAN Equity Savings Fund-Direct Plan-Growth,14.8282
2014-02-13,118478,BANDHAN Large Cap Fund-Direct Plan-IDCW,12.9555
2014-02-13,118479,BANDHAN Large Cap Fund-Direct Plan-Growth,17.8865
2014-02-13,118480,Bandhan Value Fund - Direct Plan - IDCW,12.8431
2014-02-13,118481,Bandhan Value Fund - Direct Plan - Growth,21.1636
2014-02-13,118482,BANDHAN Nifty 50 Index Fund-Direct Plan-Growth,11.8559
2014-02-13,118483,BANDHAN Nifty 50 Index Fund-Direct Plan-IDCW,11.9577
2014-02-13,118484,Bandhan Aggressive Hybrid Passive FOF - Direct Plan - IDCW,12.288
2014-02-13,118485,Bandhan Aggressive Hybrid Passive FOF - Direct Plan - Growth,13.4477
2014-02-13,118486,Bandhan Conservative Hybrid Passive FOF - Direct Plan - Growth,13.3147
2014-02-13,118487,Bandhan Conservative Hybrid Passive FOF - Direct Plan - IDCW,12.129
2014-02-13,118489,Bandhan Multi-Asset Passive FOF - Direct Plan - Growth,13.6454
2014-02-13,118490,BANDHAN Conservative Hybrid Fund-Direct Plan-IDCW,11.598
2014-02-13,118491,BANDHAN Conservative Hybrid Fund-Direct Plan-Growth,13.4819
2014-02-13,118492,BANDHAN Conservative Hybrid Fund-Direct Plan-Quarterly IDCW,11.8034
2014-02-13,118493,Templeton India Value Fund - Direct - IDCW,44.4419
2014-02-13,118494,Templeton India Value Fund - Direct - Growth,120.1215
2014-02-13,118495,Franklin India Dynamic Accrual Fund - Direct - Growth,41.1131
2014-02-13,118496,Franklin India Dynamic Accrual Fund - Direct - IDCW,10.992
2014-02-13,118497,Franklin India Government Securities Fund - Direct - IDCW,10.4483
2014-02-13,118498,Franklin India Government Securities Fund - Direct - Growth,26.8744
2014-02-13,118499,Franklin India GOVERNMENT SECURITIES FUND TREASURY PLAN - Direct - Growth,19.8525
2014-02-13,118500,Franklin India GOVERNMENT SECURITIES FUND TREASURY PLAN - Direct - Quarterly Dividend,11.5378
2014-02-13,118501,Franklin India GOVERNMENT SECURITIES FUND - Composite Plan - Direct - Quarterly Dividend,10.3892
2014-02-13,118502,Franklin India GOVERNMENT SECURITIES FUND - Composite Plan - Direct - Growth,38.3512
2014-02-13,118503,Templeton India GOVERNMENT SECURITIES FUND PF PLAN - Direct - Dividend,16.8446
2014-02-13,118504,Franklin India GOVERNMENT SECURITIES FUND PF PLAN - Direct - Growth,16.8446
2014-02-13,118505,Franklin India Money Market Fund Retail Option - Direct - Quarterly - IDCW,11.0916
2014-02-13,118506,Franklin India Money Market Fund - Direct - Growth,23.1262
2014-02-13,118507,Franklin India Floating Rate Fund - Direct - IDCW,10.0095
2014-02-13,118508,Franklin India Floating Rate Fund - Direct - Growth,20.4121
2014-02-13,118509,Franklin India Large & Mid cap Fund - Direct - IDCW,12.3154
2014-02-13,118510,Franklin India Large & Mid Cap Fund - Direct - Growth,36.8328
2014-02-13,118511,Franklin India Life Stage Fund of Funds - 20's Plan - Direct - IDCW,23.6437
2014-02-13,118512,Franklin INDIA LIFE STAGE FUND OF FUNDS - THE 20S PLAN - Direct - Growth,41.8882
2014-02-13,118513,Franklin India Life Stage Fund of Funds - 30's Plan - Direct - IDCW,19.6692
2014-02-13,118514,Franklin India Life Stage Fund of Funds - The 30s Plan - Direct - Growth,32.7117
2014-02-13,118515,Franklin India Life Stage Fund of Funds - 40's Plan - Direct - IDCW,13.1118
2014-02-13,118516,Franklin India Life Stage Fund of Funds - The 40s Plan - Direct - Growth,27.7458
2014-02-13,118517,Franklin India Life Stage Fund of Funds - 50's Plus Plan - Direct - IDCW,12.4177
2014-02-13,118518,Franklin India Life Stage Fund of Funds - The 50s Plus - Direct - Growth,22.2595
2014-02-13,118519,Franklin India Life Stage Fund Of Funds - The 50S Plus Floating Rate Plan - Direct - Growth,23.9997
2014-02-13,118520,Franklin India Life Stage Fund of Funds - 50's Plus Floating Rate Plan - Direct - IDCW,13.5485
2014-02-13,118521,Templeton India CHILDREN's ASSET PLAN EDUCATION - Direct - Growth,36.6108
2014-02-13,118522,Templeton India CHILDREN's ASSET PLAN GIFT - Direct - Dividend,50.9516
2014-02-13,118523,Templeton India CHILDREN's ASSET PLAN GIFT - Direct - Growth,50.9516
2014-02-13,118524,Franklin India Small Cap Fund - Direct - IDCW,14.5881
2014-02-13,118525,Franklin India Small Cap Fund - Direct - Growth,18.8458
2014-02-13,118526,Franklin India Dividend Yield Fund - Direct - IDCW,12.5056
2014-02-13,118527,Franklin India Dividend Yield Fund - Direct - Growth,23.256
2014-02-13,118528,Franklin India Low Duration Fund - Direct - Monthly - IDCW,10.4945
2014-02-13,118529,Franklin India Low Duration Fund - Direct - Quarterly - IDCW,10.4329
2014-02-13,118530,Franklin India Low Duration Fund - Direct - Growth,13.8024
2014-02-13,118531,Franklin India Large Cap Fund- Direct - Growth,235.7747
2014-02-13,118532,Franklin India Mid Cap Fund - Direct - IDCW,34.9845
2014-02-13,118533,Franklin India Mid Cap Fund - Direct - Growth,343.9269
2014-02-13,118534,Franklin India Flexi Cap Fund - Direct - IDCW,24.8884
2014-02-13,118535,Franklin India Flexi Cap Fund - Direct - Growth,258.0634
2014-02-13,118536,Franklin India Technology Fund - Direct - IDCW,23.3551
2014-02-13,118537,Franklin India Technology Fund - Direct - Growth,94.9512
2014-02-13,118538,Franklin INDIA OPPORTUNITIES FUND - Direct - IDCW,12.4543
2014-02-13,118539,Franklin India Opportunities Fund - Direct - Growth,32.485
2014-02-13,118540,Franklin India ELSS Tax Saver Fund - Direct - Growth,248.7968
2014-02-13,118541,Franklin India ELSS Tax Saver Fund - Direct - IDCW,27.56
2014-02-13,118542,Franklin India Dynamic Asset Allocation Active Fund of funds - Direct - IDCW,32.3936
2014-02-13,118543,Franklin India Dynamic Asset Allocation Active Fund Of Funds - Direct - Growth,46.522
2014-02-13,118544,Franklin India INDEX FUND BSE PLAN - Direct - Dividend,57.0774
2014-02-13,118545,Franklin India INDEX FUND BSE PLAN - Direct - Growth,57.0774
2014-02-13,118546,Franklin India Aggressive Hybrid Fund - Direct - Growth,57.5538
2014-02-13,118547,Franklin India Aggressive Hybrid Fund - Direct - IDCW,16.5686
2014-02-13,118548,Franklin India Retirement Fund - Direct - Growth,70.412
2014-02-13,118549,Franklin India Retirement Fund - Direct - IDCW,13.464
2014-02-13,118550,Franklin U.S. Opportunities Equity Active Fund of Funds - Direct - IDCW,18.2443
2014-02-13,118551,Franklin U.S. Opportunities Equity Active Fund of Funds - Direct - Growth,18.2443
2014-02-13,118552,Franklin India Credit Risk Fund - Direct - IDCW,10.9142
2014-02-13,118553,Franklin India Credit Risk Fund - Direct - Growth,12.5008
2014-02-13,118554,Franklin India Income Opportunities Fund - Direct - Growth,14.2972
2014-02-13,118555,Franklin India Income Opportunities Fund - Direct - IDCW,10.8478
2014-02-13,118556,Franklin Build India Fund - Direct - IDCW,11.2116
2014-02-13,118557,Franklin Build India Fund - Direct - Growth,13.7839
2014-02-13,118558,Franklin Asian Equity Fund - Direct - IDCW,13.0251
2014-02-13,118559,Franklin Asian Equity Fund - Direct - Growth,14.1924
2014-02-13,118560,Franklin India Ultra Short Bond Fund - Super Institutional Plan - Direct - Growth,16.6444
2014-02-13,118561,Franklin India Ultra Short Bond Fund Super Institutional Plan - Direct - Daily - IDCW,10.0238
2014-02-13,118562,Franklin India Ultra Short Bond Fund Super Institutional Plan - Direct - Weekly - IDCW,10.1021
2014-02-13,118563,Franklin India Focused Equity Fund - Direct - IDCW,13.3958
2014-02-13,118564,Franklin India Focused Equity Fund - Direct - Growth,15.3375
2014-02-13,118565,Franklin India SHORT TERM INCOME PLAN - Direct - GROWTH,2551.2138
2014-02-13,118566,Franklin India Short Term Income Plan -  Retail Plan - Direct - Quarterly - IDCW,1207.4686
2014-02-13,118567,Franklin India Short Term Income Plan -  Retail Plan - Direct - Monthly - IDCW,1178.8091
2014-02-13,118568,Franklin India Short Term Income Plan -  Retail Plan - Direct - Weekly - IDCW,1086.5959
2014-02-13,118569,Franklin India Corporate Debt Fund - Direct - GROWTH,42.5405
2014-02-13,118570,Franklin India Corporate Debt Fund - Plan A - Direct - Annual - IDCW,15.0775
2014-02-13,118571,Franklin India Corporate Debt Fund - Plan A - Direct - Monthly - IDCW,15.2165
2014-02-13,118572,Franklin India Corporate Debt Fund - Plan A - Direct - Quarterly - IDCW,13.1153
2014-02-13,118573,Franklin India Corporate Debt Fund - Plan A - Direct - Half yearly - IDCW,13.3822
2014-02-13,118574,Franklin India Conservative Hybrid Fund - Direct - GROWTH,34.4451
2014-02-13,118575,Franklin India Conservative Hybrid Fund - Plan A - Direct - Monthly - IDCW,12.4595
2014-02-13,118576,Franklin India Conservative Hybrid Fund - Plan A - Direct - Quarterly - IDCW,12.0681
2014-02-13,118577,Franklin India Liquid Fund - Super Institutional - Direct - Growth,1890.2918
2014-02-13,118578,Franklin India Liquid Fund - Super Institutional Plan - Direct - Daily - IDCW,1001.0741
2014-02-13,118579,Franklin India Liquid Fund - Super Institutional Plan - Direct - Weekly - IDCW,1022.3513
2014-02-13,118580,Franklin India INDEX FUND- NSE Nifty 50 Index Fund - Direct - IDCW,47.4159
2014-02-13,118581,Franklin India INDEX FUND- NSE NIFTY 50 INDEX FUND- Direct - Growth,47.4159
2014-02-13,118583,Nippon India Quarterly Interval Fund - Series III - Direct Plan Growth Plan - Growth,10.439
2014-02-13,118584,NIPPON INDIA QUARTERLY INTERVAL FUND - SERIES III - Direct Plan - IDCW Option,10.1603
2014-02-13,118585,Nippon India Arbitrage Fund - Direct Plan Growth Plan - Growth Option,13.5394
2014-02-13,118587,NIPPON INDIA ARBITRAGE FUND - DIRECT Plan - IDCW Option,13.5394
2014-02-13,118588,Nippon India Banking & Financial Services Fund - Direct Plan Growth Plan - Bonus Option,96.3564
2014-02-13,118589,Nippon India Banking & Financial Services Fund - Direct Plan Growth Plan - Growth Option,96.3564
2014-02-13,118591,Nippon India Banking & Financial Services Fund- DIRECT Plan - IDCW Option,32.4726
2014-02-13,118594,NIPPON INDIA MONTHLY INTERVAL FUND - SERIES II - Direct Plan - IDCW Option,10.0338
2014-02-13,118595,Nippon India Monthly Interval Fund - Series II - Direct Plan Growth Plan - Growth,17.0815
2014-02-13,118596,NIPPON INDIA MONTHLY INTERVAL FUND - SERIES I - Direct Plan - IDCW Option,10.068
2014-02-13,118598,Nippon India Monthly Interval Fund - Series I - Direct Plan Growth Plan - Growth,17.0301
2014-02-13,118600,Goldman Sachs India Equity Fund - Direct Plan -Dividend Option,11.12
2014-02-13,118601,Goldman Sachs India Equity Fund - Direct Plan -Growth Option,11.12
2014-02-13,118602,Goldman Sachs Short Term Fund -Direct Plan - Dividend Reinvestment Option - Daily Frequency,10.0
2014-02-13,118603,Goldman Sachs Short Term Fund - Direct Plan - Dividend Reinvestment Option - Weekly Frequency,10.0134
2014-02-13,118604,Goldman Sachs Short Term Fund - Direct Plan - Growth Option,12.7554
2014-02-13,118605,Goldman Sachs CNX 500 Fund - Direct Plan - Dividend Option,12.3423
2014-02-13,118606,Goldman Sachs CNX 500 Fund - Direct Plan - Growth Option,19.7224
2014-02-13,118609,Reliance Liquid Fund - Cash Plan - Direct Plan Monthly Dividend Plan,1008.3456
2014-02-13,118610,Reliance Liquid Fund - Cash Plan - Direct Plan - Growth Plan - Growth Option,2039.0413
2014-02-13,118611,Reliance Liquid Fund - Cash Plan - Direct Plan Weekly Dividend Reinvestment Option,1093.1437
2014-02-13,118612,Reliance Liquid Fund - Cash Plan - Direct Plan Quarterly Dividend Plan,1022.4981
2014-02-13,118614,Edelweiss Balanced Advantage Fund - Direct Plan - Quarterly - IDCW Option,11.32
2014-02-13,118615,Edelweiss Balanced Advantage Fund -Direct Plan-Growth Option,13.33
2014-02-13,118616,Edelweiss Large Cap Fund - Direct Plan - IDCW Option,13.42
2014-02-13,118617,Edelweiss Large Cap Fund - Direct Plan-Growth option,16.92
2014-02-13,118618,Reliance Liquid Fund - Cash Plan - Direct Plan Daily Dividend Reinvestment Option,1114.15
2014-02-13,118619,Edelweiss ELSS Tax Saver Fund - Direct Plan - IDCW Option,13.98
2014-02-13,118620,Edelweiss ELSS Tax Saver Fund - Direct Plan-Growth Option,23.24
2014-02-13,118621,NIPPON INDIA INTERVAL FUND - QUARTERLY PLAN - SERIES I - Direct Plan - IDCW Option,10.1136
2014-02-13,118623,Nippon India Interval Fund - Quarterly Plan - Series I - Direct Plan Growth Plan - Growth,17.3426
2014-02-13,118624,Edelweiss Aggressive Hybrid Fund-Direct Plan-Growth Option,13.06
2014-02-13,118625,Edelweiss Aggressive Hybrid Fund  - Direct Plan - IDCW Option,11.92
2014-02-13,118631,Edelweiss Gilt Fund -Direct Plan-Growth Option,11.5063
2014-02-13,118632,Nippon India Large Cap Fund - Direct Plan Growth Plan - Growth Option,14.4582
2014-02-13,118633,Nippon India Large Cap Fund - Direct Plan Growth Plan - Bonus Option,14.4582
2014-02-13,118634,NIPPON INDIA LARGE CAP FUND - DIRECT Plan - IDCW Option,12.3293
2014-02-13,118636,Edelweiss Liquid Fund-Direct Plan-Growth Option,1248.1371
2014-02-13,118638,Edelweiss Equity Savings Advantage Fund- Direct Plan- Growth Option,13.5805
2014-02-13,118639,Edelweiss Equity Savings Advantage Fund - Direct Plan- Dividend Option,10.3758
2014-02-13,118640,Reliance Focused Large Cap Fund - Direct Plan Dividend Plan,15.9495
2014-02-13,118641,Reliance Focused Large Cap Fund - Direct Plan Growth Plan - Bonus Option,15.9495
2014-02-13,118643,Reliance Focused Large Cap Fund - Direct Plan Growth Plan - Growth Option,15.9495
2014-02-13,118644,Edelweiss Emerging Leaders Fund - Direct Plan- Growth,12.47
2014-02-13,118645,Edelweiss Emerging Leaders Fund - Direct Plan- Dividend,12.47
2014-02-13,118646,Edelweiss Short Term Income Fund - Direct Plan- Growth Option,14.3527
2014-02-13,118648,Edelweiss Bond Fund  -Direct Plan- Growth Option,1509.3014
2014-02-13,118649,Edelweiss Bond Fund -Direct Plan- Daily Dividend Option,1000.4811
2014-02-13,118650,Nippon India Multi Cap Fund - Direct Plan Growth Plan - Growth Option,44.5315
2014-02-13,118651,Nippon India Multi Cap Fund - Direct Plan Growth Plan - Bonus Option,44.5315
2014-02-13,118652,NIPPON INDIA MULTI CAP FUND - DIRECT Plan - IDCW Option,26.9485
2014-02-13,118654,NIPPON INDIA FLOATER FUND - DIRECT Plan - DAILY IDCW Option,10.0625
2014-02-13,118655,NIPPON INDIA FLOATER FUND - DIRECT Plan - MONTHLY IDCW Option,10.3346
2014-02-13,118656,Nippon India Floater Fund  - Direct Plan Growth Plan - Growth Option,19.8254
2014-02-13,118660,NIPPON INDIA FLOATER  FUND - DIRECT Plan - WEEKLY IDCW Option,10.078
2014-02-13,118661,NIPPON INDIA FLOATER FUND - DIRECT Plan - QUARTERLY IDCW Option,10.1662
2014-02-13,118662,NIPPON INDIA GOLD SAVINGS FUND - Direct Plan - IDCW Option,13.7302
2014-02-13,118663,Nippon India Gold Savings Fund - Direct Plan Growth Plan - Growth Option,13.7302
2014-02-13,118665,Nippon India Growth Mid Cap Fund - Direct Plan Growth Plan - Bonus Option,77.4996
2014-02-13,118666,NIPPON INDIA GROWTH MID CAP FUND - DIRECT Plan - IDCW Option,50.8365
2014-02-13,118668,Nippon India Growth Mid Cap Fund - Direct Plan Growth Plan - Growth Option,466.4497
2014-02-13,118669,Nippon India Gilt  Fund - Direct Plan - P F Option - Automatic Capital Appreciation Payout Option,14.9529
2014-02-13,118670,NIPPON INDIA GILT  FUND - Direct Plan - MONTHLY IDCW Option,10.4501
2014-02-13,118672,Nippon India Gilt  Fund - Direct Plan Growth Plan - Growth Option,14.9911
2014-02-13,118673,Nippon India Gilt  Fund - Direct Plan - P F Option - Defined Maturity Date Option,14.9495
2014-02-13,118674,Nippon India Gilt Fund - Direct Plan - P F Option - Automatic Annual Reinvest Option,12.5517
2014-02-13,118675,Nippon India Vision Large & Mid Cap Fund - Direct Plan Growth Plan - Bonus Option,43.1353
2014-02-13,118676,NIPPON INDIA VISION LARGE & MID CAP  FUND - DIRECT Plan - IDCW Option,32.7516
2014-02-13,118678,Nippon India Vision Large & Mid Cap Fund - Direct Plan Growth Plan - Growth Option,254.5887
2014-02-13,118679,Nippon India Medium to Long Duration  Fund - Direct Plan Growth Plan-Bonus Option,11.5264
2014-02-13,118680,NIPPON INDIA MEDIUM TO LONG DURATION  FUND - Direct Plan - ANNUAL IDCW Option,13.4284
2014-02-13,118681,NIPPON INDIA MEDIUM TO LONG DURATION  FUND - Direct Plan - HALF YEARLY IDCW Option,12.8379
2014-02-13,118683,NIPPON INDIA MEDIUM TO LONG DURATION  FUND - Direct Plan - MONTHLY IDCW Option,10.4193
2014-02-13,118684,NIPPON INDIA MEDIUM TO LONG DURATION FUND - Direct Plan - QUARTERLY IDCW Option,13.2305
2014-02-13,118687,Nippon India Medium to Long Duration Fund - Direct Plan Growth Plan - Growth Option,39.3531
2014-02-13,118689,NIPPON INDIA QUARTERLY INTERVAL FUND - SERIES II - Direct Plan - IDCW Option,10.0219
2014-02-13,118691,Nippon India Quarterly Interval Fund - Series II - Direct Plan Growth Plan - Growth,17.2876
2014-02-13,118692,Nippon India Focused Fund - Direct Plan Growth Plan - Growth Option,16.9618
2014-02-13,118693,NIPPON INDIA FOCUSED  FUND - DIRECT Plan - IDCW Option,13.0142
2014-02-13,118695,NIPPON INDIA LIQUID FUND - DIRECT Plan - DAILY IDCW OPTION,1528.74
2014-02-13,118696,NIPPON INDIA LIQUID FUND - DIRECT Plan - MONTHLY IDCW OPTION,1596.4801
2014-02-13,118698,NIPPON INDIA LIQUID FUND - DIRECT Plan - QUARTERLY IDCW OPTION,1019.7966
2014-02-13,118700,NIPPON INDIA LIQUID FUND - DIRECT Plan - WEEKLY IDCW OPTION,1532.4682
2014-02-13,118701,Nippon India Liquid Fund - Direct Plan Growth Plan - Growth Option,3091.2198
2014-02-13,118702,Nippon India Low Duration Fund - Direct Plan Growth Plan - Bonus Option,1130.592
2014-02-13,118703,NIPPON INDIA LOW DURATION FUND - DIRECT Plan - DAILY IDCW Option,1002.1092
2014-02-13,118704,NIPPON INDIA LOW DURATION FUND - DIRECT Plan - MONTHLY IDCW Option,1017.8314
2014-02-13,118705,NIPPON INDIA LOW DURATION FUND - DIRECT Plan - QUARTERLY IDCW Option,1020.2099
2014-02-13,118706,NIPPON INDIA LOW DURATION FUND - DIRECT Plan - WEEKLY IDCW Option,1002.29
2014-02-13,118709,Nippon India Low Duration Fund - Direct Plan Growth Plan - Growth Option,1741.4027
2014-02-13,118715,Nippon India Money Market Fund - Direct Plan Growth Plan - Bonus Option,1123.9684
2014-02-13,118717,NIPPON INDIA MONEY MARKET FUND - DIRECT Plan - WEEKLY IDCW Option,1001.7723
2014-02-13,118718,NIPPON INDIA MONEY MARKET FUND - DIRECT Plan - DAILY IDCW Option,1000.51
2014-02-13,118719,Nippon India Money Market Fund - Direct Plan Growth Plan - Growth Option,1911.4369
2014-02-13,118720,NIPPON INDIA MONEY MARKET FUND - DIRECT Plan - MONTHLY IDCW Option,1005.6906
2014-02-13,118722,Nippon India Consumption Fund - Direct Plan Growth Plan - Bonus,36.6325
2014-02-13,118724,Nippon India Consumption Fund - Direct Plan Growth Plan - Growth Option,36.6325
2014-02-13,118725,NIPPON INDIA CONSUMPTION FUND - DIRECT Plan - IDCW Option,19.3602
2014-02-13,118726,Nippon India Conservative Hybrid  Fund - Direct Plan Growth Plan - Growth Option,26.3558
2014-02-13,118727,NIPPON INDIA CONSERVATIVE HYBRID  FUND - DIRECT Plan - MONTHLY IDCW Option,11.0932
2014-02-13,118729,NIPPON INDIA CONSERVATIVE HYBRID  FUND - DIRECT Plan - QUARTERLY IDCW Option,11.3038
2014-02-13,118732,Edelweiss Bond Fund -Direct Plan- Weekly Dividend Option,1001.9224
2014-02-13,118736,Nippon India Balanced Advantage Fund - Direct Plan Growth Plan - Growth Option,43.9404
2014-02-13,118737,Nippon India Balanced Advantage Fund - Direct Plan Growth Plan - Bonus Option,9.4652
2014-02-13,118738,NIPPON INDIA BALANCED ADVANTAGE FUND - DIRECT Plan - IDCW Option,20.2512
2014-02-13,118740,NIPPON INDIA INDEX FUND - NIFTY 50 PLAN - DIRECT Plan - QUARTERLY - IDCW Option,9.9914
2014-02-13,118741,Nippon India Index Fund - Nifty 50 Plan - Direct Plan Growth Plan - Growth Option,9.9914
2014-02-13,118742,Nippon India Index Fund - Nifty 50 Plan - Direct Plan Growth Plan - Bonus Option,9.9914
2014-02-13,118743,NIPPON INDIA INDEX FUND - NIFTY 50 PLAN - DIRECT Plan - ANNUAL - IDCW Option,9.9914
2014-02-13,118745,NIPPON INDIA INDEX FUND - NIFTY 50 PLAN - DIRECT Plan - HALF YEARLY - IDCW Option,9.9914
2014-02-13,118747,Nippon India Dynamic Bond Fund - Direct Plan Growth Plan - Growth Option,16.2829
2014-02-13,118749,NIPPON INDIA DYNAMIC BOND FUND - Direct Plan - QUARTERLY IDCW Option,10.1051
2014-02-13,118750,NIPPON INDIA DYNAMIC BOND FUND - Direct Plan - IDCW Option,15.0945
2014-02-13,118756,NIPPON INDIA PHARMA FUND - DIRECT Plan - IDCW Option,57.5849
2014-02-13,118758,Nippon India Pharma Fund - Direct Plan Growth Plan - Bonus Option,84.9972
2014-02-13,118759,Nippon India Pharma Fund - Direct Plan Growth Plan - Growth Option,84.9972
2014-02-13,118760,NIPPON INDIA POWER & INFRA FUND - DIRECT Plan - IDCW Option,22.7609
2014-02-13,118762,Nippon India Power & Infra Fund - Direct Plan Growth Plan - Bonus Option,44.9982
2014-02-13,118763,Nippon India Power & Infra Fund - Direct Plan Growth Plan - Growth Option,44.9982
2014-02-13,118764,IDFC  Government Securities Fund - Provident Fund -Direct Plan-Annual Dividend,12.482
2014-02-13,118765,IDFC  Government Securities Fund - Provident Fund -Direct Plan-Quarterly Dividend,12.1646
2014-02-13,118766,IDFC  Government Securities Fund - Provident Fund -Direct Plan-Growth,20.2891
2014-02-13,118767,NIPPON INDIA QUANT FUND - DIRECT Plan - IDCW Option,11.8277
2014-02-13,118769,Nippon India Quant Fund - Direct Plan Growth Plan - Growth Option,14.4727
2014-02-13,118770,Nippon India Quant Fund - Direct Plan Growth Plan - Bonus Option,14.4727
2014-02-13,118775,NIPPON INDIA SMALL CAP FUND - Direct Plan - IDCW Option,10.7396
2014-02-13,118777,Nippon India Small Cap Fund - Direct Plan Growth Plan - Bonus Option,11.7344
2014-02-13,118778,Nippon India Small Cap Fund - Direct Plan Growth Plan - Growth Option,11.7344
2014-02-13,118780,Nippon India Credit Risk Fund - Direct Plan - Growth Plan,17.0072
2014-02-13,118781,NIPPON INDIA CREDIT RISK FUND - DIRECT Plan - QUARTERLY IDCW Option,12.6916
2014-02-13,118782,NIPPON INDIA VALUE FUND - DIRECT Plan - IDCW Option,20.7373
2014-02-13,118784,Nippon India Value Fund - Direct Plan Growth Plan,31.7743
2014-02-13,118785,Nippon India Index Fund - BSE Sensex Plan - Direct Plan Growth Plan - Bonus Option,10.0155
2014-02-13,118786,NIPPON INDIA INDEX FUND - BSE SENSEX PLAN - DIRECT Plan - ANNUAL - IDCW Option,10.0155
2014-02-13,118788,NIPPON INDIA INDEX FUND - BSE SENSEX PLAN - DIRECT Plan - HALF YEARLY - IDCW Option,10.0155
2014-02-13,118790,NIPPON INDIA INDEX FUND - BSE SENSEX PLAN - DIRECT Plan - QUARTERLY - IDCW Option,10.0155
2014-02-13,118791,Nippon India Index Fund - BSE Sensex Plan - Direct Plan Growth Plan - Growth Option,10.0155
2014-02-13,118793,NIPPON INDIA AGGRESSIVE HYBRID FUND - DIRECT Plan - IDCW Option,14.528
2014-02-13,118794,Nippon India Aggressive Hybrid Fund  - Direct Plan Growth Plan,25.8429
2014-02-13,118796,Nippon India Short Duration Fund - Direct Plan Growth Plan - Growth Option,23.3521
2014-02-13,118797,NIPPON INDIA SHORT DURATION FUND - Direct Plan - MONTHLY IDCW Option,10.6946
2014-02-13,118800,NIPPON INDIA SHORT DURATION FUND - Direct Plan - QUARTERLY IDCW OPTION,14.0685
2014-02-13,118801,NIPPON INDIA ELSS TAX SAVER FUND - DIRECT Plan - IDCW Option,14.183
2014-02-13,118803,Nippon India ELSS Tax Saver Fund - Direct Plan Growth Plan - Growth Option,23.9271
2014-02-13,118804,Nippon India Annual Interval Fund - Series I - Direct Plan Growth Plan - Growth,12.7498
2014-02-13,118807,Nippon India Corporate Bond Fund - Direct Plan Growth Plan - Bonus,18.7051
2014-02-13,118808,NIPPON INDIA CORPORATE BOND FUND - DIRECT Plan - DAILY IDCW Option,17.0954
2014-02-13,118809,NIPPON INDIA CORPORATE BOND FUND - DIRECT Plan - MONTHLY IDCW Option,10.6245
2014-02-13,118811,NIPPON INDIA CORPORATE BOND FUND - DIRECT Plan - QUARTERLY IDCW Option,11.2448
2014-02-13,118812,NIPPON INDIA CORPORATE BOND FUND - DIRECT Plan - WEEKLY IDCW Option,17.0978
2014-02-13,118814,Nippon India Corporate Bond Fund - Direct Plan Growth Plan - Growth Option,26.1996
2014-02-13,118816,Indiabulls Gilt Fund - Direct Plan - Weekly Dividend Option,981.8588
2014-02-13,118819,Indiabulls Gilt Fund - Direct Plan - Bonus Option,1050.5877
2014-02-13,118820,Indiabulls Gilt Fund - Indirect Plan - Growth Option,1035.2038
2014-02-13,118821,Indiabulls Gilt Fund - Indirect Plan - Weekly Dividend Option,972.0786
2014-02-13,118822,Indiabulls Gilt Fund - Indirect Plan - Fortnightly Dividend Option,970.5783
2014-02-13,118823,Indiabulls Gilt Fund - Indirect Plan - Monthly Dividend Option,970.6604
2014-02-13,118825,Mirae Asset Large Cap Fund - Direct Plan - Growth,19.995
2014-02-13,118826,Mirae Asset Large Cap Fund Direct IDCW,14.894
2014-02-13,118828,Mirae Asset Global Commodity Stocks - Direct Plan - Growth,11.765
2014-02-13,118829,Mirae Asset Global Commodity Stocks - Direct Plan - Dividend,11.765
2014-02-13,118831,Mirae Asset China Advantage Fund - Direct Plan - Growth,13.791
2014-02-13,118832,Mirae Asset China Advantage Fund - Direct Plan - Dividend,13.791
2014-02-13,118834,Mirae Asset Large & Midcap Fund - Direct Plan - Growth,15.31
2014-02-13,118835,Mirae Asset Large & Midcap Fund - Direct Plan - IDCW,13.987
2014-02-13,118837,Mirae Asset Great Consumer Fund - Direct Plan - Growth,14.37
2014-02-13,118838,Mirae Asset Great Consumer Fund Direct IDCW,14.37
2014-02-13,118840,Mirae Asset Low Duration Fund - Direct Plan - Growth,1145.8187
2014-02-13,118841,Mirae Asset Low Duration Fund - Direct Plan - Monthly IDCW,1113.5139
2014-02-13,118842,Mirae Asset Low Duration Fund - Direct Plan - Quarterly IDCW,1050.0698
2014-02-13,118843,Mirae Asset Low Duration Fund - Direct Plan - Daily IDCW,1037.904
2014-02-13,118844,Mirae Asset Low Duration Fund - Direct Plan - Weekly IDCW,1115.6934
2014-02-13,118847,Mirae Asset Short Term Bond Fund - Direct Plan - Growth,13.0129
2014-02-13,118849,Mirae Asset Short Term Bond Fund - Direct Plan - Quarterly Dividend,12.6985
2014-02-13,118850,Mirae Asset Short Term Bond Fund - Direct Plan - Weekly Dividend,11.0914
2014-02-13,118859,Mirae Asset Liquid Fund - Direct Plan - Growth,1348.0078
2014-02-13,118861,Mirae Asset Liquid Fund - Direct Plan -Daily IDCW,1060.8618
2014-02-13,118862,Mirae Asset Liquid Fund - Direct Plan - Weekly IDCW,1182.8991
2014-02-13,118864,DSP BlackRock Dual Advantage Fund - Series 11 - 36M - Regular Plan - Growth Option (Maturity Date 04-Apr-2016),10.2717
2014-02-13,118865,DSP BlackRock Dual Advantage Fund - Series 11 - 36M - Regular Plan - Dividend Payout Option (Maturity Date 04-Apr-2016),10.2717
2014-02-13,118866,Taurus ELSS Tax Saver Fund - Direct Plan - Growth,36.38
2014-02-13,118867,Taurus ELSS Tax Saver Fund - Direct Plan - Payout of Income Distribution cum Capital Withdrawal option,17.07
2014-02-13,118868,Taurus Banking & Financial Services Fund - Direct Plan - Growth,10.39
2014-02-13,118869,Taurus Banking & Financial Services Fund - Direct Plan - Payout of Income Distribution cum Capital Withdrawal option,10.44
2014-02-13,118870,Taurus Large Cap Fund - Direct Plan - Growth,40.6
2014-02-13,118871,Taurus Large Cap Fund - Direct Plan - Payout of Income Distribution cum Capital Withdrawal option,40.6
2014-02-13,118872,Taurus Mid Cap Fund - Direct Plan - Growth,16.33
2014-02-13,118873,Taurus Mid Cap Fund - Direct Plan - Payout of Income Distribution cum Capital Withdrawal option,16.33
2014-02-13,118874,Taurus Dynamic Income Fund-Direct Plan-Growth Option,12.6289
2014-02-13,118875,Taurus Dynamic Income Fund-Direct Plan-Dividend Option,10.2145
2014-02-13,118876,Taurus Ethical Fund - Direct Plan - Growth,26.35
2014-02-13,118877,Taurus Ethical Fund - Direct Plan - Payout of Income Distribution cum Capital Withdrawal option,17.75
2014-02-13,118878,Taurus Ethical Fund-Direct Plan-Bonus Option #,26.35
2014-02-13,118879,Taurus Infrastructure Fund - Direct Plan - Growth,10.34
2014-02-13,118880,Taurus Infrastructure Fund - Direct Plan - Payout of Income Distribution cum Capital Withdrawal option,9.74
2014-02-13,118881,Taurus Nifty 50 Index Fund - Direct Plan - Growth,11.2764
2014-02-13,118882,Taurus Nifty 50 Index Fund - Direct Plan - Payout of Income Distribution cum Capital Withdrawal option,11.2765
2014-02-13,118883,Taurus Flexi Cap Fund - Direct Plan - Growth,60.32
2014-02-13,118884,Taurus Flexi Cap Fund - Direct Plan -  Payout of Income Distribution cum Capital Withdrawal option,42.46
2014-02-13,118885,Taurus MIP Advantage-Direct Plan-Growth Option,12.5847
2014-02-13,118886,Taurus MIP Advantage-Direct Plan-Dividend Option,10.1629
2014-02-13,118887,Taurus Gilt Fund-Direct Plan-Growth Option,17.1551
2014-02-13,118888,Taurus Gilt Fund-Direct Plan-Dividend Option,16.841
2014-02-13,118889,Taurus Short Term Income Fund-Direct Plan-Growth Option,2210.3571
2014-02-13,118890,Taurus Short Term Income Fund-Direct Plan-Dividend Option,1536.1736
2014-02-13,118891,Taurus Liquid Fund-Direct Plan-SI Daily Dividend Option,1000.262
2014-02-13,118892,Taurus Liquid Fund-Direct Plan-SI Weekly Dividend Option,1001.7042
2014-02-13,118893,Taurus Liquid Fund-Direct Plan-SI Growth Option,1370.9166
2014-02-13,118894,Taurus Ultra Short Term Bond Fund-Direct Plan-SI Growth Option,1517.9504
2014-02-13,118895,Taurus Ultra Short Term Bond Fund-Direct Plan-SI Daily Dividend Option,1001.8759
2014-02-13,118896,Taurus Ultra Short Term Bond Fund-Direct Plan-SI Weekly Dividend Option,1003.7337
2014-02-13,118897,ICICI Prudential Capital Protection Oriented Fund III - PLAN D - 36 Months - Direct Plan - Dividend,10.8421
2014-02-13,118898,ICICI Prudential Capital Protection Oriented Fund III - PLAN D - 36 Months - Cumulative,10.7006
2014-02-13,118899,ICICI Prudential Capital Protection Oriented Fund III - PLAN D - 36 Months - Dividend,10.7006
2014-02-13,118900,ICICI Prudential Capital Protection Oriented Fund III - PLAN D - 36 Months - Direct Plan - Cumulative,10.8421
2014-02-13,118901,HSBC Liquid Fund - Regular Daily IDCW,1000.56
2014-02-13,118902,HSBC Liquid Fund - Regular Growth,1265.2152
2014-02-13,118903,HSBC Liquid Fund - Regular Monthly IDCW,1003.1402
2014-02-13,118904,HSBC Liquid Fund - Regular Weekly IDCW,1112.0744
2014-02-13,118906,HSBC Liquid Fund - IDCW,1019.3
2014-02-13,118907,HSBC Liquid Fund - Growth,1965.5146
2014-02-13,118908,HSBC Liquid Fund - Weekly IDCW,1002.832
2014-02-13,118909,HSBC Liquid Fund - Institutional Daily IDCW,1097.0901
2014-02-13,118910,HSBC Cash Fund - Institutional Plan - Growth,2013.8391
2014-02-13,118917,JPMorgan India Fixed Maturity Plan - Series 12 - Regular Plan - Growth Option,10.9547
2014-02-13,118918,JPMorgan India Fixed Maturity Plan - Series 12 - Regular Plan - Dividend Option,10.9548
2014-02-13,118919,JPMorgan India Fixed Maturity Plan - Series 12 - Direct Plan - Growth Option,10.9607
2014-02-13,118920,JPMorgan India Fixed Maturity Plan - Series 12 - Direct Plan - Dividend Option,10.9607
2014-02-13,118921,DSP Bond Fund - Direct Plan - IDCW - Monthly,10.7939
2014-02-13,118922,DSP Bond Fund - Direct Plan - IDCW,10.6563
2014-02-13,118924,DSP Bond Fund - Direct Plan - Growth,38.2458
2014-02-13,118926,HDFC Focused Large-Cap Fund -Direct Plan - Dividend Option,10.268
2014-02-13,118927,HDFC Focused Large-Cap Fund -Direct Plan - Growth Option,16.053
2014-02-13,118928,HDFC Long Term Advantage Plan - IDCW Option - Direct Plan,29.044
2014-02-13,118929,HDFC Long Term Advantage Plan - Growth Option - Direct Plan,159.528
2014-02-13,118930,HDFC ARBITRAGE FUND - Quarterly IDCW Option - Direct Plan,11.92
2014-02-13,118931,HDFC ARBITRAGE FUND - Growth Option - Direct Plan,15.731
2014-02-13,118932,HDFC Balanced Fund -Direct Plan - Dividend Option,20.272
2014-02-13,118933,HDFC Balanced Fund -Direct Plan - Growth Option,69.477
2014-02-13,118934,HDFC Value Fund - IDCW Option - Direct Plan,21.548
2014-02-13,118935,HDFC Value Fund - Growth Option - Direct Plan,125.098
2014-02-13,118936,DWS Alpha Equity Fund - Direct Plan - Growth,81.51
2014-02-13,118937,DWS Alpha Equity Fund - Direct Plan - Dividend,16.77
2014-02-13,118939,DWS Investment Opportunity Fund - Direct Plan - Growth,37.88
2014-02-13,118940,DWS Investment Opportunity Fund - Direct Plan - Dividend,26.25
2014-02-13,118942,HDFC Low Duration  Fund - Direct Plan - Growth,27.1191
2014-02-13,118943,HDFC Low Duration  Fund - Direct Plan - Monthly IDCW,10.0845
2014-02-13,118944,HDFC Low Duration  Fund - Direct Plan - Weekly IDCW,10.0512
2014-02-13,118945,HDFC Low Duration  Fund - Direct Plan - Daily IDCW,10.0315
2014-02-13,118946,DWS Tax Saving Fund - Direct Plan - Growth,14.2698
2014-02-13,118947,DWS Tax Saving Fund - Direct Plan - Dividend,13.2472
2014-02-13,118949,HDFC Focused Fund - IDCW Option - Direct Plan,15.228
2014-02-13,118950,HDFC Focused Fund - Growth Option - Direct Plan,36.876
2014-02-13,118951,DWS Top Euroland Offshore Fund - Direct Plan - Growth,13.3
2014-02-13,118952,DWS Top Euroland Offshore Fund - Direct Plan - Dividend,10.27
2014-02-13,118954,HDFC Flexi Cap Fund - IDCW Option - Direct Plan,40.292
2014-02-13,118955,HDFC Flexi Cap Fund - Growth Option - Direct Plan,290.566
2014-02-13,118957,DWS Global Agribusiness Offshore Fund - Direct Plan - Dividend,15.67
2014-02-13,118958,DWS Global Agribusiness Offshore Fund - Direct Plan - Growth,15.68
2014-02-13,118959,HDFC Floating Rate Debt Fund - Direct Plan - Daily IDCW,10.0809
2014-02-13,118960,HDFC Floating Rate Debt Fund - Direct Plan - Monthly IDCW,10.1811
2014-02-13,118961,HDFC Floating Rate Debt Fund - Direct Plan - Growth Option,21.6322
2014-02-13,118962,HDFC Floating Rate Debt Fund - Direct Plan - Weekly IDCW,10.141
2014-02-13,118965,DWS Equity Income Fund - Direct Plan - Growth,19.9078
2014-02-13,118968,HDFC Balanced Advantage Fund - Growth Plan - Direct Plan,87.659
2014-02-13,118969,HDFC Balanced Advantage Fund - IDCW Plan - Direct Plan,25.143
2014-02-13,118972,DWS Income Advantage Fund - Direct Plan - Growth,15.3535
2014-02-13,118974,DWS Premier Bond Fund - Direct Plan - Annual Dividend,10.6372
2014-02-13,118975,DWS Premier Bond Fund - Direct Plan - Growth,20.4626
2014-02-13,118976,DWS Premier Bond Fund - Direct Plan - Monthly Dividend,13.6002
2014-02-13,118977,DWS Premier Bond Fund - Direct Plan - Quarterly Dividend,12.0739
2014-02-13,118978,HDFC Infrastructure Fund - IDCW Option - Direct Plan,8.639
2014-02-13,118979,HDFC Infrastructure Fund - Growth Option - Direct Plan,8.639
2014-02-13,118980,DWS Short Maturity Fund - Direct Plan - Monthly Dividend,12.3
2014-02-13,118982,DWS Short Maturity Fund - Direct Plan - Growth,22.6241
2014-02-13,118983,DWS Short Maturity Fund - Direct Plan - Quarterly Dividend,11.3168
2014-02-13,118984,DWS Short Maturity Fund - Direct Plan - Weekly Dividend,10.4531
2014-02-13,118986,HDFC Corporate Bond Fund - Quarterly IDCW Option - Direct Plan,10.3935
2014-02-13,118987,HDFC Corporate Bond Fund - Growth Option - Direct Plan,13.493
2014-02-13,118988,HDFC Mid Cap Fund - IDCW Option - Direct Plan,17.0
2014-02-13,118989,HDFC Mid Cap Fund - Growth Option - Direct Plan,20.228
2014-02-13,118990,HDFC Prudence Fund -Direct Plan - Dividend Option,25.423
2014-02-13,118991,HDFC Prudence Fund -Direct Plan - Growth Option,238.319
2014-02-13,118992,DSP Regular Savings Fund - Direct Plan - IDCW - Monthly,11.3168
2014-02-13,118993,DSP Regular Savings Fund - Direct Plan - IDCW - Quarterly,12.015
2014-02-13,118994,DSP Regular Savings Fund - Direct Plan - Growth,23.9911
2014-02-13,118995,HDFC Quarterly Interval Fund - Plan A-Direct Plan - Retail Dividend Option,10.1442
2014-02-13,118996,HDFC Quarterly Interval Fund - Plan A-Direct Plan - Retail Growth Option,17.717
2014-02-13,118997,DWS Insta Cash Plus Fund - Direct Plan - Annual Dividend,113.2918
2014-02-13,118998,DWS Insta Cash Plus Fund - Direct Plan - Daily Dividend,100.304
2014-02-13,119000,DWS Insta Cash Plus Fund - Direct Plan - Growth,164.7483
2014-02-13,119002,DWS Insta Cash Plus Fund - Direct Plan - Weekly Dividend,100.6802
2014-02-13,119003,DWS Insta Cash Plus Fund - Direct Plan -  Regular Bonus,112.6313
2014-02-13,119004,HDFC Quarterly Interval Fund - Plan B-Direct Plan - Retail Growth Option,10.5445
2014-02-13,119005,HDFC Quarterly Interval Fund - Plan B-Direct Plan - Retail Dividend Option,10.0892
2014-02-13,119006,HDFC Quarterly Interval Fund - Plan C-Direct Plan - Retail Dividend Option,10.0184
2014-02-13,119007,HDFC Quarterly Interval Fund - Plan C-Direct Plan - Retail Growth Option,17.2816
2014-02-13,119008,DWS Treasury Fund - Cash Plan - Direct Plan - Daily Dividend,100.391
2014-02-13,119009,DWS Treasury Fund - Cash Plan - Direct Plan - Growth,136.5605
2014-02-13,119013,DWS Treasury Fund - Cash Plan - Direct Plan - Weekly Dividend,109.7018
2014-02-13,119014,DWS Treasury Fund - Cash Plan - Direct Plan - Bonus,185.663
2014-02-13,119015,HDFC Short Term  Debt Fund - Fortnightly IDCW - Direct Plan,10.0726
2014-02-13,119016,HDFC Short Term  Debt Fund - Growth Option - Direct Plan,13.6194
2014-02-13,119017,HDFC Large Cap Fund - IDCW Option - Direct Plan,39.652
2014-02-13,119018,HDFC Large Cap Fund - Growth Option - Direct Plan,222.343
2014-02-13,119019,DSP Aggressive Hybrid Fund - Direct Plan - Growth,69.042
2014-02-13,119020,DSP Aggressive Hybrid Fund - Direct Plan - IDCW,21.162
2014-02-13,119021,DWS Treasury Fund - Investment Plan - Direct Plan - Bonus,10.5053
2014-02-13,119022,DWS Treasury Fund - Investment - Direct Plan - Growth,13.9808
2014-02-13,119023,DWS Treasury Fund - Investment Plan - Direct Plan - Daily Dividend,10.222
2014-02-13,119024,DWS Treasury Fund - Investment - Direct Plan - Quarterly Dividend,10.9087
2014-02-13,119026,DWS Treasury Fund - Investment - Direct Plan - Weekly Dividend,11.0273
2014-02-13,119027,DWS Treasury Fund - Investment - Direct Plan-Monthly Dividend,10.5596
2014-02-13,119028,DSP Natural Resources and New Energy Fund - Direct Plan - Growth,11.909
2014-02-13,119029,DSP Natural Resources and New Energy Fund - Direct Plan - IDCW,9.729
2014-02-13,119031,DWS Low Duration Fund - Direct Plan - Daily Dividend,10.3213
2014-02-13,119032,DWS Low Duration Fund - Direct Plan - Weekly Dividend,11.0741
2014-02-13,119033,DWS Low Duration Fund - Direct Plan - Growth,13.3766
2014-02-13,119038,DWS Ultra Short Term Fund - Direct Plan - Growth,15.1565
2014-02-13,119039,DWS Ultra Short Term Fund - Direct Plan - Monthly Dividend,10.6863
2014-02-13,119041,DWS Ultra Short Term Fund - Direct Plan - Daily Dividend,10.0179
2014-02-13,119042,DWS Ultra Short Term Fund - Direct Plan - Weekly Dividend,10.2773
2014-02-13,119043,DWS Ultra Short Term Fund - Direct Plan - Bonus,11.358
2014-02-13,119045,DWS Cash Opportunities Fund - Direct Plan - Monthly Dividend,10.8562
2014-02-13,119046,DWS Cash Opportunities Fund - Direct Plan - Bonus,13.056
2014-02-13,119047,DWS Cash Opportunities Fund - Direct Plan - Daily Dividend,10.0271
2014-02-13,119048,DWS Cash Opportunities Fund - Direct Plan - Fortnightly Dividend,10.1684
2014-02-13,119049,DWS Cash Opportunities Fund - Direct Plan - Growth,16.9443
2014-02-13,119051,DWS Cash Opportunities Fund - Direct Plan - Quarterly Dividend,10.5615
2014-02-13,119052,DWS Cash Opportunities Fund - Direct Plan - Weekly Dividend,10.2247
2014-02-13,119053,Tata Aggressive Hybrid Fund -Direct Plan- Growth Option,103.5975
2014-02-13,119054,DWS Gilt Fund - Direct Plan - Growth,13.1084
2014-02-13,119056,DWS Gilt Fund - Direct Plan - Dividend,12.1086
2014-02-13,119057,Tata Aggressive Hybrid Fund- Direct Plan - Monthly Payout of IDCW Option,45.81
2014-02-13,119058,Tata Aggressive Hybrid Fund- Direct Plan - Periodic Payout of IDCW Option,56.0407
2014-02-13,119059,HDFC ELSS Tax saver - IDCW Option - Direct Plan,49.772
2014-02-13,119060,HDFC ELSS Tax saver - Growth Option - Direct Plan,246.775
2014-02-13,119061,HDFC Hybrid Equity Fund - IDCW Option - Direct Plan,10.253
2014-02-13,119062,HDFC Hybrid Equity Fund - Growth Option - Direct Plan,26.951
2014-02-13,119063,HDFC Nifty 50 Index Fund - Direct Plan,52.4086
2014-02-13,119064,HDFC Index Fund Sensex Plus Plan-Direct Plan,251.914
2014-02-13,119065,HDFC BSE Sensex Index Fund - Direct Plan,171.3219
2014-02-13,119066,HDFC Childrens Fund - Direct Plan,57.533
2014-02-13,119067,HDFC Childrens Fund Savings Plan-Direct Plan,28.1418
2014-02-13,119068,HDFC Income Fund - Quarterly IDCW- Direct Plan,10.7013
2014-02-13,119069,HDFC Income Fund - Growth Option - Direct Plan,27.2474
2014-02-13,119070,DSP Midcap Fund - Direct Plan - IDCW,15.127
2014-02-13,119071,DSP Midcap Fund - Direct Plan - Growth,19.414
2014-02-13,119072,HDFC Dynamic Debt Fund - Half Yearly IDCW - Direct Plan,11.4658
2014-02-13,119073,HDFC Dynamic Debt Fund - Quarterly IDCW - Direct Plan,11.2817
2014-02-13,119074,HDFC Dynamic Debt Fund - Yearly IDCW - Direct Plan,12.3467
2014-02-13,119075,HDFC Dynamic Debt Fund - Growth Option - Direct Plan,40.885
2014-02-13,119076,DSP Flexi Cap Fund - Direct Plan - Growth,16.791
2014-02-13,119077,DSP Flexi Cap Fund - Direct Plan - IDCW,47.677
2014-02-13,119078,HDFC Regular Savings Fund -Direct Plan - Monthly Dividend Option,10.3367
2014-02-13,119079,HDFC Regular Savings Fund -Direct Plan - Growth Option,24.0579
2014-02-13,119080,HDFC Medium Term Debt Fund - Fortnightly IDCW Opt - Direct Plan,10.5865
2014-02-13,119081,HDFC Medium Term Debt Fund - Growth Option - Direct Plan,24.5764
2014-02-13,119082,DSP Credit Risk Fund - Direct Plan - Growth,19.9785
2014-02-13,119083,DSP Credit Risk Fund - Direct Plan - IDCW,11.0588
2014-02-13,119084,DSP Credit Risk Fund - Direct Plan -  IDCW - Monthly,10.1782
2014-02-13,119085,DSP Credit Risk Fund - Direct Plan - IDCW - Quarterly,10.2973
2014-02-13,119086,DSP Credit Risk Fund - Direct Plan - IDCW - Weekly,10.0896
2014-02-13,119087,DSP Credit Risk Fund - Direct Plan - IDCW - Daily,10.0892
2014-02-13,119088,HDFC Liquid Fund - IDCW Weekly - Direct Plan,10.3176
2014-02-13,119089,HDFC Liquid Fund - IDCW Daily - Direct Plan,10.1982
2014-02-13,119090,HDFC Liquid Fund - IDCW Monthly - Direct Plan,10.304
2014-02-13,119091,HDFC Liquid Fund - Growth Option - Direct Plan,25.0307
2014-02-13,119092,HDFC Money Market Fund - Growth Option - Direct Plan,26.494
2014-02-13,119093,HDFC Money Market Fund - Daily IDCW Option - Direct Plan,10.6364
2014-02-13,119094,HDFC Money Market Fund - Weekly IDCW Option -Direct Plan,10.6397
2014-02-13,119095,DSP Focused Fund - Direct Plan - IDCW,10.428
2014-02-13,119096,DSP Focused Fund - Direct Plan - Growth,10.428
2014-02-13,119097,Tata Dynamic Bond Fund- Direct Plan-Growth Option,18.7716
2014-02-13,119098,Tata Dynamic Bond- Direct Plan - Payout of IDCW Option,13.8734
2014-02-13,119099,DSP Gilt Fund - Direct Plan - Growth,38.2241
2014-02-13,119100,DSP Gilt Fund - Direct Plan - IDCW - Monthly,10.0513
2014-02-13,119101,DSP Gilt Fund - Direct Plan - IDCW,11.0652
2014-02-13,119102,Tata Corporate Bond Fund- Direct Plan-Daily Dividend,1008.5144
2014-02-13,119103,Tata Corporate Bond Fund- Direct Plan-Weekly Dividend,1011.8956
2014-02-13,119104,Tata Corporate Bond Fund- Direct Plan-Growth,1680.7008
2014-02-13,119105,Tata Corporate Bond Fund- Direct Plan-Monthly Dividend,1004.651
2014-02-13,119106,DSP Savings Fund - Direct Plan - Growth,25.7902
2014-02-13,119107,DSP Savings Fund - Direct Plan - IDCW - Monthly,10.3258
2014-02-13,119108,DSP Savings Fund - Direct Plan - IDCW,11.5828
2014-02-13,119109,HDFC Overnight Fund - Daily IDCW Option - Direct Plan,10.4266
2014-02-13,119110,HDFC Overnight Fund - Growth Option - Direct Plan,20.1587
2014-02-13,119111,HDFC Floating Rate Income Fund Long -Direct Plan - Weekly Dividend Option,10.2065
2014-02-13,119112,HDFC Floating Rate Income Fund Long -Direct Plan - Growth Option,22.0519
2014-02-13,119113,HDFC Gilt Fund Short Term Plan -Direct Plan - Dividend Option,10.9899
2014-02-13,119114,HDFC Gilt Fund Short Term Plan -Direct Plan - Growth Option,20.4367
2014-02-13,119115,HDFC Gilt Fund - IDCW Option - Direct Plan,10.4729
2014-02-13,119116,HDFC Gilt Fund - Growth Option - Direct Plan,23.3762
2014-02-13,119117,HDFC MF MIP STP-Direct Plan - Quarterly Dividend Option,11.4043
2014-02-13,119118,HDFC Hybrid Debt Fund - Growth Option - Direct Plan,27.1862
2014-02-13,119119,HDFC Hybrid Debt Fund - IDCW Monthly - Direct Plan,12.57
2014-02-13,119120,HDFC Hybrid Debt Fund - IDCW Quarterly - Direct Plan,13.0092
2014-02-13,119121,HDFC MF MIP STP -Direct Plan - Growth Option,20.4832
2014-02-13,119122,HDFC MF MIP STP -Direct Plan - Monthly Dividend Option,11.0489
2014-02-13,119123,DSP Liquidity Fund - Direct Plan - IDCW - Weekly,1000.3514
2014-02-13,119124,DSP Liquidity Fund - Direct Plan - IDCW - Daily,1000.3161
2014-02-13,119125,DSP Liquidity Fund - Direct Plan - Growth,1815.1047
2014-02-13,119126,Tata Medium Term Fund- Direct Plan - Payout of IDCW Option,11.9282
2014-02-13,119127,Tata Medium Term Fund- Direct Plan- Growth Option,19.3759
2014-02-13,119128,HDFC Equity Savings Fund - Growth Option - Direct Plan,22.3465
2014-02-13,119129,HDFC Equity Savings Fund - IDCW Option - Direct Plan,11.5842
2014-02-13,119130,HDFC Multi-Asset Fund - IDCW Option - Direct Plan,11.5689
2014-02-13,119131,HDFC Multi-Asset Fund - Growth Option - Direct Plan,20.4574
2014-02-13,119132,HDFC Gold ETF Fund of Fund - Direct Plan,10.5565
2014-02-13,119133,Groww Largecap Fund (formerly known as Indiabulls Blue Chip Fund) - Direct Plan - Growth Option,10.67
2014-02-13,119134,Groww Largecap Fund (formerly known as Indiabulls Bluechip Fund)- Direct Plan- - Income Distribution cum capital withdrawal Option (Payout & Reinvestment),10.67
2014-02-13,119135,Groww Liquid Fund ( formerly known as Indiabulls Liquid )Fund - Direct Plan - Growth Option,1232.9412
2014-02-13,119136,Groww Liquid Fund (formerly known as Indiabulls Liquid Fund) - Direct Plan- - Income Distribution cum capital withdrawal Option ( Reinvestment),1000.1367
2014-02-13,119139,Groww Liquid Fund (formerly known as Indiabulls Liquid Fund)- Direct Plan- Monthly - Income Distribution cum capital withdrawal Option (Payout & Reinvestment),1002.4309
2014-02-13,119140,Morgan Stanley Growth Fund - Direct Growth Plan,66.346
2014-02-13,119141,Morgan Stanley Growth Fund -  Direct Dividend Plan,20.252
2014-02-13,119143,Indiabulls Ultra Short Term Fund - Direct Plan - Growth Option,1213.768
2014-02-13,119144,Indiabulls Ultra Short Term Fund - Direct Plan - Daily Dividend Option,1004.3508
2014-02-13,119145,Indiabulls Ultra Short Term Fund - Direct Plan - Weekly Dividend Option,1001.9871
2014-02-13,119147,Indiabulls Ultra Short Term Fund - Direct Plan - Monthly Dividend Option,1004.0002
2014-02-13,119148,Navi Large Cap Equity Fund-Direct Plan-Growth Option,11.8491
2014-02-13,119149,Navi Large Cap Equity Fund - Direct Plan Normal IDCW Payout,11.845
2014-02-13,119150,Morgan Stanley A.C.E. Fund-Direct Growth Plan,16.282
2014-02-13,119151,ESSEL FLEXIBLE INCOME FUND-DIRECT PLAN-GROWTH OPTION,10.9514
2014-02-13,119152,ESSEL FLEXIBLE INCOME FUND-DIRECT PLAN-MONTHLY DIVIDEND OPTION,9.9752
2014-02-13,119153,ESSEL FLEXIBLE INCOME FUND-DIRECT PLAN-QUARTERLY DIVIDEND OPTION,10.4219
2014-02-13,119154,Morgan Stanley A.C.E. Fund-Direct Dividend Plan,15.328
2014-02-13,119156,Navi Conservative Hybrid Fund-Direct Plan-Growth Option,12.9519
2014-02-13,119157,Navi Conservative Hybrid Fund - Direct Plan Monthly IDCW,10.6109
2014-02-13,119158,Navi Conservative Hybrid Fund - Direct Plan Quarterly IDCW,10.8598
2014-02-13,119159,Tata Large Cap Fund- Direct Plan - Payout of IDCW Option,34.3498
2014-02-13,119160,Tata Large Cap Fund -Direct Plan Growth Option,112.8227
2014-02-13,119161,Navi Liquid Fund - Direct Plan Monthly IDCW - Payout,10.0383
2014-02-13,119162,Navi Liquid Fund - Direct Plan Weekly IDCW - Payout,10.0115
2014-02-13,119163,Navi Liquid Fund - Direct Plan Daily IDCW - ReInvestment,10.0052
2014-02-13,119164,Navi Liquid Fund-Direct Plan-Growth Option,13.9102
2014-02-13,119165,Morgan Stanley Active Bond Fund - Direct Growth Plan,12.8661
2014-02-13,119166,Morgan Stanley Active Bond Fund-Direct Dividend Quarterly,11.7538
2014-02-13,119168,Essel Short Term Fund-Direct Plan-Growth Option,14.1832
2014-02-13,119169,Essel Short Term Fund-Direct Plan-Dividend Option-Monthly Dividend,10.9667
2014-02-13,119170,Essel Short Term Fund-Direct Plan-Dividend Option-Quarterly Dividend,11.0269
2014-02-13,119171,Tata Ethical Fund- Direct Plan - Payout of IDCW Option,50.7991
2014-02-13,119172,Tata Ethical Fund -Direct Plan- Growth Option,84.4498
2014-02-13,119173,Morgan Stanley Liquid Fund - Direct Growth Plan,1247.9013
2014-02-13,119174,Navi 3 IN 1 FUND - Direct Plan Monthly IDCW Payout,12.5579
2014-02-13,119175,Navi 3 IN 1 FUND - Direct Plan Quarterly IDCW Payout,12.5275
2014-02-13,119176,Navi 3 in 1 Fund-Direct Plan-Growth Option,12.5853
2014-02-13,119177,Tata Mid Cap Fund - Direct Plan- IDCW Option,19.2271
2014-02-13,119178,Tata Mid Cap Fund - Direct Plan- Growth Option,50.451
2014-02-13,119185,Navi Ultra Short Term Fund - Direct Plan Daily IDCW - ReInvestment,10.0665
2014-02-13,119186,Navi Ultra Short Term Fund - Direct Plan-Growth Option,13.9981
2014-02-13,119187,Navi Ultra Short Term Fund - Direct Plan Monthly IDCW Payout,10.1601
2014-02-13,119188,Navi Ultra Short Term Fund - Direct Plan Weekly IDCW - Payout,10.0632
2014-02-13,119197,Morgan Stanley Liquid Fund - Direct Daily Dividend,1015.0972
2014-02-13,119198,Morgan Stanley Liquid Fund - Direct Weekly Dividend,1002.1071
2014-02-13,119200,Morgan Stanley Liquid Fund - Direct Monthly Dividend,1012.0863
2014-02-13,119201,Tata Large & Mid Cap Fund Direct Plan - Payout of IDCW Option,22.5674
2014-02-13,119202,Tata Large & MId Cap Fund -Direct Plan- Growth Option,92.7552
2014-02-13,119203,DSP Ultra Short Fund - Direct Plan - IDCW - Daily,1004.2306
2014-02-13,119204,DSP Ultra Short Fund - Direct Plan - IDCW - Monthly,1015.7097
2014-02-13,119205,DSP Ultra Short Fund - Direct Plan - Growth,1727.3134
2014-02-13,119206,DSP Ultra Short Fund - Direct Plan - IDCW,1124.4169
2014-02-13,119207,DSP Ultra Short Fund - Direct Plan - IDCW - Weekly,1004.05
2014-02-13,119208,Morgan Stanley Multi Asset Fund- Plan A - Direct Growth Plan,11.3762
2014-02-13,119211,Morgan Stanley Multi Asset Fund- Plan A - Direct Monthly Dividend,10.3355
2014-02-13,119212,DSP Small Cap Fund - Direct Plan - Growth,17.979
2014-02-13,119213,DSP Small Cap Fund - Direct Plan - IDCW,10.918
2014-02-13,119214,Morgan Stanley Multi Asset Fund- Plan A - Direct Quarterly Dividend,10.2573
2014-02-13,119215,Morgan Stanley Multi Asset Fund- Plan B - Direct Growth Plan,11.0755
2014-02-13,119218,DSP Large & Mid Cap Fund - Direct Plan - Growth,92.986
2014-02-13,119219,DSP Large & Mid Cap Fund - Direct Plan - IDCW,26.294
2014-02-13,119220,Morgan Stanley Multi Asset Fund- Plan B - Direct Monthly Dividend,10.2077
2014-02-13,119221,Morgan Stanley Multi Asset Fund- Plan B - Direct Quarterly Dividend,10.3323
2014-02-13,119222,DSP Short Term Fund - Direct Plan - IDCW,11.3409
2014-02-13,119223,DSP Short Term Fund - Direct Plan - IDCW - Weekly,10.18
2014-02-13,119224,DSP Short Term Fund - Direct Plan - IDCW - Monthly,10.9913
2014-02-13,119226,DSP Short Term Fund - Direct Plan - Growth,21.3771
2014-02-13,119227,Morgan Stanley Short Term Bond Fund - Direct Growth,14.3407
2014-02-13,119228,Morgan Stanley Short Term Bond Fund - Direct Monthly Dividend,10.7007
2014-02-13,119230,Morgan Stanley Short Term Bond Fund - Direct Weekly Dividend,10.4089
2014-02-13,119231,Tata Value Fund -Direct Plan Growth Option,49.4884
2014-02-13,119232,Tata Value Fund- Direct Plan -Payout of IDCW-Option A(5%),27.1407
2014-02-13,119233,Tata Value Fund- Direct Plan - Payout of IDCW -Option B(10%),28.6244
2014-02-13,119234,Tata Dividend Yield Fund-Direct Plan Growth,38.0582
2014-02-13,119235,Tata Dividend Yield Fund-Direct Plan Dividend,18.6225
2014-02-13,119236,DSP Strategic Bond Fund - Direct Plan - IDCW - Monthly,1037.9449
2014-02-13,119237,DSP Strategic Bond Fund - Direct Plan - IDCW - Weekly,1013.8701
2014-02-13,119238,DSP Strategic Bond Fund - Direct Plan - IDCW,1055.4357
2014-02-13,119239,DSP Strategic Bond Fund - Direct Plan - Growth,1434.3387
2014-02-13,119240,DSP Strategic Bond Fund - Direct Plan - IDCW - Daily,1013.077
2014-02-13,119241,DSP ELSS Tax Saver Fund - Direct Plan - IDCW,13.861
2014-02-13,119242,DSP ELSS Tax Saver Fund - Direct Plan - Growth,19.418
2014-02-13,119243,Tata Infrastructure Fund -Direct Plan -Growth Option,24.0199
2014-02-13,119244,Tata Infrastructure Fund- Direct Plan - Payout of IDCW Option,15.8317
2014-02-13,119245,DSP BlackRock Technology.com Fund - Direct Plan - Growth,42.016
2014-02-13,119246,DSP BlackRock Technology.com Fund - Direct Plan - Dividend,30.08
2014-02-13,119247,DSP India T.I.G.E.R. Fund - Direct Plan - Growth,38.285
2014-02-13,119248,DSP India T.I.G.E.R. Fund - Direct Plan - IDCW,13.777
2014-02-13,119249,DSP Large Cap Fund - Direct Plan - IDCW,19.317
2014-02-13,119250,DSP Large Cap Fund - Direct Plan - Growth,107.296
2014-02-13,119251,Tata Retirement Savings Fund- Progressive Plan -Direct Plan-Growth Option,11.8601
2014-02-13,119252,DSP US Specific Equity Omni FoF - Direct Plan - Growth,15.0707
2014-02-13,119253,DSP US Specific Equity Omni FoF - Direct Plan - IDCW,15.0707
2014-02-13,119255,Tata Retirement Savings Fund- Moderate Plan -Direct Plan-Growth Option,11.9865
2014-02-13,119256,Tata Retirement Savings Fund- Conservative Plan-Direct Plan-Growth Option,11.8597
2014-02-13,119258,Tata Indo-Global Infrastructure Fund-Direct Plan Dividend,6.7336
2014-02-13,119259,Tata Indo-Global Infrastructure Fund-Direct Plan Growth,6.7409
2014-02-13,119269,Tata Growing Economies Infrastructure Fund Scheme A-Direct Plan Growth,14.0234
2014-02-13,119270,Tata Growing Economies Infrastructure Fund Scheme A-Direct Plan Dividend,14.0146
2014-02-13,119271,DSP World Agriculture Fund - Direct Plan - Growth,14.1185
2014-02-13,119272,DSP World Agriculture Fund - Direct Plan - IDCW,14.1185
2014-02-13,119273,Tata Growing Economies Infrastructure Fund Scheme B-Direct Plan Growth,10.3524
2014-02-13,119274,Tata Growing Economies Infrastructure Fund Scheme B-Direct Plan Dividend,10.3463
2014-02-13,119275,DSP Global Clean Energy Overseas Equity Omni FoF Direct Plan - Growth,14.2031
2014-02-13,119276,DSP Global Clean Energy Overseas Equity Omni FoF - Direct Plan - IDCW,14.2031
2014-02-13,119277,DSP World Gold Mining Overseas Equity Omni FoF - Direct Plan - Growth,12.3026
2014-02-13,119278,DSP World Gold Mining Overseas Equity Omni FoF - Direct Plan - IDCW,10.0772
2014-02-13,119279,DSP World Mining Overseas Equity Omni FoF - Direct Plan - Growth,9.3888
2014-02-13,119280,DSP World Mining Overseas Equity Omni FoF - Direct Plan - IDCW,9.3888
2014-02-13,119281,Tata ELSS Fund- Direct Plan - Payout of IDCW Option,45.4952
2014-02-13,119282,L&T Overnight Fund - Direct Plan- Monthly IDCW,1020.6834
2014-02-13,119283,L&T Overnight Fund - Direct Plan - Growth,1716.8138
2014-02-13,119284,L&T Overnight Fund - Direct Plan- Daily IDCW,1056.2657
2014-02-13,119285,L&T Overnight Fund - Direct Plan- Weekly IDCW,1002.1193
2014-02-13,119287,Tata S&P BSE Sensex Index Fund - Direct Plan,49.1897
2014-02-13,119288,Tata Nifty 50 Index Fund -Direct Plan,36.9404
2014-02-13,119289,Franklin India Corporate Debt Fund - Direct - Bonus,17.6969
2014-02-13,119290,L&T Flexicap Fund-Direct Plan-IDCW,21.391
2014-02-13,119291,L&T Flexicap Fund-Direct Plan-Growth,38.18
2014-02-13,119292,Union Flexi Cap Fund - Direct Plan - Growth Option,11.16
2014-02-13,119293,Union Flexi Cap Fund - Direct Plan - IDCW Option,11.16
2014-02-13,119294,Franklin India Conservative Hybrid Fund - Direct - Bonus,11.1004
2014-02-13,119295,Franklin India GOVERNMENT SECURITIES FUND - Long Term Plan - Direct - Bonus,10.4101
2014-02-13,119297,L&T Balanced Advantage Fund-Direct Plan-IDCW,12.534
2014-02-13,119298,L&T Balanced Advantage Fund-Direct Plan-Growth,12.534
2014-02-13,119300,BANK OF INDIA Large & Mid Cap Fund Direct Plan- Bonus,9.94
2014-02-13,119301,Union Liquid Fund - Direct Plan - Daily IDCW Option,1000.6506
2014-02-13,119302,Union Liquid Fund - Direct Plan - Monthly IDCW Option,1004.2575
2014-02-13,119303,Union Liquid Fund - Direct Plan - Growth Option,1271.2911
2014-02-13,119304,Union Liquid Fund - Direct Plan - Weekly IDCW Option,1000.9732
2014-02-13,119305,Union Liquid Fund - Direct Plan - Fortnightly IDCW Option,1000.9715
2014-02-13,119306,Union ELSS Tax Saver Fund - Direct Plan - IDCW Option,13.58
2014-02-13,119307,Union ELSS Tax Saver Fund - Direct Plan - Growth Option,13.58
2014-02-13,119308,L&T India Large Cap Fund - Direct Plan - Growth,13.338
2014-02-13,119309,Baroda Treasury Advantage Fund - Plan B (Direct) - Daily IDCW Option,1005.0376
2014-02-13,119310,Union Dynamic Bond Fund - Direct Plan - IDCW Option,11.207
2014-02-13,119311,Union Dynamic Bond Fund - Direct Plan - Growth Option,11.207
2014-02-13,119312,Tata Childrens Fund-Direct Plan-Growth Option,15.2155
2014-02-13,119314,L&T India Large Cap Fund - Direct Plan- IDCW,12.606
2014-02-13,119316,Baroda Pioneer PSU Bond Fund - Plan B (Direct) - Monthly Dividend Option,9.9944
2014-02-13,119317,Baroda Pioneer PSU Bond Fund - Plan B (Direct) - Growth Option,13.4288
2014-02-13,119318,Union Short Term Fund - Direct Plan - Growth Option,1176.1692
2014-02-13,119319,Union Short Term Fund - Direct Plan - Monthly Dividend Option,1008.2166
2014-02-13,119320,Union Short Term Fund - Direct Plan - Daily Dividend Option,1001.7531
2014-02-13,119321,Union Short Term Fund - Direct Plan - Weekly Dividend Option,1004.8029
2014-02-13,119322,Union Short Term Fund - Direct Plan - Fortnightly Dividend Option,1007.7198
2014-02-13,119325,BARODA HYBRID EQUITY FUND - Plan B (Direct) - IDCW Option,25.92
2014-02-13,119326,BARODA HYBRID EQUITY FUND - Plan B (Direct) - Growth Option,31.39
2014-02-13,119327,Union Asset Allocation Fund - Direct Plan - Growth Option,11.0374
2014-02-13,119328,Union Asset Allocation Fund - Direct Plan - Dividend Option,11.0374
2014-02-13,119329,Union KBC Asset Allocation Fund - Conservative Plan - Direct Plan - Dividend Option,9.9995
2014-02-13,119330,Union KBC Asset Allocation Fund - Conservative Plan - Direct Plan - Growth Option,9.9995
2014-02-13,119331,PineBridge India Equity Fund- Direct Plan- Growth Option,13.631
2014-02-13,119332,PineBridge India Equity Fund- Direct Plan- Dividend Option,13.631
2014-02-13,119333,Baroda BNP Paribas Banking and Financial Services Fund - Direct - Growth Option,9.22
2014-02-13,119334,Baroda BNP Paribas Banking and Financial Services Fund - Direct - IDCW Option,9.22
2014-02-13,119336,Baroda Dynamic Bond Fund - Plan B (Direct) - IDCW,10.1176
2014-02-13,119337,Baroda Dynamic Bond Fund - Plan B (Direct) - Growth Option,11.1977
2014-02-13,119339,BARODA ELSS 96 - Plan B (Direct) - IDCW,23.5
2014-02-13,119340,Baroda BNP Paribas GILT FUND - Direct Plan - IDCW Option,18.8551
2014-02-13,119341,Baroda BNP Paribas GILT FUND - Direct Plan - Growth Option,18.9324
2014-02-13,119342,PineBridge Infrastructure & Economic Reform Fund- Direct Plan- Dividend Option,7.805
2014-02-13,119343,PineBridge Infrastructure & Economic Reform Fund- Direct Plan- Growth Option,7.805
2014-02-13,119344,PineBridge World Gold Fund- Direct Plan- Growth Option,10.535
2014-02-13,119345,PineBridge World Gold Fund- Direct Plan- Dividend Option,8.733
2014-02-13,119346,BANK OF INDIA Large & Mid Cap Fund Direct Plan-Regular IDCW,13.38
2014-02-13,119347,L&T Hybrid Equity Fund - Direct Plan-Growth,12.269
2014-02-13,119348,L&T Hybrid Equity Fund - Direct Plan -IDCW,12.269
2014-02-13,119349,BANK OF INDIA Large & Mid Cap Fund Direct  Plan- Quarterly IDCW,12.05
2014-02-13,119350,BANK OF INDIA Large & Mid Cap Fund Direct Plan-Growth,18.96
2014-02-13,119351,BANK OF INDIA ELSS Tax Saver -Direct Plan- Growth,25.15
2014-02-13,119352,BANK OF INDIA ELSS Tax Saver -Direct Plan-IDCW,13.66
2014-02-13,119354,Baroda BNP Paribas MULTI CAP FUND - Direct Plan - Growth Option,50.47
2014-02-13,119355,PineBridge India Liquid Fund- Direct Plan- Daily Dividend Option,1001.0
2014-02-13,119360,PineBridge India Liquid Fund- Direct Plan- Growth Option,1593.366
2014-02-13,119362,BARODA INCOME FUND - Plan B (Direct) - Growth Option,18.9913
2014-02-13,119364,BANK OF INDIA Manufacturing & Infrastructure Fund-Direct Plan-Growth,7.27
2014-02-13,119366,Baroda Large cap Fund - Plan B (Direct) - IDCW Option,6.89
2014-02-13,119367,Baroda Large cap Fund - Plan B (Direct) - Growth Option,6.89
2014-02-13,119368,BANK OF INDIA Liquid Fund- Direct Plan- Daily IDCW,1002.6483
2014-02-13,119369,BANK OF INDIA Liquid Fund- Direct Plan- Growth,1461.0573
2014-02-13,119370,BANK OF INDIA Liquid Fund- Direct Plan- Weekly IDCW,1007.2357
2014-02-13,119371,IIFL Dividend Opportunities Index Fund- Direct Plan - Dividend,10.3643
2014-02-13,119372,IIFL Dividend Opportunities Index Fund-Direct Plan - Growth,10.3643
2014-02-13,119373,PineBridge India Total Return Bond Fund- Direct Plan- Bonus Option,1076.563
2014-02-13,119376,PineBridge India Total Return Bond Fund- Direct Plan- Growth Option,1583.1613
2014-02-13,119377,PineBridge India Total Return Bond Fund- Direct Plan- Monthly Dividend Option,1000.0939
2014-02-13,119378,PineBridge India Total Return Bond Fund- Direct Plan- Quarterly Dividend Option,1002.3179
2014-02-13,119379,BANK OF INDIA Ultra Short Duration Fund- Direct Plan- Growth,1490.9389
2014-02-13,119380,BANK OF INDIA Ultra Short Duration Fund- Direct Plan- Daily IDCW,1000.5619
2014-02-13,119381,BANK OF INDIA Ultra Short Duration Fund- Direct Plan- Weekly IDCW,1002.0937
2014-02-13,119382,BANK OF INDIA Short Term Income Fund-Direct Plan- Growth,13.6618
2014-02-13,119383,BANK OF INDIA Short Term Income Fund-Direct Plan- Monthly IDCW,10.1185
2014-02-13,119385,PineBridge India Short Term Fund- Direct Plan- Growth Option,1505.7743
2014-02-13,119386,PineBridge India Short Term Fund- Direct Plan- Weekly Dividend Option,1017.2557
2014-02-13,119387,PineBridge India  Short Term Fund- Direct Plan- Monthly Dividend Option,1025.2917
2014-02-13,119388,PineBridge India Short Term Fund- Direct Plan- Bonus Option,1095.1563
2014-02-13,119389,BARODA CONSERVATIVE HYBRID FUND - Plan B (Direct) - Growth Option,15.673
2014-02-13,119390,BARODA CONSERVATIVE HYBRID FUND - Plan B (Direct)- Monthly IDCW Option,12.055
2014-02-13,119392,Baroda Mid-cap Fund- Plan B (Direct) - Growth Option,5.7
2014-02-13,119393,BANK OF INDIA Conservative Hybrid Fund Fund-Direct Plan-Growth,13.7463
2014-02-13,119394,BANK OF INDIA Conservative Hybrid Fund-Direct Plan-Monthly IDCW,10.804
2014-02-13,119397,L&T Large and Midcap Fund-Direct Plan-Growth,21.754
2014-02-13,119398,L&T Large and Midcap Fund- Direct Plan -IDCW,19.725
2014-02-13,119399,Baroda BNP Paribas Short Duration Fund - Direct Plan - Monthly IDCW Option,10.0232
2014-02-13,119400,Baroda BNP Paribas Short Duration Fund - Direct Plan - Growth Option,13.0664
2014-02-13,119402,PineBridge Quarterly Interval Fund Series I- Direct Plan- Growth Option,1507.9362
2014-02-13,119403,L&T India Value Fund-Direct Plan-IDCW,12.476
2014-02-13,119404,L&T India Value Fund-Direct Plan-Growth,12.476
2014-02-13,119407,L&T Indo Asia Fund-Direct Plan-Growth Option,15.52
2014-02-13,119408,L&T Indo Asia Fund-Direct Plan-Dividend Option,15.52
2014-02-13,119409,Baroda Treasury Advantage Fund - Plan B (Direct) - Weekly IDCW Option,1000.4938
2014-02-13,119410,Baroda Treasury Advantage Fund - Plan B (Direct) - Growth Option,1441.1271
2014-02-13,119411,Baroda Treasury Advantage Fund - Plan B (Direct) - Monthly IDCW Option,1004.8303
2014-02-13,119412,L&T Infrastructure Fund-Direct Plan-IDCW,5.72
2014-02-13,119413,L&T Infrastructure Fund -Direct Plan-Growth,5.72
2014-02-13,119414,Baroda BNP Paribas LIQUID FUND - DIRECT PLAN - DAILY IDCW OPTION,1000.63
2014-02-13,119415,Baroda BNP Paribas LIQUID FUND - DIRECT PLAN - GROWTH OPTION,1453.7728
2014-02-13,119416,Baroda BNP Paribas LIQUID FUND - DIRECT PLAN - WEEKLY IDCW OPTION,1055.9262
2014-02-13,119417,L&T  Tax Advantage Fund-Direct Plan-Growth,23.724
2014-02-13,119418,L&T Tax Advantage Fund-Direct Plan-IDCW,18.573
2014-02-13,119419,L&T Global Real Assets Fund-Direct Plan-Dividend Option,19.041
2014-02-13,119420,L&T Global Real Assets Fund-Direct Plan-Growth Option,19.041
2014-02-13,119421,Tata Money Market Fund- Direct Plan - Daily Reinvestment of IDCW Option,1114.52
2014-02-13,119422,Tata Liquid Fund- Direct Plan- Weekly Dividend,1001.1539
2014-02-13,119423,Tata Liquid Fund- Direct Plan- Monthly Dividend,1003.5402
2014-02-13,119424,Tata Money Market Fund- Direct Plan- Growth Option,2342.3395
2014-02-13,119425,L&T Gilt Fund - Direct Plan - Growth,29.1736
2014-02-13,119426,L&T Gilt Fund - Direct Plan - Quarterly IDCW,12.1621
2014-02-13,119427,L&T Flexi Bond Fund - Direct Plan- IDCW,10.1702
2014-02-13,119428,L&T Flexi Bond Fund - Direct Plan- Growth,12.7978
2014-02-13,119429,L&T Money Market Fund -Direct Plan- Monthly IDCW,11.2382
2014-02-13,119430,L&T Money Market Fund - Direct Plan - Weekly IDCW,13.1189
2014-02-13,119431,L&T Money Market Fund -Direct Plan- Growth,12.3337
2014-02-13,119432,L&T Money Market Fund - Direct Plan - Daily IDCW,10.859
2014-02-13,119433,Aditya Birla Sun Life Large & Mid Cap Fund -Direct - IDCW,75.75
2014-02-13,119434,Principal Retail Equity Savings Fund - Direct Plan - Growth Option,83.57
2014-02-13,119436,Aditya Birla Sun Life Large & Mid Cap Fund - Growth - Direct Plan,166.52
2014-02-13,119437,Principal Dividend Yield Fund- Direct Plan - Half Yearly Income Distribution CUM Capital Withdrawal Option,17.54
2014-02-13,119438,Principal Dividend Yield Fund - Direct Plan - Growth Option,23.76
2014-02-13,119439,Baroda Treasury Advantage Fund - Plan B (Direct) - Quarterly IDCW Option,1011.6915
2014-02-13,119440,Principal Emerging Bluechip Fund - Direct Plan - Half Yearly Income Distribution CUM Capital Withdrawal Option,26.85
2014-02-13,119441,Principal Emerging Bluechip Fund - Direct Plan - Growth Option,35.27
2014-02-13,119442,Tata Liquidity Management Fund- Direct Plan-Weekly Dividend,1005.9913
2014-02-13,119443,Tata Liquidity Management Fund- Direct Plan-Daily Dividend,1002.6089
2014-02-13,119444,Tata Liquidity Management Fund- Direct Plan-Growth,1705.0862
2014-02-13,119445,Principal Low Duration Fund - Direct Plan - Daily Income Distribution CUM Capital Withdrawal Option,1001.3376
2014-02-13,119446,Principal Low Duration Fund - Direct Plan - Weekly Income Distribution CUM Capital Withdrawal Option,1002.2541
2014-02-13,119447,Principal Low Duration Fund - Direct Plan - Monthly Income Distribution CUM Capital Withdrawal Option,1145.456
2014-02-13,119448,Principal Low Duration Fund - Direct Plan - Growth Option,2015.2379
2014-02-13,119449,Principal Credit Risk Fund - Direct Plan - Monthly Dividend Option,1242.3673
2014-02-13,119450,Principal Credit Risk Fund - Direct Plan - Growth Option,1943.2992
2014-02-13,119451,Principal Multi Cap Growth Fund - Direct Plan -Half Yearly Income Distribution CUM Capital Withdrawal Option,27.23
2014-02-13,119452,Principal Multi Cap Growth Fund-Direct Plan - Growth Option,60.08
2014-02-13,119453,Principal Government Securities Fund-Direct Plan - Growth Option,23.7155
2014-02-13,119454,Principal Government Securities Fund- Direct Plan - Dividend Option - Quarterly,11.4206
2014-02-13,119456,Principal Government Securities Fund- Direct Plan - Dividend Option- Annually,13.6883
2014-02-13,119457,Principal Global Opportunities Fund-Direct Plan - Growth Option,21.5906
2014-02-13,119458,Principal Global Opportunities Fund- Direct Plan - Income Distribution CUM Capital Withdrawal Option,21.5906
2014-02-13,119459,Principal Dynamic Bond Fund- Direct Plan - Dividend Option - Quarterly,12.9178
2014-02-13,119460,Principal Dynamic Bond Fund - Direct Plan - Dividend Option -Annually,11.7851
2014-02-13,119461,Principal Dynamic Bond Fund - Direct Plan - Growth Option,20.8323
2014-02-13,119462,Principal Short Term Debt Fund- Direct Plan - Growth Option,22.0966
2014-02-13,119463,Principal Short Term Debt Fund - Direct Plan - Income Distribution CUM Capital Withdrawal Plan - Monthly,12.868
2014-02-13,119464,Principal Focused Multicap Fund- Direct Plan - Growth Option,30.95
2014-02-13,119465,Principal Focused Multicap Fund- Direct Plan - Half Yearly Income Distribution CUM Capital Withdrawal Option,21.19
2014-02-13,119466,Principal Cash Management Fund -Direct Plan - Income Distribution CUM Capital Withdrawal Option - Monthly,1027.599
2014-02-13,119467,Principal Cash Management Fund - Direct Plan - Income Distribution CUM Capital Withdrawal Option - Daily,1000.387
2014-02-13,119468,Principal Cash Management Fund - Direct Plan - Growth Option,1233.3493
2014-02-13,119469,Principal Cash Management Fund - Direct Plan - Income Distribution CUM Capital Withdrawal Option - Weekly,1006.9906
2014-02-13,119470,Principal Equity Savings Fund - Direct Plan - Income Distribution CUM Capital Withdrawal Option - Half Yearly,10.6446
2014-02-13,119471,Principal Equity Savings Fund- Direct Plan - Income Distribution CUM Capital Withdrawal Option - Quaterly,12.0713
2014-02-13,119472,Principal Equity Savings Fund - Direct Plan - Growth Option,24.6957
2014-02-13,119474,Principal Ultra Short Term Fund- Direct Plan -Growth Option,1428.3304
2014-02-13,119475,Principal Ultra Short Term Fund- Direct Plan - Income Distribution CUM Capital Withdrawal Option - Monthly,1064.0405
2014-02-13,119478,Principal Corporate Bond Fund -Direct Plan - Dividend Option - Quarterly,11.9807
2014-02-13,119479,Principal Corporate Bond Fund  - Direct Plan -Growth Option,22.2764
2014-02-13,119480,Principal Bank CD Fund - Direct Plan - Growth Option,1627.8683
2014-02-13,119481,Principal Bank CD Fund - Direct Plan - Dividend Option-Monthly,1130.8569
2014-02-13,119482,Principal Balanced Advantage Fund - Direct Plan - Growth Option,11.92
2014-02-13,119483,Principal Balanced Advantage Fund - Direct Plan - Monthly Income Distribution CUM Capital Withdrawal Option,11.92
2014-02-13,119484,Principal Hybrid Equity Fund- Direct Plan - Growth Option,35.99
2014-02-13,119485,Principal Hybrid Equity Fund-Direct Plan - Monthly Income Distribution CUM Capital Withdrawal Option,18.21
2014-02-13,119486,Principal Personal Tax Saver Fund - Direct Plan,101.82
2014-02-13,119487,Principal Nifty 100 Equal Weight Fund- Direct Plan - Income Distribution CUM Capital Withdrawal Option,24.375
2014-02-13,119488,Principal Nifty 100 Equal Weight Fund - Direct Plan - Growth Option,41.4752
2014-02-13,119489,Principal Tax Savings Fund - Direct Plan,88.49
2014-02-13,119490,Aditya Birla Sun Life Asset Allocation-Conservative Plan - Growth - Direct Plan,23.8624
2014-02-13,119491,Aditya Birla Sun Life Asset Allocation - Moderate Plan - Dividend - Direct Plan,31.6623
2014-02-13,119492,Aditya Birla Sun Life Asset Allocation - Aggressive Plan - Dividend - Direct Plan,36.0091
2014-02-13,119493,Aditya Birla Sun Life Asset Allocation - Aggressive Plan - Growth - Direct Plan,36.036
2014-02-13,119495,Aditya Birla Sun Life Asset Allocation - Moderate Plan - Growth - Direct Plan,31.6623
2014-02-13,119496,Aditya Birla Sun Life Short Term Fund - DIRECT - IDCW,13.0144
2014-02-13,119497,Aditya Birla Sun Life Short Term Fund-Quarterly-IDCW-Direct,10.6377
2014-02-13,119498,Aditya Birla Sun Life Short Term Fund - Growth - Direct Plan,20.3595
2014-02-13,119499,Aditya Birla Sun Life Savings Fund-DIRECT - WEEKLY IDCW,100.2173
2014-02-13,119500,Aditya Birla Sun Life Savings Fund-DIRECT - DAILY IDCW,100.2972
2014-02-13,119501,Aditya Birla Sun Life Savings Fund - Growth - Direct Plan,242.7235
2014-02-13,119502,Aditya Birla Sun Life Dynamic Bond Fund -Direct - Quarterly IDCW,11.002
2014-02-13,119503,Aditya Birla Sun Life Dynamic Bond Fund -DIRECT - MONTHLY IDCW,10.1596
2014-02-13,119505,Aditya Birla Sun Life Dynamic Bond Fund - Growth - Direct Plan,20.9644
2014-02-13,119506,Aditya Birla Sun Life Dividend Yield Fund -DIRECT - IDCW,12.58
2014-02-13,119507,Aditya Birla Sun Life Dividend Yield Fund - Growth - Direct Plan,87.38
2014-02-13,119511,Aditya Birla Sun Life Money Manager Fund - Growth - Direct Plan,168.7174
2014-02-13,119512,Aditya Birla Sun Life Money Manager Fund - Direct - weekly IDCW,100.2211
2014-02-13,119513,Aditya Birla Sun Life Money Manager Fund - Direct - daily IDCW,100.02
2014-02-13,119514,Aditya Birla Sun Life Infrastructure Fund - Growth - Direct Plan,14.38
2014-02-13,119515,Aditya Birla Sun Life Infrastructure Fund -  Direct - IDCW,9.9
2014-02-13,119516,Aditya Birla Sun Life International Equity Fund - Direct - IDCW,15.649
2014-02-13,119517,Aditya Birla Sun Life International Equity Fund - Growth - Direct Plan,15.632
2014-02-13,119518,Aditya Birla Sun Life International Equity Fund - Plan B - Growth - Direct Plan,10.3944
2014-02-13,119519,Aditya Birla Sun Life International Equity Fund - Plan B - Direct - IDCW,10.3944
2014-02-13,119520,Aditya Birla Sun Life Long Term Advantage - Growth - Direct Plan,16.15
2014-02-13,119521,Aditya Birla Sun Life Long Term Advantage - Dividend - Direct Plan,14.91
2014-02-13,119522,Aditya Birla Sun Life Low Duration Fund -Direct - weekly IDCW,100.0634
2014-02-13,119523,Aditya Birla Sun Life Low duration Fund - Growth - Direct Plan,307.2604
2014-02-13,119524,Aditya Birla Sun Life Low Duration Fund -Direct - daily IDCW,100.3629
2014-02-13,119525,Aditya Birla Sun Life Arbitrage Fund-DIRECT - IDCW,13.2946
2014-02-13,119526,Aditya Birla Sun Life Arbitrage Fund - Growth - Direct Plan,13.6429
2014-02-13,119527,Aditya Birla Sun Life Large Cap Fund-DIRECT - IDCW,23.29
2014-02-13,119528,Aditya Birla Sun Life Large Cap Fund - Growth - Direct Plan,104.42
2014-02-13,119529,Aditya Birla Sun Life Government Securities Fund - Short Term Plan - Growth - Direct Plan,10.6908
2014-02-13,119530,Aditya Birla Sun Life Government Securities Fund - Short Term Plan - Daily Dividend - Direct Plan,10.0934
2014-02-13,119532,Aditya Birla Sun Life Corporate Bond Fund -DIRECT - MONTHLY IDCW,11.7818
2014-02-13,119533,Aditya Birla Sun Life Corporate Bond Fund - Growth - Direct Plan,46.5106
2014-02-13,119534,Aditya Birla Sun Life Interval Income Fund - Quarterly Series 1 - Direct - IDCW,10.2089
2014-02-13,119535,Aditya Birla Sun Life Interval Income Fund - Quarterly Series I - Growth - Direct Plan,16.7291
2014-02-13,119536,Aditya Birla Sun Life India Reforms Fund - Growth - Direct Plan,8.01
2014-02-13,119537,Aditya Birla Sun Life India Reforms Fund - Dividend - Direct Plan,8.02
2014-02-13,119538,Aditya Birla Sun Life Medium Term Plan - Direct - IDCW,11.1774
2014-02-13,119539,Aditya Birla Sun Life Medium Term Plan - Growth - Direct Plan,15.0853
2014-02-13,119540,Aditya Birla Sun Life Medium Term Plan - DIRECT - HALF YEARLY IDCW,11.2659
2014-02-13,119541,Aditya Birla Sun Life Medium Term Plan - DIRECT - Quarterly IDCW,10.5747
2014-02-13,119542,Sundaram Equity Hybrid Fund Direct Plan - Growth,49.851
2014-02-13,119543,Aditya Birla Sun Life ELSS Tax Saver Fund-DIRECT - IDCW,85.29
2014-02-13,119544,Aditya Birla Sun Life ELSS Tax Saver Fund - Growth - Direct Plan,12.35
2014-02-13,119545,Sundaram Equity Hybrid Fund Direct Plan - Income Distribution cum Capital Withdrawal (IDCW),11.0965
2014-02-13,119546,Aditya Birla Sun Life Special Situations Fund - Growth - Direct Plan,9.7729
2014-02-13,119547,Aditya Birla Sun Life Special Situations Fund - Dividend - Direct Plan,9.7732
2014-02-13,119548,Sundaram Value Fund Direct Plan - Income Distribution cum Capital Withdrawal (IDCW),10.8366
2014-02-13,119549,Sundaram Value Fund Direct Plan - Growth,45.9819
2014-02-13,119550,Aditya Birla Sun Life Banking & PSU Debt Fund- Direct Plan-Growth,152.2823
2014-02-13,119551,Aditya Birla Sun Life Banking & PSU Debt Fund  - DIRECT - IDCW,103.7594
2014-02-13,119552,Aditya Birla Sun Life Banking & PSU Debt Fund  - DIRECT - MONTHLY IDCW,100.2481
2014-02-13,119553,Aditya Birla Sun Life Banking & PSU Debt Fund  - Direct - Quarterly IDCW,101.7395
2014-02-13,119554,Sundaram Select Thematic Funds Capex Opportunities - Direct Plan - Dividend Option,7.392
2014-02-13,119555,Sundaram Select Thematic Funds Capex Opportunities -Direct Plan - Growth Option,14.2705
2014-02-13,119556,Aditya Birla Sun Life Small Cap Fund - Growth - Direct Plan,13.4643
2014-02-13,119557,Aditya Birla Sun Life Small Cap Fund -Direct - IDCW,13.0521
2014-02-13,119558,Sundaram Select Thematic Funds Energy Opportunities - Direct Plan - Dividend Option,6.2464
2014-02-13,119559,Sundaram Select Thematic Funds Energy Opportunities -Direct Plan - Growth Option,6.2512
2014-02-13,119563,Aditya Birla Sun Life Focused Fund -Direct - IDCW,15.5972
2014-02-13,119564,Aditya Birla Sun Life Focused Fund - Growth - Direct Plan,27.3802
2014-02-13,119565,Sundaram Large and Midcap Direct Plan - Income Distribution cum Capital Withdrawal (IDCW),11.397
2014-02-13,119566,Sundaram Large and Midcap Fund Direct Plan - Growth,14.0168
2014-02-13,119567,SBI Arbitrage Opportunities Fund - Direct Plan - Income Distribution cum Capital Withdrawal Option (IDCW),13.2902
2014-02-13,119568,Aditya Birla Sun Life Liquid Fund - Growth - Direct Plan,203.3408
2014-02-13,119569,Aditya Birla Sun Life Liquid Fund -Direct - daily IDCW,100.195
2014-02-13,119570,Aditya Birla Sun Life Liquid Fund -Direct - weekly IDCW,100.3673
2014-02-13,119571,Aditya Birla Sun Life Liquid Fund -DIRECT - IDCW,108.5108
2014-02-13,119572,Sundaram Multi Asset Fund Direct Growth,11.1153
2014-02-13,119573,Sundaram Multi Asset Fund Direct Dividend,11.1024
2014-02-13,119574,SBI Arbitrage Opportunities Fund - Direct Plan - Gr,17.3641
2014-02-13,119575,Aditya Birla Sun Life Commodity Equities Fund - Global Agri Plan -Direct - IDCW,18.1159
2014-02-13,119576,Aditya Birla Sun Life Commodity Equities Fund - Global Agri Plan - Growth - Direct Plan,19.3431
2014-02-13,119577,Sundaram Select Focus Direct Plan - Income Distribution cum Capital Withdrawal (IDCW),9.613
2014-02-13,119578,Sundaram Select Focus Direct Plan - Growth,88.8921
2014-02-13,119581,Sundaram Mid Cap Fund Direct Plan - Growth,170.2788
2014-02-13,119582,Sundaram Mid Cap Fund Direct Plan - Income Distribution cum Capital Withdrawal (IDCW),18.2168
2014-02-13,119585,SBI Large Cap Fund - Direct Plan - Income Distribution cum Capital Withdrawal Option (IDCW),13.7276
2014-02-13,119586,Sundaram Select Thematic Funds PSU Opportunities -Direct Plan - Growth Option,7.8248
2014-02-13,119587,Sundaram Select Thematic Funds PSU Opportunities - Direct Plan - Dividend Option,7.131
2014-02-13,119588,Sundaram Small Cap Fund Direct Plan - Income Distribution cum Capital Withdrawal (IDCW),10.5835
2014-02-13,119589,Sundaram Small Cap Fund Direct Plan - Growth,29.5719
2014-02-13,119590,Aditya Birla Sun Life Consumption Fund -DIRECT - IDCW,16.7
2014-02-13,119591,Aditya Birla Sun Life Consumption Fund - Growth - Direct Plan,31.91
2014-02-13,119592,Sundaram Growth Fund - Direct Plan - Growth Option,91.583
2014-02-13,119593,Sundaram Growth Fund - Direct Plan - Dividend Option,12.3815
2014-02-13,119594,Sundaram Consumption Fund (Formerly Known asSundaram Rural and Consumption Fund Direct Plan - Income Distribution cum Capital Withdrawal (IDCW),11.8701
2014-02-13,119595,Sundaram Consumption Fund (Formerly Known as Sundaram Rural and Consumption Fund Direct Plan - Growth),16.3927
2014-02-13,119596,Sundaram Financial Services Opportunities Fund Direct Plan - Income Distribution cum Capital Withdrawal (IDCW),10.6253
2014-02-13,119597,Sundaram Financial Services Opportunities Fund Direct Plan - Growth,16.5624
2014-02-13,119598,SBI Large Cap FUND-DIRECT PLAN -GROWTH,17.546
2014-02-13,119599,Sundaram Entertainment Opportunities Fund -Direct Plan - Growth Option,13.6289
2014-02-13,119600,Sundaram Entertainment Opportunities Fund - Direct Plan - Dividend Option,10.7623
2014-02-13,119601,Sundaram Global Brand Theme-Equity Active FOF - Direct IDCW,14.228
2014-02-13,119602,Sundaram Global Brand Theme-Equity Active FOF - Direct Growth,14.619
2014-02-13,119603,Sundaram Gilt Fund - Direct Plan - Growth Option,20.8673
2014-02-13,119604,SBI Equity Hybrid Fund - Direct Plan - Income Distribution cum Capital Withdrawal Option (IDCW),27.4554
2014-02-13,119605,Aditya Birla Sun Life Government Securities Fund - Growth - Direct Plan,31.2116
2014-02-13,119606,Aditya Birla Sun Life Govenment Securities Fund -DIRECT - Quarterly IDCW,10.5904
2014-02-13,119608,Sundaram Gilt Fund - Direct Plan - Dividend Option,12.494
2014-02-13,119609,SBI EQUITY HYBRID FUND - DIRECT PLAN - Growth,61.2875
2014-02-13,119610,Aditya Birla Sun Life Gilt Plus - Liquid Plan - Quarterly Dividend - Direct Plan,10.9165
2014-02-13,119611,Aditya Birla Sun Life Gilt Plus - Liquid Plan - Annual Dividend - Direct Plan,11.2367
2014-02-13,119612,Aditya Birla Sun Life Gilt Plus - Liquid Plan - Growth - Direct Plan,28.2284
2014-02-13,119613,SBI Comma Fund - Direct Plan - Income Distribution cum Capital Withdrawal Option (IDCW),11.6297
2014-02-13,119614,Aditya Birla Sun Life Constant Maturity 10 Year Gilt Fund - Growth - Direct Plan,36.4343
2014-02-13,119615,Aditya Birla Sun Life Constant Maturity 10 Year Gilt Fund - Quarterly Dividend - Direct Plan,11.5979
2014-02-13,119617,Aditya Birla Sun Life India Opportunities Fund - Dividend - Direct Plan,20.01
2014-02-13,119618,Aditya Birla Sun Life India Opportunities Fund - Growth - Direct Plan,66.34
2014-02-13,119619,Aditya Birla Sun Life Midcap Fund -DIRECT - IDCW,21.65
2014-02-13,119620,Aditya Birla Sun Life Midcap Fund - Growth - Direct Plan,115.25
2014-02-13,119621,Sundaram Corporate Bond Fund Direct Plan - Growth,16.522
2014-02-13,119625,Sundaram Banking & PSU Fund (Formerly Known as Sundaram Banking and PSU Debt Fund) Direct Plan - Growth,19.9695
2014-02-13,119626,Sundaram Banking & PSU Fund (Formerly Known as Sundaram Banking and PSU Debt Fund) Direct Plan - Income Distribution cum Capital Withdrawal (IDCW),10.501
2014-02-13,119627,Sundaram Banking & PSU Fund (Formerly Known as Sundaram Banking and PSU Debt Fund) Direct Plan - Daily Reinvestment of Income Distribution cum Capital Withdrawal (IDCW),10.0519
2014-02-13,119628,Sundaram Banking and PSU Debt Fund Direct Plan - Weekly Reinvestment of Income Distribution cum Capital Withdrawal (IDCW),10.2913
2014-02-13,119629,Sundaram Banking & PSU Fund (Formerly Known as Sundaram Banking and PSU Debt Fund) Direct Plan - Bonus,19.9318
2014-02-13,119630,Sundaram Corporate Bond Fund Direct Plan-Income Distribution cum Capital Withdrawal(IDCW),10.6854
2014-02-13,119635,Sundaram Conservative Hybrid Fund (Formerly Known as Sundaram Debt Oriented Hybrid Fund) Direct Plan - Growth,11.789
2014-02-13,119637,Sundaram Conservative Hybrid Fund (Formerly Known as Sundaram Debt Oriented Hybrid Fund) Direct Plan -Income Distribution cum Capital Withdrawal (IDCW),10.5128
2014-02-13,119640,Aditya Birla Sun Life MIP - Direct Plan - Monthly Dividend,11.9788
2014-02-13,119644,Sundaram Regular Savings Fund - Direct Plan - Growth Option,11.783
2014-02-13,119646,Aditya Birla Sun Life MNC Fund - Growth - Direct Plan,273.68
2014-02-13,119647,Aditya Birla Sun Life MNC Fund - DIRECT - IDCW,92.83
2014-02-13,119648,Aditya Birla Sun Life Nifty 50 Index Fund - Growth - Direct Plan,58.739
2014-02-13,119649,Aditya Birla Sun Life Nifty 50 Index Fund -DIRECT - IDCW,19.8412
2014-02-13,119650,Sundaram Monthly Income Plan - Moderate Plan - Direct Plan - Monthly Dividend Option,10.563
2014-02-13,119651,Sundaram Monthly Income Plan - Moderate Plan - Direct Plan - Quarterly Dividend Option,10.7922
2014-02-13,119652,Sundaram Monthly Income Plan - Moderate Plan - Direct Plan - Half Yearly Dividend Option,10.7557
2014-02-13,119654,Sundaram Monthly Income Plan - Moderate Plan - Direct Plan - Growth Option,17.8578
2014-02-13,119655,Aditya Birla Sun Life Income Fund - Direct - Quarterly IDCW,12.3395
2014-02-13,119657,Aditya Birla Sun Life Income Fund - Growth - Direct Plan,53.4996
2014-02-13,119658,Aditya Birla Sun Life Value Fund - Direct - IDCW,16.5622
2014-02-13,119659,Aditya Birla Sun Life Value Fund - Growth - Direct Plan,18.9489
2014-02-13,119660,Aditya Birla Sun Life Tax Plan -DIRECT - IDCW,52.3
2014-02-13,119661,Aditya Birla Sun Life Tax Plan - Direct Plan - Growth Option,15.87
2014-02-13,119662,Sundaram Short Term Debt Fund Direct Plan - Weekly Income Distribution cum Capital Withdrawal (IDCW),12.6486
2014-02-13,119663,Sundaram Short Term Debt Fund Direct Plan- Income Distribution cum Capital Withdrawal ( IDCW),11.336
2014-02-13,119664,Sundaram Short Term Debt Fund Direct Plan - Growth,21.7299
2014-02-13,119665,Sundaram Short Term Debt Fund Direct Plan - Fortnightly Income Distribution cum Capital Withdrawal (IDCW),12.1119
2014-02-13,119666,Sundaram Short Term Debt Fund Direct Plan - Income Distribution cum Capital Withdrawal (IDCW),11.9783
2014-02-13,119667,Sundaram Short Term Debt Fund Direct Plan -Growth,10.8106
2014-02-13,119668,Sundaram Short Term Debt Fund Direct Plan-Income Distribution cum Capital Withdrawal (IDCW),12.3986
2014-02-13,119670,SBI Dynamic Bond Fund - Direct Plan - Income Distribution cum Capital Withdrawal Option (IDCW),11.8127
2014-02-13,119671,SBI Dynamic Bond Fund - DIRECT PLAN - Growth,14.9917
2014-02-13,119672,Sundaram Medium Duration Fund (Formerly Known as Sundaram Medium Term Bond Fund) Direct Plan-Income Distribution cum Capital Withdrawal (IDCW),37.0963
2014-02-13,119675,Sundaram Medium Duration Fund (Formerly Known as Sundaram Medium Term Bond Fund) Direct Plan - Growth,35.1391
2014-02-13,119676,Sundaram Medium Duration Fund (Formerly Known as Sundaram Medium Term Bond Fund) Direct Plan -Income Distribution cum Capital Withdrawal (IDCW),10.7081
2014-02-13,119677,Sundaram Low Duration Fund Direct Plan - Weekly Income Distribution cum Capital Withdrawal (IDCW),11.2645
2014-02-13,119678,Sundaram Low Duration Fund Direct Plan -Income Distribution cum Capital Withdrawal (IDCW),10.9008
2014-02-13,119679,Sundaram Low Duration Fund Direct Plan - Daily Reinvestment of Income Distribution cum Capital Withdrawal (IDCW),10.0439
2014-02-13,119680,Sundaram Low Duration Fund Direct Plan - Growth,17.3843
2014-02-13,119681,Sundaram Low Duration Fund Direct Plan - Fortnightly Income Distribution cum Capital Withdrawal (IDCW),11.206
2014-02-13,119682,Sundaram Low Duration Fund Direct Plan - Income Distribution cum Capital Withdrawal (IDCW),10.7833
2014-02-13,119683,Sundaram Low Duration Fund Direct Plan -Growth,17.3856
2014-02-13,119684,SBI Edge Fund - DIRECT PLAN - Dividend,11.489
2014-02-13,119685,SBI Edge Fund - DIRECT PLAN - GROWTH,12.9632
2014-02-13,119686,Sundaram Money Fund Direct Plan - Growth,26.7544
2014-02-13,119687,Sundaram Money Fund Direct Plan - Monthly Income Distribution cum Capital Withdrawal (IDCW),10.5695
2014-02-13,119688,Sundaram Money Fund Direct Plan - Daily Reinvestment of Income Distribution cum Capital Withdrawal (IDCW),10.1025
2014-02-13,119690,Sundaram Money Fund Direct Plan - Bonus,16.3838
2014-02-13,119691,Sundaram Money Fund Direct Plan - Weekly Reinvestment of Income Distribution cum Capital Withdrawal (IDCW),11.3943
2014-02-13,119692,Sundaram Money Fund Direct Plan - Fortnightly Reinvestment of Income Distribution cum Capital Withdrawal (IDCW),25.32
2014-02-13,119693,Sundaram Fixed Income Interval Fund- Quarterly Series-Plan D - Direct Plan - Growth,15.9524
2014-02-13,119695,SBI Infrastructure Fund - Direct Plan - Income Distribution cum Capital Withdrawal Option (IDCW),6.6691
2014-02-13,119696,Sundaram Fixed Income Interval Fund- Quarterly Series-Plan A - Direct Plan - Dividend Payout,10.1607
2014-02-13,119697,Sundaram Fixed Income Interval Fund- Quarterly Series-Plan A - Direct Plan - Growth,16.4018
2014-02-13,119698,Sundaram Fixed Income Interval Fund- Quarterly Series-Plan B - Direct Plan - Growth,16.6235
2014-02-13,119700,SBI INFRASTRUCTURE FUND -  DIRECT PLAN - GROWTH,6.6728
2014-02-13,119701,Sundaram Fixed Income Interval Fund- Quarterly Series-Plan C - Direct Plan - Growth,15.9019
2014-02-13,119702,Sundaram Fixed Income Interval Fund- Quarterly Series-Plan C - Direct Plan - Dividend Payout,10.0203
2014-02-13,119703,Sundaram Fixed Income Interval Fund- Quarterly Series-Plan E - Direct Plan - Dividend Payout,10.1946
2014-02-13,119704,Sundaram Fixed Income Interval Fund- Quarterly Series-Plan E - Direct Plan - Growth,15.1599
2014-02-13,119705,SBI COMMA Fund - DIRECT PLAN - Growth,17.2009
2014-02-13,119706,SBI Gilt Fund - Direct Plan - Income Distribution cum Capital Withdrawal Option (IDCW),11.7285
2014-02-13,119707,SBI GILT FUND - DIRECT PLAN - GROWTH,24.662
2014-02-13,119708,SBI ESG Exclusionary Strategy Fund - Direct Plan - Income Distribution cum Capital Withdrawal Option (IDCW),28.7298
2014-02-13,119709,SBI ESG Exclusionary Strategy Fund - Direct Plan -Growth,48.8482
2014-02-13,119710,SBI MNC Fund - Direct Plan - Income Distribution cum Capital Withdrawal Option (IDCW),34.5764
2014-02-13,119711,SBI MNC FUND - DIRECT PLAN -GROWTH,73.5251
2014-02-13,119712,SBI Medium to Long Duration Fund-DIRECT PLAN - Bonus,17.9467
2014-02-13,119713,SBI Medium to Long Duration Fund - Direct Plan - Half Yearly - Income Distribution cum Capital Withdrawal Option (IDCW),12.1997
2014-02-13,119714,SBI Medium to Long Duration Fund-DIRECT PLAN -Growth,29.5604
2014-02-13,119715,SBI Midcap Fund - Direct Plan - Income Distribution cum Capital Withdrawal Option (IDCW),24.2199
2014-02-13,119716,SBI MIDCAP FUND - DIRECT PLAN - GROWTH,31.5249
2014-02-13,119717,SBI Flexicap Fund - Direct Plan - Income Distribution cum Capital Withdrawal Option (IDCW),14.3659
2014-02-13,119718,SBI Flexicap Fund - DIRECT PLAN - Growth Option,18.9033
2014-02-13,119719,SBI Children's Fund - Savings Plan - DIRECT PLAN - GROWTH,26.8033
2014-02-13,119720,SBI Large & Midcap Fund - Direct Plan - Income Distribution cum Capital Withdrawal Option (IDCW),59.4084
2014-02-13,119721,SBI LARGE & MIDCAP FUND -DIRECT PLAN -Growth,93.9499
2014-02-13,119722,SBI ELSS Tax Saver Fund - Direct Plan - Income Distribution cum Capital Withdrawal Option (IDCW),38.3158
2014-02-13,119723,SBI ELSS Tax Saver FUND - DIRECT PLAN -GROWTH,69.7839
2014-02-13,119724,SBI Contra Fund - Direct Plan - Income Distribution cum Capital Withdrawal Option (IDCW),16.3373
2014-02-13,119727,SBI FOCUSED FUND - DIRECT PLAN -GROWTH,54.0848
2014-02-13,119730,SBI Consumption Opportunities Fund - Direct Plan - Income Distribution cum Capital Withdrawal Option (IDCW),53.1888
2014-02-13,119731,SBI Technology Opportunities Fund - Direct Plan - Income Distribution cum Capital Withdrawal Option (IDCW),36.5197
2014-02-13,119732,SBI PSU Fund - DIRECT PLAN - GROWTH,6.7875
2014-02-13,119733,SBI PSU Fund - Direct Plan - Income Distribution cum Capital Withdrawal Option (IDCW),6.7886
2014-02-13,119734,Kotak Bond Fund - Direct Plan - Standard IDCW option,21.2012
2014-02-13,119735,Kotak Bond Fund - Growth - Direct,34.2248
2014-02-13,119736,Kotak Bond - Quaterly Payout of Income Distribution cum capital withdrawal option - Direct,10.2232
2014-02-13,119737,Kotak Bond Regular Plan Bonus Plan - Direct,22.6358
2014-02-13,119738,Kotak Bond Short Term Plan-(Payout of Income Distribution cum capital withdrawal option) - Direct,10.1394
2014-02-13,119739,Kotak Bond Short Term Plan-(Growth) - Direct,23.511
2014-02-13,119741,Kotak Credit Risk Fund - Growth - Direct,13.3622
2014-02-13,119742,Kotak Credit Risk Fund - Monthly Payout of Income Distribution cum capital withdrawal option - Direct,10.1646
2014-02-13,119743,Kotak Credit Risk Fund - Weekly Reinvestment of Income Distribution cum capital withdrawal option- Direct,10.2186
2014-02-13,119745,Kotak Money Market Fund - (Daily Reinvestment of Income Distribution cum capital withdrawal option) - Direct,1011.62
2014-02-13,119746,Kotak Money Market Fund - (Growth) - Direct,2079.3318
2014-02-13,119747,Kotak Money Market Fund - (Monthly Payout of Income Distribution cum capital withdrawal option) - Direct,1006.8844
2014-02-13,119748,Kotak Money Market Fund - (Weekly Reinvestment of Income Distribution cum capital withdrawal option) - Direct,1014.3513
2014-02-13,119749,Kotak Treasury Advantage Fund -Daily Reinvestment of Income Distribution cum capital withdrawal option - Direct,10.0798
2014-02-13,119750,Kotak Savings Fund-Growth - Direct,20.1552
2014-02-13,119751,Kotak Savings Fund-Monthly Payout of Income Distribution cum capital withdrawal option - Direct,10.1503
2014-02-13,119752,Kotak Savings Fund-Weekly Weekly Reinvestment of Income Distribution cum capital withdrawal option- Direct,10.1617
2014-02-13,119753,Kotak Dynamic Bond Fund - Direct Plan - Standard Income Distribution cum capital withdrawal option,11.1974
2014-02-13,119754,Kotak Dynamic Bond Fund - Daily Dividend - Direct,10.0468
2014-02-13,119755,Kotak Dynamic Bond Fund - Growth - Direct,15.6689
2014-02-13,119756,Kotak Dynamic Bond Fund - Weekly Dividend Direct,10.5142
2014-02-13,119757,Kotak Gilt-Investment  Provident Fund and Trust-Growth - Direct,40.8975
2014-02-13,119758,Kotak Gilt-Investment Regular-Payout of Income Distribution cum capital withdrawal option - Direct,11.5767
2014-02-13,119759,Kotak Gilt-Investment Regular-Growth - Direct,40.0698
2014-02-13,119764,Kotak Liquid Fund - Direct Plan - Daily Reinvestment of Income Distribution cum capital withdrawal option,1222.81
2014-02-13,119765,Kotak Liquid Fund - Weekly  Payout of Income Distribution cum capital withdrawal option - Direct,1002.3298
2014-02-13,119766,Kotak Liquid Fund - Direct Plan - Growth,2573.422
2014-02-13,119767,Kotak Aggressive Hybrid Fund - Direct Plan - IDCW - Payout & Reinvestment of Income Distribution cum  capital withdrawal option,18.861
2014-02-13,119768,Kotak Contra Fund - Direct Plan - IDCW -Payout & Re-investment of Income Distribution cum capital withdrawal option- Direct,14.582
2014-02-13,119769,Kotak Contra Fund - Direct Plan - Growth,24.704
2014-02-13,119770,Kotak  Arbitrage Fund - Direct Plan - IDCW -Payout &  Reinvestment of Income Distribution cum capital withdrawal option,10.7954
2014-02-13,119771,Kotak Arbitrage Fund - Direct Plan - Growth,18.8436
2014-02-13,119772,Kotak ELSS Tax Saver Fund-Payout of Income Distribution cum capital withdrawal option - Direct,11.034
2014-02-13,119773,Kotak ELSS Tax Saver Fund-Growth - Direct,18.189
2014-02-13,119774,Kotak Midcap Fund  - Direct Plan - IDCW - Payout & Re-investment of Income Distribution cum capital withdrawal option,11.165
2014-02-13,119775,Kotak Midcap Fund - Direct Plan - Growth,12.494
2014-02-13,119776,Kotak Multi Asset Omni FOF - Direct Payout of Income Distribution cum capital withdrawal option,38.533
2014-02-13,119777,Kotak Multi Asset Omni FOF - Direct Growth - Direct,39.26
2014-02-13,119778,Kotak Global Emerging Market Overseas Equity Omni FOF - Payout of Income Distribution cum capital withdrawal option - Direct,13.707
2014-02-13,119779,Kotak Global Emerging Market overseas Equity Omni FOF - Growth - Direct,13.663
2014-02-13,119780,Kotak Gold Fund Payout of Income Distribution cum capital withdrawal option- Direct,13.6334
2014-02-13,119781,Kotak Gold Fund Growth - Direct,13.6325
2014-02-13,119782,SBI Healthcare Opportunities Fund - Direct Plan - Income Distribution cum Capital Withdrawal Option (IDCW),65.1307
2014-02-13,119783,SBI HEALTHCARE OPPORTUNITIES FUND - DIRECT PLAN -GROWTH,78.7989
2014-02-13,119784,SBI Ultra Short Duration Fund - Direct Plan - Daily Income Distribution cum Capital Withdrawal Option (IDCW),1675.03
2014-02-13,119785,L&T Credit Risk Fund - Direct Plan - IDCW,10.4386
2014-02-13,119786,L&T Credit Risk Fund- Direct Plan - Growth,13.7637
2014-02-13,119788,SBI GOLD FUND- DIRECT PLAN - GROWTH,10.2932
2014-02-13,119789,SBI Gold Fund - Direct Plan - Income Distribution cum Capital Withdrawal Option (IDCW),10.2893
2014-02-13,119790,L&T Liquid Fund - Direct Plan -Growth,1739.1599
2014-02-13,119791,L&T Liquid Fund - Direct Plan -Daily IDCW,1011.947
2014-02-13,119792,SBI Credit Risk Fund - Direct Plan - Daily Income Distribution cum Capital Withdrawal Option (IDCW),10.07
2014-02-13,119793,SBI Credit Risk Fund - Direct Plan - Income Distribution cum Capital Withdrawal Option (IDCW),12.9546
2014-02-13,119794,L&T Banking and PSU Debt Fund -  Direct Plan - Monthly IDCW,10.144
2014-02-13,119795,L&T Banking and PSU Debt Fund - Direct Plan - Growth,11.2023
2014-02-13,119796,L&T Banking and PSU Debt Fund - Direct Plan - Daily IDCW,10.6435
2014-02-13,119797,L&T Banking and PSU Debt Fund - Direct Plan - Weekly IDCW,10.0872
2014-02-13,119798,SBI CREDIT RISK FUND - DIRECT PLAN -GROWTH,19.4309
2014-02-13,119799,SBI Liquid Fund - Direct Plan - Weekly Income Distribution cum Capital Withdrawal Option (IDCW),1062.3164
2014-02-13,119800,SBI Liquid Fund - DIRECT PLAN -Growth,1994.0683
2014-02-13,119801,L&T Equity Savings Fund- Direct Plan-Quarterly IDCW,10.6739
2014-02-13,119802,L&T Equity Savings Fund - Direct Plan-Growth,11.3789
2014-02-13,119803,L&T Equity Savings Fund - Direct Plan-Monthly IDCW,10.4607
2014-02-13,119804,SBI Liquid Fund - Direct Paln - Fortnightly Income Distribution cum Capital Withdrawal Option (IDCW),1014.722
2014-02-13,119805,SBI Liquid Fund - Direct Plan - Daily Income Distribution cum Capital Withdrawal Option (IDCW),1003.25
2014-02-13,119806,L&T Mid Cap Fund-Direct Plan -IDCW,20.95
2014-02-13,119807,L&T Mid Cap Fund-Direct Plan-Growth,43.56
2014-02-13,119808,L&T Low Duration Fund-Direct Plan-IDCW,10.2377
2014-02-13,119809,L&T Low Duration Fund-Direct Plan-Growth,13.0264
2014-02-13,119810,SBI Low Duration Fund - Direct Plan - Daily Income Distribution cum Capital Withdrawal Option (IDCW),1001.9774
2014-02-13,119811,SBI Low Duration Fund - Direct Plan - Fortnightly Income Distribution cum Capital Withdrawal Option (IDCW),1030.7753
2014-02-13,119812,SBI LOW DURATION FUND - DIRECT PLAN - GROWTH,1624.0082
2014-02-13,119813,SBI Short Term Debt Fund - Direct Plan - Monthly Income Distribution cum Capital Withdrawal Option (IDCW),11.3205
2014-02-13,119815,SBI Short Term Debt Fund - Direct Plan Fortnightly Income Distribution cum Capital Withdrawal Option (IDCW),10.3173
2014-02-13,119816,SBI SHORT TERM DEBT FUND - DIRECT PLAN -GROWTH,14.3442
2014-02-13,119817,SBI Short Term Debt Fund - Direct Plan Weekly Income Distribution cum Capital Withdrawal Option (IDCW),10.5364
2014-02-13,119818,SBI Low Duration Fund - Direct Plan - Monthly Income Distribution cum Capital Withdrawal Option (IDCW),1045.6135
2014-02-13,119819,SBI Low Duration Fund - Direct Plan - Weekly Income Distribution cum Capital Withdrawal Option (IDCW),1011.355
2014-02-13,119820,SBI Savings Fund - Direct Plan - Income Distribution cum Capital Withdrawal Option (IDCW),11.2199
2014-02-13,119821,SBI  SAVINGS FUND - DIRECT PLAN - GROWTH,19.7601
2014-02-13,119822,SBI Savings Fund - Direct Plan Daily Income Distribution cum Capital Withdrawal Option (IDCW),10.0622
2014-02-13,119823,SBI Savings Fund - Direct Plan Weekly Income Distribution cum Capital Withdrawal Option (IDCW),11.6263
2014-02-13,119824,SBI MEDIUM DURATION FUND - DIRECT PLAN - GROWTH,19.4368
2014-02-13,119825,SBI Medium Duration Fund - Direct Plan - Income Distribution cum Capital Withdrawal Option (IDCW),11.1297
2014-02-13,119826,SBI Nifty Index Fund - Direct Plan - Income Distribution cum Capital Withdrawal Option (IDCW),26.2483
2014-02-13,119827,SBI NIFTY INDEX FUND - DIRECT PLAN - GROWTH,51.2579
2014-02-13,119828,SBI ULTRA SHORT DURATION FUND - DIRECT PLAN - GROWTH,2807.0103
2014-02-13,119829,SBI Ultra Short Duration Fund - Direct Plan - Weekly Income Distribution cum Capital Withdrawal Option (IDCW),1078.889
2014-02-13,119831,SBI Overnight Fund - Direct Plan - Daily Income Distribution cum Capital Withdrawal Option (IDCW),1009.91
2014-02-13,119832,SBI Overnight Fund - Direct Plan - Weekly Income Distribution cum Capital Withdrawal Option (IDCW),1032.4317
2014-02-13,119833,SBI OVERNIGHT FUND - DIRECT PLAN - GROWTH,2174.1732
2014-02-13,119834,SBI Focused Fund - Direct Plan - Income Distribution cum Capital Withdrawal Option (IDCW),17.5427
2014-02-13,119835,SBI CONTRA FUND - DIRECT PLAN - GROWTH,55.8907
2014-02-13,119836,SBI Conservative Hybrid Fund  - Direct Plan - Quarterly Income Distribution cum Capital Withdrawal Option (IDCW),11.3216
2014-02-13,119837,SBI Conservative Hybrid Fund - Direct Plan - Annual Income Distribution cum Capital Withdrawal Option (IDCW),13.77
2014-02-13,119838,SBI Conservative Hybrid Fund - Direct Plan - Monthly Income Distribution cum Capital Withdrawal Option (IDCW),11.5632
2014-02-13,119839,SBI Conservative Hybrid Fund - Direct Plan - Growth,24.7093
2014-02-13,119840,SBI Multi Asset Allocation Fund - Direct Plan - Annual Income Distribution cum Capital Withdrawal Option (IDCW),13.7392
2014-02-13,119841,SBI Multi Asset Allocation Fund - Direct Plan - Monthly Income Distribution cum Capital Withdrawal Option (IDCW),10.8346
2014-02-13,119842,SBI Multi Asset Allocation Fund - Direct Plan - Quarterly Income Distribution cum Capital Withdrawal Option (IDCW),11.6895
2014-02-13,119843,SBI MULTI ASSET ALLOCATION FUND - DIRECT PLAN - GROWTH,16.7946
2014-02-13,119844,L&T Triple Ace Bond Fund - Direct Plan -Growth,32.0356
2014-02-13,119846,L&T Triple Ace Bond Fund - Direct Plan -Semi Annual IDCW,13.724
2014-02-13,119847,L&T Triple Ace Bond Fund -Direct Plan- Quarterly IDCW,11.9643
2014-02-13,119848,L&T Ultra Short Term Fund- Direct Plan - Daily IDCW,10.3247
2014-02-13,119849,L&T Ultra Short Term Fund-Direct Plan - Growth,20.551
2014-02-13,119850,L&T Ultra Short Term Fund- Direct Plan- Weekly IDCW,10.4102
2014-02-13,119851,L&T Ultra Short Term Fund-Direct Plan -Monthly IDCW,12.4442
2014-02-13,119852,L&T Conservative Hybrid Fund -Direct Plan- Growth,22.9288
2014-02-13,119853,L&T Conservative Hybrid Fund -Direct Plan-Monthly IDCW,10.9367
2014-02-13,119854,L&T Conservative Hybrid Fund -Direct Plan-Quarterly IDCW,11.2435
2014-02-13,119856,L&T Short Term Bond Fund -Direct Plan- Growth,12.0132
2014-02-13,119857,L&T Short Term Bond Fund -Direct Plan -  Monthly IDCW,10.5344
2014-02-13,119858,L&T Short Term Bond Fund - Direct Plan - Quarterly IDCW,10.7375
2014-02-13,119859,MOSt 10 Year Gilt Fund - Direct Plan - Growth,10.7259
2014-02-13,119860,MOSt 10 Year Gilt Fund - Direct Plan - Dividend,10.0208
2014-02-13,119861,Tata Liquid Fund- Direct Plan-Growth Option,1997.8912
2014-02-13,119862,Tata Liquid Fund- Direct Plan - Daily Reinvestment of IDCW Option,1001.5187
2014-02-13,119863,Tata Treasury Advantage Fund - Direct Plan - Growth Option,1902.3734
2014-02-13,119864,Tata Treasury Advantage Fund Direct Plan - Daily Reinvestment of IDCW Option,1003.5316
2014-02-13,119865,Tata Treasury Advantage Fund Direct Plan - Weekly Payout of IDCW Option,1008.444
2014-02-13,119866,JPMorgan India Equity Fund - Direct Plan - Dividend Option,13.422
2014-02-13,119867,JPMorgan India Equity Fund - Direct Plan - Growth Option,14.457
2014-02-13,119868,JPMorgan India Mid and Small Cap Fund - Direct Plan - Dividend Option,9.396
2014-02-13,119869,JPMorgan India Mid and Small Cap Fund - Direct Plan - Growth Option,9.4
2014-02-13,119870,JPMorgan India Tax Advantage Fund - Direct Plan - Dividend Option,15.105
2014-02-13,119871,JPMorgan India Tax Advantage Fund - Direct Plan - Growth Option,19.643
2014-02-13,119872,JPMorgan Greater China Equity Off-shore Fund - Direct Plan - Growth Option,17.251
2014-02-13,119874,JPMorgan EEMEA Equity Off-shore Fund - Direct Plan - Growth Option,11.757
2014-02-13,119875,TATA Income Fund Direct Plan - Periodic Payout of Income Distribution cum capital withdrawal option,21.7535
2014-02-13,119876,Tata Income Fund - Direct Plan - Growth Option,37.6605
2014-02-13,119877,TATA Income Fund-Direct Plan - Half Yearly Payout of IDCW Option,11.8739
2014-02-13,119878,JPMorgan ASEAN Equity Off-shore Fund - Direct Plan - Growth Option,15.392
2014-02-13,119879,Tata Income Fund - Direct Plan - Bonus,11.6129
2014-02-13,119883,JPMorgan India Active Bond Fund - Direct Plan - Growth Option,13.3519
2014-02-13,119884,Tata Fixed Income Portfolio Fund - Scheme A1 - Direct Plan - Growth,9.998
2014-02-13,119886,ING Core Equity Fund - Direct Plan - Growth Option,41.13
2014-02-13,119887,ING Core Equity Fund - Direct Plan - Dividend Option,16.4
2014-02-13,119888,JPMorgan India Short Term Income Fund - Direct Plan - Dividend Option,11.0914
2014-02-13,119890,JPMorgan India Short Term Income Fund - Direct Plan -  Growth Option,13.7695
2014-02-13,119892,JPMorgan India Short Term Income Fund - Direct Plan - Weekly Dividend Option,10.0279
2014-02-13,119893,BNP Paribas LARGE CAP Fund - Direct Plan - Growth Option,41.26
2014-02-13,119894,BNP Paribas LARGE CAP Fund - Direct Plan - Income Distribution cum Capital Withdrawal Option,11.67
2014-02-13,119897,ING Dividend Yield Fund - Direct Plan - Growth Option,25.01
2014-02-13,119898,ING Dividend Yield Fund - Direct Plan - Dividend Option,15.5
2014-02-13,119899,Tata Fixed Income Portfolio Fund - Scheme A3 - Direct Plan - Growth,13.8079
2014-02-13,119900,Tata Fixed Income Portfolio Fund - Scheme A3 - Direct Plan - Monthly Dividend,10.096
2014-02-13,119902,JPMorgan India Liquid Fund - Direct Plan - Daily Dividend Option,10.0101
2014-02-13,119903,JPMorgan India Liquid Fund - Direct Plan - Bonus Option,16.4286
2014-02-13,119904,JPMorgan India Liquid Fund - Direct Plan - Weekly Dividend Option,10.1374
2014-02-13,119905,JPMorgan India Liquid Fund - Direct Plan - Growth Option,16.4516
2014-02-13,119906,JPMorgan India Liquid Fund - Direct Plan - Monthly Dividend Option,10.0735
2014-02-13,119909,ING Midcap Fund - Direct Plan - Growth Option,23.55
2014-02-13,119910,ING Midcap Fund - Direct Plan - Dividend Option,14.58
2014-02-13,119912,Tata Fixed Income Portfolio Fund - Scheme B2 - Direct Plan - Growth,10.8468
2014-02-13,119914,ING Large Cap Equity Fund - Direct Plan - Growth Option,29.26
2014-02-13,119915,ING Large Cap Equity Fund - Direct Plan - Dividend Option,19.51
2014-02-13,119916,ING Tax Savings Fund - Direct Plan - Growth Option,30.36
2014-02-13,119917,ING Tax Savings Fund - Direct Plan - Dividend Option,14.92
2014-02-13,119918,ING Tax Savings Fund - Direct Plan - Bonus Option,30.31
2014-02-13,119921,Tata Fixed Income Portfolio Fund - Scheme B3 - Direct Plan - Growth,13.381
2014-02-13,119924,JPMorgan India Treasury Fund - Direct Plan - Monthly Dividend Option,10.0671
2014-02-13,119925,JPMorgan India Treasury Fund - Direct Plan - Weekly Dividend Option,10.0655
2014-02-13,119926,JPMorgan India Treasury Fund - Direct Plan - Growth Option,16.6005
2014-02-13,119927,JPMorgan India Treasury Fund - Direct Plan - Bonus Option,11.0676
2014-02-13,119928,JPMorgan India Treasury Fund - Direct Plan - Daily Dividend Option,10.0257
2014-02-13,119930,Tata Fixed Income Portfolio Fund - Scheme C2 - Direct Plan - Growth,10.4769
2014-02-13,119931,Tata Fixed Income Portfolio Fund - Scheme C2 - Direct Plan - Monthly Dividend,10.0953
2014-02-13,119932,Tata Fixed Income Portfolio Fund - Scheme C2 - Direct Plan - Half Yearly Dividend,10.3155
2014-02-13,119933,ING Liquid Fund - Super Institutional Plan - Direct Plan- Daily Dividend Option,10.0048
2014-02-13,119934,ING Liquid Fund - Super Institutional Plan - Direct Plan- Weekly Dividend Option,10.0141
2014-02-13,119935,ING Liquid Fund - Super Institutional Plan - Direct Plan - Growth Option,18.8928
2014-02-13,119939,ING Treasury Advantage Fund - Institutional Plan - Direct Plan - Growth Option,17.0706
2014-02-13,119940,ING Treasury Advantage Fund - Institutional Plan - Direct Plan - Daily Dividend Option,10.0033
2014-02-13,119941,ING Treasury Advantage Fund - Institutional Plan - Direct Plan - Weekly Dividend Option,10.0318
2014-02-13,119942,ING Treasury Advantage Fund - Institutional Plan - Direct Plan - Quarterly Dividend Option,10.5085
2014-02-13,119943,ING Treasury Advantage Fund - Institutional Plan - Direct Plan - Monthly Dividend Option,10.0
2014-02-13,119944,Tata Gilt Mid Term Fund - Direct Plan - Growth,13.0339
2014-02-13,119947,DHFL Pramerica Credit Opportunities Fund - Direct Plan- Growth Option,1226.8529
2014-02-13,119949,Tata Short Term Bond Fund - Direct Plan - Growth Option,23.3881
2014-02-13,119950,Tata Short Term Bond Fund Direct Plan - Monthly Payout of IDCW Option,13.1913
2014-02-13,119952,Tata Floating Rate Fund - Long Term Plan - Direct Plan- Growth,1824.6862
2014-02-13,119953,Tata Gilt Securities Fund- Direct Plan - Growth Option,34.5563
2014-02-13,119954,Tata Gilt Securities Fund - Direct Plan - Payout of IDCW Option,12.2689
2014-02-13,119955,Tata Gilt Short Maturity Fund - Direct Plan - Growth,19.4671
2014-02-13,119956,Tata Gilt Short Maturity Fund - Direct Plan - Dividend,11.5136
2014-02-13,119957,Tata Treasury Advantage Fund Direct Plan - Periodic Payout of IDCW Option,1206.8562
2014-02-13,119959,Tata Equity Savings Fund-Direct Plan - Periodic Payout of IDCWS Option,10.0511
2014-02-13,119960,Tata Equity Savings Fund- Direct Plan- Growth Option,22.9133
2014-02-13,119961,ING Income Fund - Regular Plan - Direct Plan - Quarterly Dividend Option,11.4955
2014-02-13,119962,ING Income Fund - Regular Plan - Direct Plan - Half Yearly Dividend Option,10.7305
2014-02-13,119963,ING Income Fund - Regular Plan - Direct Plan - Annual Dividend Option,10.9755
2014-02-13,119964,ING Income Fund - Regular Plan - Direct Plan - Growth Option,31.062
2014-02-13,119965,Tata MIP Plus Fund - Direct Plan - Monthly Dividend,11.4835
2014-02-13,119966,ING Gilt Fund- Provident Fund -Dynamic Plan - Direct Plan - Growth Option,18.6712
2014-02-13,119967,ING Gilt Fund- Provident Fund -Dynamic Plan - Direct Plan - Half Yearly Dividend Option,10.7747
2014-02-13,119968,ING Gilt Fund- Provident Fund -Dynamic Plan - Direct Plan - Annual Dividend Option,10.9274
2014-02-13,119970,ING Gilt Fund- Provident Fund -Dynamic Plan - Direct Plan - Growth Auto Income Payout Option,18.6703
2014-02-13,119971,Tata MIP Plus Fund - Direct Plan - Quarterly Dividend,11.6633
2014-02-13,119972,ING MIP Fund - Direct Plan - Monthly Dividend Option,10.3179
2014-02-13,119973,ING MIP Fund - Direct Plan - Annual Dividend Option,11.1891
2014-02-13,119974,ING MIP Fund - Direct Plan - Growth Option,16.4555
2014-02-13,119975,ING MIP Fund - Direct Plan - Half Yearly Dividend Option,10.9943
2014-02-13,119976,ING MIP Fund - Direct Plan - Quarterly Dividend Option,11.4906
2014-02-13,119977,Tata MIP Plus Fund - Direct Plan - Growth,19.6162
2014-02-13,119978,Tata MIP Plus Fund - Direct Plan - Half Yearly Dividend,12.2507
2014-02-13,119979,ING Balanced Fund - Direct Plan - Growth Option,27.96
2014-02-13,119980,ING Balanced Fund - Direct Plan - Dividend Option,13.2
2014-02-13,119981,ING Short Term Income Fund - Direct Plan - Growth Option,22.9476
2014-02-13,119982,ING Short Term Income Fund - Direct Plan - Dividend Option,12.8117
2014-02-13,119983,BNP Paribas Corporate Bond Fund - Direct Plan - Annual Income Distribution cum Capital Withdrawal Option,10.6729
2014-02-13,119984,BNP Paribas Corporate Bond Fund - Direct Plan - Growth Option,13.421
2014-02-13,119985,BNP Paribas Corporate Bond Fund - Direct Plan - Monthly Income Distribution cum Capital Withdrawal Option,10.2047
2014-02-13,119986,BNP Paribas Corporate Bond Fund - Direct Plan - Quarterly Income Distribution cum Capital Withdrawal Option,10.1717
2014-02-13,119987,BNP Paribas MULTI CAP Fund - Direct Plan - Income Distribution cum Capital Withdrawal Option,10.719
2014-02-13,119988,BNP Paribas MULTI CAP Fund - Direct Plan - Growth Option,20.91
2014-02-13,119989,ING Asset Allocator Multi-Manager FoF Scheme - Direct Plan - Growth Option,14.3106
2014-02-13,119990,ING Asset Allocator Multi-Manager FoF Scheme - Direct Plan - Dividend Option,13.183
2014-02-13,119991,BNP Paribas Flexi Debt Fund - Direct Plan - Daily Income Distribution cum Capital Withdrawal Option,10.0
2014-02-13,119992,BNP Paribas Flexi Debt Fund - Direct Plan - Growth Option,20.8191
2014-02-13,119993,BNP Paribas Flexi Debt Fund - Direct Plan - Half Yearly Income Distribution cum Capital Withdrawal Option,10.2766
2014-02-13,119994,BNP Paribas Flexi Debt Fund - Direct Plan - Monthly Income Distribution cum Capital Withdrawal Option,10.1753
2014-02-13,119995,BNP Paribas Flexi Debt Fund - Direct Plan - Quarterly Income Distribution cum Capital Withdrawal Option,10.1663
2014-02-13,119996,BNP Paribas Flexi Debt Fund - Direct Plan - Weekly Income Distribution cum Capital Withdrawal Option,10.0
2014-02-13,119997,ING Active Debt Multi-Manager FoF Scheme - Direct Plan - Dividend Option,10.6854
2014-02-13,119998,ING Active Debt Multi-Manager FoF Scheme - Direct Plan - Growth Option,16.5692
2014-02-13,119999,BNP Paribas Income And Gold Fund - Direct Plan - Dividend Option,10.5524
2014-02-13,120000,BNP Paribas Income And Gold Fund - Direct Plan - Growth Option,10.5665
2014-02-13,120001,BNP Paribas Mid Cap Fund - Direct Plan - Income Distribution cum Capital Withdrawal Option,12.946
2014-02-13,120002,BNP Paribas Mid Cap Fund - Direct Plan - Growth Option,12.998
2014-02-13,120003,ING Income Growth Multi Manager FoF Scheme - 15% Equity Plan -  Direct Plan - Option A - Growth Option,13.8916
2014-02-13,120004,ING Income Growth Multi Manager FoF Scheme - 15% Equity Plan - Direct Plan - Option A- Dividend Option,13.4339
2014-02-13,120005,ING 5 Star Multi Manager FoF Scheme - Direct Plan - Growth Option,16.4333
2014-02-13,120006,ING 5 Star Multi Manager FoF Scheme - Direct Plan - Dividend Option,14.1255
2014-02-13,120007,BNP Paribas LOW DURATION Fund - Direct Plan - Daily Income Distribution cum Capital Withdrawal Option,10.0835
2014-02-13,120008,BNP Paribas LOW DURATION Fund - Direct Plan - Growth Option,19.3249
2014-02-13,120009,BNP Paribas LOW DURATION Fund - Direct Plan - Monthly Income Distribution cum Capital Withdrawal Option,10.0313
2014-02-13,120010,BNP Paribas LOW DURATION Fund - Direct Plan - Weekly Income Distribution cum Capital Withdrawal Option,10.0102
2014-02-13,120013,ING Global Commodities Fund - Direct plan - Growth Option,13.7607
2014-02-13,120014,ING Global Commodities Fund - Direct Plan - Dividend Option,13.7513
2014-02-13,120015,ING Multi Manager Equity Fund - Direct Plan - Option A Dividend Option,9.83
2014-02-13,120016,ING Multi Manager Equity Fund - Direct Plan - Option A -  Growth  Option,9.83
2014-02-13,120017,ING Global Real Estate Fund - Retail Plan - Direct Plan - Growth Option,15.74
2014-02-13,120018,ING Global Real Estate Fund - Retail Plan - Direct Plan - Dividend Option,15.75
2014-02-13,120019,ING Latin America Equity Fund - Direct Plan - Growth Option,9.67
2014-02-13,120020,ING Latin America Equity Fund - Direct Plan - Dividend Option,9.66
2014-02-13,120021,ING Financial Planning Fund - Cautious Plan - Direct Plan - Dividend Option,10.9218
2014-02-13,120022,ING Financial Planning Fund - Conservative Plan - Direct Plan - Growth Option,12.1035
2014-02-13,120023,ING Financial Planning Fund - Conservative Plan - Direct Plan - Dividend Option,11.3437
2014-02-13,120024,ING Financial Planning Fund - Prudent Plan - Direct Plan - Growth Option,11.8201
2014-02-13,120025,ING Financial Planning Fund - Aggressive Plan - Direct Plan - Growth Option,11.3246
2014-02-13,120026,ING Financial Planning Fund - Aggressive Plan - Direct Plan - Dividend Option,10.8618
2014-02-13,120027,ING Financial Planning Fund - Cautious Plan - Direct Plan - Growth Option,12.5045
2014-02-13,120028,ING Financial Planning Fund - Prudent Plan - Direct Plan - Dividend Option,11.0209
2014-02-13,120029,HSBC Large Cap Fund - Direct IDCW,24.1266
2014-02-13,120030,HSBC Large Cap Fund - Direct Growth,106.0198
2014-02-13,120031,ING Income Growth Multi Manager FoF Scheme - 30% Equity Plan - Direct Plan - Option A - Dividend Option,14.3155
2014-02-13,120032,ING Income Growth Multi Manager FoF Scheme - 30% Equity Plan -Direct Plan - Option A -  Growth Option,14.8079
2014-02-13,120035,HSBC Brazil Fund - Growth Direct,7.9466
2014-02-13,120036,HSBC Brazil Fund - IDCW Direct Plan,7.9466
2014-02-13,120037,HSBC Liquid Fund - Direct Daily IDCW,1000.56
2014-02-13,120038,HSBC Liquid Fund -  Growth Direct,1265.3434
2014-02-13,120039,HSBC Liquid Fund - Direct Monthly IDCW,1003.0885
2014-02-13,120040,HSBC Liquid Fund - Direct Weekly IDCW,1112.076
2014-02-13,120041,HSBC Dynamic Asset Allocation Fund-Dividend Direct,10.3141
2014-02-13,120042,HSBC Dynamic Asset Allocation Fund-Growth Direct,10.3141
2014-02-13,120043,HSBC Global Emerging Market Fund - Growth Direct,10.8983
2014-02-13,120044,HSBC Global Emerging Markets Fund - IDCW Direct Plan,10.8983
2014-02-13,120045,HSBC Flexi Cap Fund - Direct IDCW,17.2658
2014-02-13,120046,HSBC Flexi Cap Fund - Direct Growth,40.0561
2014-02-13,120048,HSBC Dynamic Bond Fund - Direct Growth,16.8023
2014-02-13,120050,HSBC Dynamic Bond Fund - Direct Monthly IDCW,10.7126
2014-02-13,120054,HSBC Floating Rate Fund - Long Term Plan - Growth Direct,19.8956
2014-02-13,120055,HSBC Floating Rate - Long Term Plan - Weekly Dividend Direct,11.2468
2014-02-13,120057,HSBC Gilt Fund - Growth Direct,15.4235
2014-02-13,120059,HSBC Medium to Long Duration Fund - Direct Growth,20.7241
2014-02-13,120060,HSBC Short Duration Fund - Direct Monthly IDCW (Closed),11.0355
2014-02-13,120061,HSBC Short Duration Fund - Direct Monthly IDCW,10.2171
2014-02-13,120062,HSBC Short Duration Fund - Direct Growth,20.9285
2014-02-13,120065,HSBC Low Duration Fund - Direct Monthly IDCW,10.084
2014-02-13,120066,HSBC Low Duration Fund - Direct Growth,11.2627
2014-02-13,120070,HSBC MIP-Regular Plan-Monthly Dividend Direct,10.9129
2014-02-13,120072,HSBC MIP-Regular Plan-Growth Direct,20.5385
2014-02-13,120073,HSBC Conservative Hybrid Fund - Direct Growth,23.4671
2014-02-13,120074,HSBC Conservative Hybrid Fund - Direct Monthly IDCW,12.1554
2014-02-13,120075,HSBC Conservative Hybrid Fund - Direct Quarterly IDCW,12.3991
2014-02-13,120078,HSBC Tax Saver Equity Fund - IDCW Direct Plan,15.6002
2014-02-13,120079,HSBC Tax Saver Equity Fund - Growth Direct,16.9151
2014-02-13,120080,HSBC Dividend Yield Equity Fund-Dividend Direct,11.2201
2014-02-13,120081,HSBC Dividend Yield Equity Fund-Growth Direct,11.2201
2014-02-13,120082,BNP Paribas Conservative Hybrid Fund - Direct Plan - Growth Option,18.1261
2014-02-13,120083,BNP Paribas Conservative Hybrid Fund - Direct Plan - Monthly Income Distribution cum Capital Withdrawal Option,10.4722
2014-02-13,120084,PGIM India Dynamic Bond Fund - Direct Plan-Growth Option,1141.1317
2014-02-13,120085,PGIM India Dynamic Bond Fund - Direct Plan-Monthly Dividend Option,993.9795
2014-02-13,120087,DHFL Pramerica Dynamic Asset Allocation Fund- Direct Plan-Dividend Option,10.21
2014-02-13,120088,DHFL Pramerica Dynamic Asset Allocation Fund - Direct Plan-Growth Option,10.21
2014-02-13,120089,HDFC FMP 1919D January 2013 (1) Growth Option,10.6554
2014-02-13,120090,HDFC FMP 1919D January 2013 (1) Dividend Option,10.6554
2014-02-13,120091,HDFC FMP 1919D January 2013 (1) Direct Plan Quarterly Dividend Option,10.1208
2014-02-13,120092,HDFC FMP 1919D January 2013 (1) Direct Plan Flexi Option,10.6554
2014-02-13,120093,HDFC FMP 1919D January 2013 (1) Quarterly Dividend Option,10.1208
2014-02-13,120094,HDFC FMP 1919D January 2013 (1) Flexi Option,10.6554
2014-02-13,120095,HDFC FMP 1919D January 2013 (1) Direct Plan Growth Option,10.6554
2014-02-13,120096,HDFC FMP 1919D January 2013 (1) Direct Plan Dividend Option,10.6554
2014-02-13,120098,DHFL Pramerica Dynamic Monthly Income Fund - Direct Plan-Growth Option,11.9696
2014-02-13,120099,DHFL Pramerica Large Cap Equity Fund - Direct Plan-Dividend Option,9.39
2014-02-13,120100,DHFL Pramerica Large Cap Equity Fund - Direct Plan-Growth Option,9.39
2014-02-13,120102,DHFL Pramerica Liquid Fund - Direct Plan-Daily Dividend Option,1000.42
2014-02-13,120104,DHFL Pramerica Liquid Fund - Direct Plan-Growth Option,1353.6039
2014-02-13,120105,DHFL Pramerica Liquid Fund - Direct Plan-Monthly Dividend Option,1004.4728
2014-02-13,120106,DHFL Pramerica Liquid Fund - Direct Plan-Weekly Dividend - Option,1000.9563
2014-02-13,120107,DHFL PRAMERICA SHORT TERM FLOATING RATE FUND - DIRECT PLAN - DAILY DIVIDEND OPTION,1001.795
2014-02-13,120108,DHFL PRAMERICA SHORT TERM FLOATING RATE FUND - DIRECT PLAN - GROWTH OPTION,1197.4803
2014-02-13,120109,DHFL PRAMERICA SHORT TERM FLOATING RATE FUND - DIRECT PLAN - MONTHLY DIVIDEND OPTION,1004.8852
2014-02-13,120111,BNP Paribas Conservative Hybrid Fund - Direct Plan - Quarterly Income Distribution cum Capital Withdrawal Option,10.087
2014-02-13,120112,DHFL Pramerica Short Term Income Fund - Direct Plan-Fortnightly Dividend Option,1003.6242
2014-02-13,120113,DHFL Pramerica Short Term Income Fund - Direct Plan-Growth Option,1311.7391
2014-02-13,120114,DHFL Pramerica Short Term Income Fund - Direct Plan-Monthly Dividend Option,1002.7912
2014-02-13,120116,DHFL Pramerica Short Term Income Fund - Direct Plan-Weekly Dividend Option,1002.4851
2014-02-13,120117,DHFL Pramerica Treasury Advantage Fund - Direct Plan - Daily Dividend Option,1002.0772
2014-02-13,120119,DHFL Pramerica Treasury Advantage Fund - Direct Plan-Growth Option,1256.5646
2014-02-13,120121,DHFL Pramerica Treasury Advantage Fund - Direct Plan-Weekly Dividend Option,1009.5193
2014-02-13,120122,BNP Paribas LIQUID Fund - Direct Plan - Daily Dividend Option,10.0049
2014-02-13,120123,BNP Paribas LIQUID Fund - Direct Plan - Growth Option,19.5248
2014-02-13,120124,BNP Paribas LIQUID Fund - Direct Plan - Monthly Dividend Option,10.031
2014-02-13,120125,BNP Paribas LIQUID Fund - Direct Plan - Weekly Dividend Option,10.0022
2014-02-13,120127,DHFL Pramerica Ultra Short Term Bond Fund - Direct Plan-Weekly Dividend Option,1002.1294
2014-02-13,120128,DHFL Pramerica Ultra Short Term Bond Fund - Direct Plan-Daily Dividend Option,1002.4
2014-02-13,120129,DHFL Pramerica Ultra Short Term Bond Fund - Direct Plan-Growth Option,1348.9355
2014-02-13,120131,BNP Paribas Short Term Fund - Direct Plan - Growth Option,14.3847
2014-02-13,120132,BNP Paribas Short Term Fund - Direct Plan - Monthly Income Distribution cum Capital Withdrawal Option,10.164
2014-02-13,120133,BNP Paribas Short Term Fund - Direct Plan - Quarterly Income Distribution cum Capital Withdrawal Option,10.1596
2014-02-13,120134,BNP Paribas Short Term Fund - Direct Plan - Weekly Income Distribution cum Capital Withdrawal Option,10.045
2014-02-13,120135,BNP Paribas Short Term Fund - Direct Plan - Daily Income Distribution cum Capital Withdrawal Option,10.0
2014-02-13,120136,SBI Constant Maturity 10 Year Gilt Fund - Direct Plan - Income Distribution cum Capital Withdrawal Option (IDCW),11.6591
2014-02-13,120137,SBI CONSTANT MATURITY 10 YEAR GILT FUND - DIRECT PLAN - GROWTH,25.0064
2014-02-13,120138,HDFC FMP 462D January 2013 (1) Direct Plan Flexi Option,10.9556
2014-02-13,120139,HDFC FMP 462D January 2013 (1) Direct Plan Dividend Option,10.9556
2014-02-13,120140,HDFC FMP 462D January 2013 (1) Direct Plan Growth Option,10.9556
2014-02-13,120141,HDFC FMP 462D January 2013 (1) Direct Plan Quarterly Dividend Option,10.117
2014-02-13,120142,HDFC FMP 462D January 2013 (1) Dividend Option,10.9556
2014-02-13,120144,HDFC FMP 462D January 2013 (1) Growth Option,10.9556
2014-02-13,120145,HDFC FMP 462D January 2013 (1) Quarterly Dividend Option,10.117
2014-02-13,120146,BNP Paribas Long Term Equity Fund - Direct Plan - Income Distribution cum Capital Withdrawal Option,11.47
2014-02-13,120147,BNP Paribas Long Term Equity Fund - Direct Plan - Growth Option,17.415
2014-02-13,120148,Reliance Fixed Horizon Fund - XXII - Series 39 - Growth Option,10.9179
2014-02-13,120149,Reliance Fixed Horizon Fund - XXII - Series 39 - Dividend Payout Option,10.9179
2014-02-13,120150,Reliance Fixed Horizon Fund - XXII - Series 39 - Direct Plan - Growth Option,10.9391
2014-02-13,120151,Reliance Fixed Horizon Fund - XXII - Series 39 - Direct Plan - Dividend Payout Option,10.9391
2014-02-13,120152,Kotak Large Cap  Fund - Growth - Direct,110.669
2014-02-13,120153,Kotak Large Cap Fund - Payout of Income Distribution cum capital withdrawal option - Direct,29.562
2014-02-13,120154,Kotak Debt Hybrid - Growth - Direct,19.0526
2014-02-13,120155,Kotak Debt Hybrid - Monthly Payout of Income Distribution cum capital withdrawal option - Direct,11.0309
2014-02-13,120156,Kotak Debt Hybrid - Quarterly Payout of Income Distribution cum capital withdrawal option - Direct,11.7518
2014-02-13,120157,Kotak Large & Midcap Fund - IDCW-Direct,15.666
2014-02-13,120158,Kotak Large & Midcap Fund - Direct- Growth,50.256
2014-02-13,120159,Kotak Multi Asset Allocation Fund-Annual Dividend - Direct,11.4455
2014-02-13,120160,Kotak Multi Asset Allocation Fund-Growth - Direct,12.3826
2014-02-13,120161,Kotak Multi Asset Allocation Fund-Monthly Dividend - Direct,11.2409
2014-02-13,120162,Kotak Multi Asset Allocation Fund-Quarterly Dividend - Direct,11.2614
2014-02-13,120163,Kotak-Small Cap Fund - Payout of Income Distribution cum capital withdrawal option - Direct,17.224
2014-02-13,120164,Kotak-Small Cap Fund - Growth - Direct,27.29
2014-02-13,120165,Kotak Flexicap Fund - Payout of Income Distribution cum capital withdrawal option- Direct,12.245
2014-02-13,120166,Kotak Flexicap Fund - Growth - Direct,13.567
2014-02-13,120168,Kotak Quarterly Interval Plan Series 1 - Growth - Direct,16.6001
2014-02-13,120169,Kotak Quarterly Interval Plan Series 2 - Dividend - Direct,10.1348
2014-02-13,120170,Kotak Quarterly Interval Plan Series 2 - Growth - Direct,16.5198
2014-02-13,120171,Kotak Quarterly Interval Plan Series 3 - Dividend - Direct,10.2133
2014-02-13,120172,Kotak Quarterly Interval Plan Series 3 - Growth - Direct,16.2756
2014-02-13,120173,Kotak Quarterly Interval Plan Series 4 - Dividend - Direct,10.1513
2014-02-13,120174,Kotak Quarterly Interval Plan Series 4 - Growth - Direct,16.3037
2014-02-13,120185,ICICI Prudential US Bluechip Equity Fund - Direct Plan -  IDCW,15.83
2014-02-13,120186,ICICI Prudential US Bluechip Equity Fund - Direct Plan -  Growth,15.83
2014-02-13,120187,ICICI Prudential Liquid Fund - Direct Plan -  Half Yearly IDCW,108.1266
2014-02-13,120188,ICICI Prudential Liquid Fund - Direct Plan - Daily IDCW,100.0542
2014-02-13,120189,ICICI Prudential Liquid Fund - Direct Plan - Monthly IDCW,100.5214
2014-02-13,120190,ICICI Prudential Liquid Fund - Direct Plan - Weekly IDCW,100.2544
2014-02-13,120191,ICICI Prudential Liquid Fund - Direct Plan -  IDCW Others,103.0312
2014-02-13,120196,ICICI Prudential Liquid Fund - Direct Plan - Quarterly IDCW,102.2101
2014-02-13,120197,ICICI Prudential Liquid Fund - Direct Plan - Growth,187.695
2014-02-13,120198,ICICI Prudential Liquid Fund - Direct Plan -  Annual IDCW,106.3885
2014-02-13,120199,UTI FTIF Series XIII -IV (546 DAYS) - Quarterly Dividend Option,10.1127
2014-02-13,120200,UTI FTIF Series XIII -IV (546 DAYS) - Growth Option,10.9533
2014-02-13,120201,UTI FTIF Series XIII -IV (546 DAYS) - Maturity Dividend Option,10.9534
2014-02-13,120202,UTI FTIF Series XIII -IV (546 DAYS) - Annual Dividend Option,10.7483
2014-02-13,120203,Birla Sun Life Fixed Term Plan-Series GF (539 days)-Regular Plan-Quarterly Dividend,10.4814
2014-02-13,120204,Birla Sun Life Fixed Term Plan-Series GF (539 days)-Regular Plan-Normal Dividend,10.9263
2014-02-13,120205,Birla Sun Life Fixed Term Plan-Series GF (539 days)-Regular Plan-Growth,10.9263
2014-02-13,120206,Birla Sun Life Fixed Term Plan-Series GF (539 days)-Direct Plan-Normal Dividend,10.9321
2014-02-13,120207,Birla Sun Life Fixed Term Plan-Series GF (539 days)-Direct Plan-Quarterly Dividend,10.4862
2014-02-13,120208,Birla Sun Life Fixed Term Plan-Series GF (539 days)-Direct Plan-Growth,10.9322
2014-02-13,120209,ICICI Prudential Money Market Fund Option - Direct Plan -  Daily IDCW,100.1435
2014-02-13,120210,ICICI Prudential Money Market Fund Option - Direct Plan -  Fortnightly IDCW,100.925
2014-02-13,120211,ICICI Prudential Money Market Fund Option - Direct Plan -  Growth,175.3697
2014-02-13,120212,ICICI Prudential Money Market Fund Option - Direct Plan -  Weekly IDCW,100.4382
2014-02-13,120213,ICICI Prudential Money Market Fund Option - Direct Plan -  Monthly IDCW,100.7076
2014-02-13,120216,ICICI Prudential Money Market Fund Option - Direct Plan -  IDCW Others,100.5716
2014-02-13,120218,Aditya Birla Sun Life Interval Income Fund - Annual Plan I-Regular Plan-Quarterly Dividend,10.4703
2014-02-13,120219,Aditya Birla Sun Life Interval Income Fund - Annual Plan I-Regular Plan-Growth,10.9158
2014-02-13,120221,Aditya Birla Sun Life Interval Income Fund - Annual Plan I-Direct Plan-Growth,10.907
2014-02-13,120222,Aditya Birla Sun Life Interval Income Fund - Annual Plan I-Regular Plan-Normal Dividend,10.0325
2014-02-13,120224,Kotak Quarterly Interval Plan Series 6 - Dividend - Direct,10.0181
2014-02-13,120225,Kotak Quarterly Interval Plan Series 6 - Growth - Direct,16.1252
2014-02-13,120228,Kotak Quarterly Interval Plan Series 7 - Growth - Direct,15.2651
2014-02-13,120229,Kotak Quarterly Interval Plan Series 7 - Dividend - Direct,10.1994
2014-02-13,120233,Kotak Quarterly Interval Plan Series 9 - Growth - Direct,14.8478
2014-02-13,120241,Sahara Income Fund-Dividend- Direct,19.8486
2014-02-13,120242,ICICI Prudential Multi Sector Passive FOF - Direct Plan - Growth,34.7954
2014-02-13,120243,ICICI Prudential Multi Sector Passive FOF - Direct Plan -  IDCW,34.7945
2014-02-13,120244,ICICI Prudential Banking and Financial Services Fund - Direct Plan -  Growth,19.9
2014-02-13,120245,ICICI Prudential Banking and Financial Services Fund - Direct Plan -  IDCW,19.51
2014-02-13,120246,Sahara Income Fund-Growth-Direct,24.1147
2014-02-13,120248,LIC MF Liquid Fund-Direct Plan-Daily IDCW,1098.0
2014-02-13,120249,LIC MF Liquid Fund-Direct Plan-Growth,2300.2609
2014-02-13,120251,ICICI Prudential Equity & Debt Fund - Direct Plan - Growth,61.43
2014-02-13,120252,ICICI Prudential Equity & Debt Fund - Direct Plan - Monthly IDCW,18.63
2014-02-13,120253,Sahara Liquid Fund-Fixed Pricing -Direct - Daily Dividend Option- Direct,1037.0678
2014-02-13,120255,ICICI Prudential Banking and PSU Debt Fund - Direct Plan -  Weekly IDCW,10.3805
2014-02-13,120256,ICICI Prudential Banking and PSU Debt Fund - Direct Plan -  Growth,13.8562
2014-02-13,120257,ICICI Prudential Banking and PSU Debt Fund - Direct Plan -  Daily IDCW,10.2661
2014-02-13,120258,ICICI Prudential Banking and PSU Debt Fund - Direct Plan -  Quarterly IDCW,10.1729
2014-02-13,120259,LIC MF ULIS (5 Yrs. Single Premium)-Direct Plan-IDCW Reinvestment,10.6773
2014-02-13,120260,LIC MF Aggressive Hybrid Fund-Direct Plan-IDCW,11.9114
2014-02-13,120261,LIC MF Aggressive Hybrid Fund-Direct Plan-Growth,62.8867
2014-02-13,120262,Sahara Liquid Fund-Fixed Pricing - Direct -Growth option,2276.4181
2014-02-13,120263,LIC MF Flexi Cap Fund-Direct Plan-IDCW,10.6992
2014-02-13,120264,LIC MF Flexi Cap Fund-Direct Plan-Growth,27.1314
2014-02-13,120265,Sahara Liquid Fund-Fixed Pricing - Direct - Weekly Dividend Option,1027.4373
2014-02-13,120266,Sahara Liquid Fund-Fixed Pricing -Direct - Monthly Dividend Option,1041.9948
2014-02-13,120267,LIC MF Large Cap Fund-Direct Plan-Growth,13.9906
2014-02-13,120268,LIC MF Large Cap Fund-Direct Plan-IDCW,12.3719
2014-02-13,120269,LIC MF ELSS Tax Saver-Direct Plan-IDCW,11.2029
2014-02-13,120270,LIC MF ELSS Tax Saver-Direct Plan-Growth,31.2792
2014-02-13,120271,Sahara Liquid Fund-Variable Pricing -Direct - Daily Dividend option,1037.1129
2014-02-13,120272,Sahara Liquid Fund-Variable Pricing -Direct - Weekly Dividend Option,1043.6447
2014-02-13,120273,Sahara Liquid Fund-Variable Pricing- Direct - Monthly Dividend Option,1048.4201
2014-02-13,120274,LIC MF Conservative Hybrid Fund-Direct Plan-Quarterly IDCW,10.8718
2014-02-13,120275,LIC MF Conservative Hybrid Fund-Direct Plan-Yearly IDCW,11.4654
2014-02-13,120276,LIC MF Conservative Hybrid Fund-Direct Plan-Growth,38.4529
2014-02-13,120277,LIC MF Conservative Hybrid Fund-Direct Plan-Monthly IDCW,10.4099
2014-02-13,120278,LIC MF Medium to Long Duration Fund-Direct Plan-IDCW,10.2546
2014-02-13,120279,LIC MF Medium to Long Duration Fund-Direct Plan-Growth,33.896
2014-02-13,120280,Sahara Liquid Fund-Variable Pricing -Direct - Growth option,2300.1967
2014-02-13,120281,Sahara Gilt Fund-Dividend- Direct,17.8456
2014-02-13,120282,LIC MF Gilt Fund-Direct Plan-Growth,26.261
2014-02-13,120283,LIC MF Gilt Fund-Direct Plan-IDCW,9.8679
2014-02-13,120284,Sahara Gilt Fund-Growth - Direct,21.3931
2014-02-13,120285,LIC MF Children's Fund-Direct Plan-Growth,10.8266
2014-02-13,120288,Sahara Growth Fund-Dividend- Direct,24.5733
2014-02-13,120289,Sahara Growth Fund-Growth- Direct,84.7263
2014-02-13,120290,SaharaTax Gain-Dividend- Direct,13.4729
2014-02-13,120291,SaharaTax Gain-Growth- direct,41.8417
2014-02-13,120293,Religare Invesco AGILE Fund - Direct Plan - Dividend Option,8.08
2014-02-13,120294,Religare Invesco AGILE Fund - Direct Plan - Growth Option,8.06
2014-02-13,120295,Sahara Midcap Fund-Auto Payout- Direct,32.7607
2014-02-13,120296,Sahara Midcap Fund-Bonus- Direct,32.7607
2014-02-13,120297,Sahara Midcap Fund-Growth Option - Direct,32.7607
2014-02-13,120298,Sahara Midcap Fund-Dividend -Direct,14.4914
2014-02-13,120299,UTI MMF - Direct Plan - Growth Option,1420.8062
2014-02-13,120300,ICICI Prudential Blended Plan B - Direct Plan -  Growth Option - I,18.4571
2014-02-13,120301,ICICI Prudential Blended Plan B - Direct Plan -  Monthly Dividend Option - I,10.1766
2014-02-13,120302,ICICI Prudential Blended Plan B - Direct Plan -  Dividend Option - I,14.7036
2014-02-13,120303,ICICI Prudential Blended Plan B-Direct Plan -  Daily Dividend Option - I,10.1446
2014-02-13,120304,UTI-  Liquid Cash Plan - Direct Plan - Growth Option,2079.2585
2014-02-13,120305,LIC MF Index Fund-Sensex Advantage-Direct Plan Dividend Option,12.7835
2014-02-13,120306,LIC  MF Index Fund-Sensex Advantage-Direct Plan Growth Option,36.0869
2014-02-13,120307,LIC MF Nifty 50 Index Fund-Direct Plan-Growth,33.5476
2014-02-13,120308,LIC MF BSE Sensex Index Fund-Direct Plan-Growth,38.2795
2014-02-13,120309,LIC MF Nifty 50 Index Fund-Direct Plan-IDCW,12.37
2014-02-13,120310,ICICI Prudential Blended Plan A-Direct Plan -  Growth,19.5433
2014-02-13,120311,ICICI Prudential Blended Plan A-Direct Plan -  Dividend,13.5648
2014-02-13,120312,LIC MF BSE Sensex Index Fund-Direct Plan-IDCW,12.8677
2014-02-13,120313,ICICI Prudential Income plus Arbitrage Omni FOF - Direct Plan - Growth,21.5007
2014-02-13,120315,LIC MF Low Duration Fund-Direct Plan-Growth,19.67
2014-02-13,120316,LIC MF Low Duration Fund-Direct Plan-Daily IDCW,10.05
2014-02-13,120317,LIC MF Low Duration Fund-Direct Plan-Monthly IDCW,10.4173
2014-02-13,120318,LIC MF Low Duration Fund-Direct Plan-Weekly IDCW,10.4229
2014-02-13,120319,LIC NOMURA MF Floating Rate Fund - Short Term Plan - Direct Plan Daily Dividend Option,10.3603
2014-02-13,120320,LIC NOMURA MF Floating Rate Fund - Short Term Plan - Direct Plan Growth option,20.0401
2014-02-13,120321,LIC NOMURA MF Floating Rate Fund - Short Term Plan - Direct Plan Daily Weekly Option,10.1447
2014-02-13,120322,ICICI Prudential Value Fund (erstwhile Value Discovery Fund) - Direct Plan - IDCW,22.94
2014-02-13,120323,ICICI Prudential Value Fund (erstwhile Value Discovery Fund) - Direct Plan - Growth,60.16
2014-02-13,120332,Invesco India Balanced Advantage Fund - Direct Plan - IDCW (Payout / Reinvestment),15.51
2014-02-13,120333,Invesco India Balanced Advantage Fund - Direct Plan - Growth,15.52
2014-02-13,120334,ICICI Prudential Multi-Asset Fund - Direct Plan - Growth,131.4552
2014-02-13,120335,ICICI Prudential Multi-Asset Fund - Direct Plan - IDCW,17.6044
2014-02-13,120336,LIC MF Banking & PSU Fund-Direct Plan-Weekly IDCW,10.0528
2014-02-13,120337,LIC MF Banking & PSU Fund-Direct Plan-Daily IDCW,10.05
2014-02-13,120338,LIC MF Banking & PSU Fund-Direct Plan-Growth,16.6214
2014-02-13,120339,LIC MF Banking & PSU Fund-Direct Plan-Monthly IDCW,10.0841
2014-02-13,120340,Sahara Wealth Plus Fund-Fixed Pricing Option-Direct-Growth,24.6927
2014-02-13,120341,Sahara Wealth Plus Fund-Fixed Pricing Option-Direct-Dividend Option,17.562
2014-02-13,120344,Sahara Wealth Plus Fund-Variable Pricing Option-Direct -Dividend,19.1004
2014-02-13,120345,Sahara Wealth Plus Fund-Variable Pricing Option-Direct-Growth,26.3407
2014-02-13,120348,Invesco India Contra Fund - Direct Plan - Growth,17.61
2014-02-13,120349,Invesco India Contra Fund - Direct Plan - IDCW (Payout / Reinvestment),13.62
2014-02-13,120350,LIC MF Infrastructure Fund-Direct Plan-IDCW,7.4566
2014-02-13,120351,LIC MF Infrastructure Fund-Direct Plan-Growth,7.457
2014-02-13,120352,Sahara Infrastructure Fund ---FIXED PRICING -Direct-Dividend,8.4326
2014-02-13,120353,Sahara Infrastructure Fund ---FIXED PRICING OPTION-Direct-Growth,11.5404
2014-02-13,120354,Sahara Infrastructure Fund ---VARIABLE PRICING OPTION-Direct-Dividend,9.0282
2014-02-13,120355,Sahara Infrastructure Fund ---VARIABLE PRICING OPTION-Direct-Growth,12.2861
2014-02-13,120356,Invesco India Large & Mid Cap Fund - Direct Plan - IDCW (Payout / Reinvestment),13.48
2014-02-13,120357,Invesco India Large & Mid Cap Fund - Direct Plan - Growth,14.86
2014-02-13,120358,LIC MF Interval Fund Monthly Plan-Series 1-Direct Plan-Dividend,10.0649
2014-02-13,120359,LIC MF Interval Fund Monthly Plan-Series 1-Direct Plan-Growth,15.8886
2014-02-13,120360,Sahara R.E.A.L Fund - Dividend Option- Direct,8.2251
2014-02-13,120361,Sahara R.E.A.L Fund - Growth  Fund- Direct,8.2257
2014-02-13,120362,LIC MF Interval Fund Quarterly Plan-Series 1-Direct Plan-Dividend,10.0197
2014-02-13,120363,LIC MF Interval Fund Quarterly Plan-Series 1-Direct Plan-Growth,15.9773
2014-02-13,120364,ICICI Prudential Arbitrage Fund - Direct Plan - Growth,17.5542
2014-02-13,120365,ICICI Prudential Arbitrage Fund - Direct Plan - IDCW,13.8253
2014-02-13,120366,LIC MF Interval Fund Annual Plan-Series 1-Direct Plan-Growth,15.5207
2014-02-13,120367,LIC MF Interval Fund Annual Plan-Series 1-Direct Plan-Dividend,10.7337
2014-02-13,120368,Sahara Classic Fund- Growth Option- Direct,17.3022
2014-02-13,120369,Sahara Classic Fund- Dividend Option- Direct,17.3
2014-02-13,120370,Sahara Power & Natural Resources Fund-Dividend - Direct,8.9109
2014-02-13,120371,Sahara Power & Natural resources Fund- Growth - Direct,10.4301
2014-02-13,120372,LIC MF Interval Fund Quarterly Plan-Series 2-Direct Plan-Growth,15.7615
2014-02-13,120373,SAHARA BANKING & FINANCIAL SERVICES FUND- GROWTH - Direct,26.6686
2014-02-13,120374,SAHARA BANKING & FINANCIAL SERVICES FUND-DIVIDEND - Direct,9.4502
2014-02-13,120375,LIC MF Interval Fund Quarterly Plan-Series 2-Direct Plan-Dividend,10.2152
2014-02-13,120376,ICICI Prudential Balanced Advantage Fund - Direct Plan -  IDCW,14.8
2014-02-13,120377,ICICI Prudential Balanced Advantage Fund - Direct Plan -  Growth,18.76
2014-02-13,120378,SAHARA SHORT TERM BOND FUND- DIVIDEND REINVESTMENT- Direct,10.4518
2014-02-13,120379,SAHARA SHORT TERM BOND FUND-GROWTH- Direct,15.154
2014-02-13,120380,ICICI Prudential MidCap Fund - Direct Plan -  IDCW,14.66
2014-02-13,120381,ICICI Prudential MidCap Fund - Direct Plan -  Growth,36.29
2014-02-13,120382,Sahara Super 20 Fund - Growth - Direct,12.2552
2014-02-13,120383,Sahara Super 20 Fund - Dividend - Direct,12.2593
2014-02-13,120384,Invesco India Financial Services Fund - Direct Plan - IDCW (Payout / Reinvestment),13.15
2014-02-13,120385,Invesco India Financial Services Fund - Direct Plan - Growth,19.73
2014-02-13,120386,Sahara Star Value Fund-Growth - Direct,10.8676
2014-02-13,120387,Sahara Star Value Fund-Dividend - Direct,9.989
2014-02-13,120388,Axis Liquid Fund - Direct Plan - Daily IDCW,1000.1178
2014-02-13,120389,Axis Liquid Fund - Direct Plan - Growth Option,1405.7483
2014-02-13,120390,Axis Liquid Fund - Direct Plan - Weekly IDCW,1002.8023
2014-02-13,120391,Axis Liquid Fund - Direct Plan - Monthly IDCW,1004.0928
2014-02-13,120392,Invesco India Largecap Fund - Direct Plan - Growth,13.53
2014-02-13,120393,Invesco India Largecap Fund - Direct Plan - IDCW (Payout / Reinvestment),12.31
2014-02-13,120394,Invesco India PSU Equity Fund - Direct Plan - IDCW (Payout / Reinvestment),7.5
2014-02-13,120395,Invesco India PSU Equity Fund - Direct Plan - Growth,8.31
2014-02-13,120396,ICICI Prudential Savings Fund - Direct Plan - Weekly IDCW,105.5258
2014-02-13,120397,ICICI Prudential Savings Fund - Direct Plan - Daily IDCW,105.7358
2014-02-13,120398,ICICI Prudential Savings Fund - Direct Plan - Growth,237.5145
2014-02-13,120399,ICICI Prudential Savings Fund - Direct Plan - IDCW Others,101.5801
2014-02-13,120400,Invesco India Arbitrage Fund - Direct Plan - IDCW (Payout / Reinvestment),12.7235
2014-02-13,120401,Invesco India Arbitrage Fund - Direct Plan - Growth Option,16.3597
2014-02-13,120402,Invesco India Midcap Fund - Direct Plan - IDCW (Payout / Reinvestment),14.85
2014-02-13,120403,Invesco India Midcap Fund - Direct Plan - Growth Option,17.9
2014-02-13,120404,Invesco India Infrastructure Fund - Direct Plan - IDCW (Payout / Reinvestment),7.05
2014-02-13,120405,Invesco India Infrastructure Fund - Direct Plan - Growth Option,7.05
2014-02-13,120406,JM Liquid Fund (Direct) - Growth Option,34.6241
2014-02-13,120407,JM Liquid Fund (Direct) - Weekly IDCW,11.0114
2014-02-13,120408,JM Liquid Fund (Direct) - Quarterly IDCW,19.6107
2014-02-13,120410,JM Liquid Fund (Direct) - Bonus Option - Bonus Option - Principal units,11.0936
2014-02-13,120411,JM Liquid Fund (Direct) - Daily IDCW,10.4302
2014-02-13,120412,Invesco India Multicap Fund - Direct Plan - IDCW (Payout / Reinvestment),18.89
2014-02-13,120413,Invesco India Multicap Fund - Direct Plan - Growth Option,18.9
2014-02-13,120414,JM Floater Short Term Fund (Direct) - Daily Dividend Option,10.0884
2014-02-13,120415,JM Floater Short Term Fund (Direct) - Growth Option,19.7325
2014-02-13,120416,Invesco India ELSS Tax Saver Fund - Direct Plan - Growth,20.87
2014-02-13,120417,Invesco India ELSS Tax Saver Fund - Direct Plan - IDCW Payout,13.0
2014-02-13,120419,JM G-Sec Fund - (Direct) Bonus Option - Principal Units,18.9438
2014-02-13,120420,JM G-Sec Fund - (Direct) - Quarterly Dividend Option,17.5929
2014-02-13,120421,JM G-Sec Fund - (Direct) - Growth Option,38.2976
2014-02-13,120423,ICICI Prudential Floating Interest Fund - Direct Plan - Daily IDCW,100.1703
2014-02-13,120424,ICICI Prudential Floating Interest Fund - Direct Plan - Weekly IDCW,100.2356
2014-02-13,120425,ICICI Prudential Floating Interest Fund - Direct Plan - Growth,188.5841
2014-02-13,120427,ICICI Prudential Floating Interest Fund - Direct Plan - Fortnightly IDCW,100.5883
2014-02-13,120428,JM Medium to Long Duration Fund (Direct) - Bonus Option - Principal Units,15.0971
2014-02-13,120430,JM Medium to Long Duration Fund (Direct) - Growth Option,36.3687
2014-02-13,120431,JM Medium to Long Duration Fund (Direct) - Quarterly IDCW,12.4992
2014-02-13,120432,JM Dynamic Bond Fund (Direct) - Daily IDCW,10.0041
2014-02-13,120433,JM Dynamic Bond Fund (Direct) - Weekly IDCW,10.5606
2014-02-13,120434,JM Dynamic Bond Fund (Direct) - IDCW,19.464
2014-02-13,120435,JM Dynamic Bond Fund - (Direct) - Growth Option,19.3699
2014-02-13,120437,Axis Banking & PSU Debt Fund - Direct Plan - Daily IDCW,1005.2036
2014-02-13,120438,Axis Banking & PSU Debt Fund - Direct Plan - Growth Option,1156.8529
2014-02-13,120439,Axis Banking & PSU Debt Fund - Direct Plan - Monthly IDCW,1007.8639
2014-02-13,120440,JM MIP Fund (Direct)- Dividend Option - Monthly Dividend,10.6589
2014-02-13,120441,JM MIP Fund (Direct) - Dividend Option - Quarterly Dividend,13.8324
2014-02-13,120442,JM MIP Fund (Direct) - Dividend Option - Annual Dividend,14.8089
2014-02-13,120443,Invesco India Banking and PSU Fund - Direct Plan - Daily IDCW (Reinvestment),1003.1842
2014-02-13,120444,Invesco India Banking and PSU Fund - Direct Plan -  Growth Option,1093.7952
2014-02-13,120445,Invesco India Banking and PSU Fund - Direct Plan - Monthly IDCW (Payout / Reinvestment),1012.4957
2014-02-13,120446,JM MIP Fund (Direct) - Growth Option,18.434
2014-02-13,120447,Axis Gilt Fund - Direct Plan - Growth Option,10.7051
2014-02-13,120448,Axis Gilt Fund - Direct Plan - Half Yearly IDCW,9.9575
2014-02-13,120449,Axis Gilt Fund - Direct Plan - Regular IDCW,9.9676
2014-02-13,120450,Axis Dynamic Bond Fund - Direct Plan - Half Yearly IDCW,10.4217
2014-02-13,120451,Axis Dynamic Bond Fund - Direct Plan - Growth Option,12.4673
2014-02-13,120452,Axis Dynamic Bond Fund - Direct Plan - Quarterly IDCW,10.4262
2014-02-13,120453,JM Money Manager Fund - Super Plus Plan (Direct) - Weekly Dividend Option,10.6595
2014-02-13,120454,JM Ultra Short Duration Fund - (Direct) -Daily Dividend Option,10.035
2014-02-13,120455,JM Ultra Short Duration Fund - (Direct) -Weekly Dividend Option,10.6301
2014-02-13,120456,JM Money Manager Fund - Super Plus Plan (Direct) - Fortnightly Dividend Option,10.354
2014-02-13,120457,JM Ultra Short Duration Fund (Direct) - Fortnightly Dividend Option,10.264
2014-02-13,120458,JM Ultra Short Duration Fund - (Direct) - Growth Option,17.6591
2014-02-13,120459,JM Money Manager Fund - Super Plan (Direct) - Daily Dividend Option,10.0231
2014-02-13,120460,JM Money Manager Fund - Super Plan (Direct) - Weekly Dividend Option,10.6616
2014-02-13,120461,JM Money Manager Fund - Super Plus Plan (Direct) - Growth Option,17.9664
2014-02-13,120462,JM Money Manager Fund - Super Plan (Direct) - Fortnightly Dividend Option,10.3195
2014-02-13,120463,JM Money Manager Fund - Super Plan (Direct) - Growth Option,18.1119
2014-02-13,120464,JM Money Manager Fund - Super Plus Plan (Direct) - Daily Dividend Option,10.006
2014-02-13,120465,Axis Large Cap Fund - Direct Plan - Growth,13.1
2014-02-13,120466,Axis Large Cap Fund - Direct Plan - IDCW,11.79
2014-02-13,120467,Axis Focused Fund - Direct Plan - IDCW,11.6
2014-02-13,120468,Axis Focused Fund - Direct Plan - Growth Option,11.64
2014-02-13,120469,JM Short Term Fund (Direct) - Daily Dividend Option,10.24
2014-02-13,120470,JM Short Term Fund (Direct) - Dividend Option,10.5628
2014-02-13,120471,JM Short Term Fund (Direct) - Growth Option,17.8064
2014-02-13,120472,Axis Gold Fund - Direct Plan - IDCW,10.9096
2014-02-13,120473,Axis Gold Fund - Direct Plan - Growth option,10.9123
2014-02-13,120475,Axis Strategic Bond Fund - Direct Plan - Growth Option,11.5014
2014-02-13,120476,Axis Strategic Bond Fund - Direct Plan - Quarterly IDCW,10.441
2014-02-13,120478,Axis Conservative Hybrid Fund - Direct Plan - Half Yearly,10.5433
2014-02-13,120479,Axis Conservative Hybrid Fund - Direct Plan - Quarterly,10.6163
2014-02-13,120480,Axis Conservative Hybrid Fund - Direct Plan - Growth Option,12.4102
2014-02-13,120481,JM Arbitrage Fund (Direct)- IDCW,10.7435
2014-02-13,120482,JM Arbitrage Fund (Direct) - Growth Option,17.7636
2014-02-13,120483,JM Aggressive Hybrid Fund (Direct) - IDCW,18.7594
2014-02-13,120484,JM Aggressive Hybrid Fund (Direct) - Growth Option,26.637
2014-02-13,120485,JM Value Fund (Direct) - IDCW,8.3929
2014-02-13,120486,JM Value Fund (Direct) - Growth Option,12.0093
2014-02-13,120487,JM Focused Fund (Direct) -  IDCW,3.5371
2014-02-13,120488,JM Focused Fund (Direct)  - Growth Option,3.5538
2014-02-13,120489,JM Large Cap Fund (Direct) - IDCW,14.1206
2014-02-13,120490,JM Large Cap Fund (Direct) - Growth Option,34.5433
2014-02-13,120491,JM Flexicap Fund (Direct) - IDCW,11.8625
2014-02-13,120492,JM Flexicap Fund (Direct) - Growth Option,12.7478
2014-02-13,120493,JM ELSS Tax Saver Fund (Direct) - IDCW,6.8923
2014-02-13,120494,JM ELSS Tax Saver Fund (Direct) - Growth Option,6.8804
2014-02-13,120496,Invesco India Corporate Bond Fund - Direct Plan - Monthly IDCW (Payout / Reinvestment),1079.5059
2014-02-13,120497,Invesco India Corporate Bond Fund - Direct Plan - Growth,1460.0745
2014-02-13,120498,Religare Invesco Active Income Fund - Direct Plan - Bonus,1085.3818
2014-02-13,120499,Invesco India Corporate Bond Fund - Direct Plan - Discretionary IDCW (Payout / Reinvestment),1082.1434
2014-02-13,120500,Invesco India Corporate Bond Fund - Direct Plan - Annual IDCW (Payout / Reinvestment),1267.2924
2014-02-13,120501,Invesco India Corporate Bond Fund - Direct Plan - Quarterly IDCW (Payout / Reinvestment),1014.9806
2014-02-13,120502,Axis ELSS Tax Saver Fund - Direct Plan - IDCW,14.4605
2014-02-13,120503,Axis ELSS Tax Saver Fund - Direct Plan - Growth Option,16.9622
2014-02-13,120504,Axis Midcap Fund - Direct Plan - IDCW,13.27
2014-02-13,120505,Axis Midcap Fund - Direct Plan - Growth,13.28
2014-02-13,120506,Invesco India Money Market Fund - Direct Plan - Daily IDCW (Reinvestment),1000.29
2014-02-13,120507,Invesco India Money Market Fund - Direct Plan - Growth,1443.6069
2014-02-13,120508,Invesco India Money Market Fund - Direct Plan - Discretionary IDCW (Payout / Reinvestment),1114.4658
2014-02-13,120509,Invesco India Money Market Fund - Direct Plan - Monthly IDCW (Payout / Reinvestment),1021.3392
2014-02-13,120510,Axis Short Duration Fund - Direct Plan - Growth Option,13.6664
2014-02-13,120511,Axis Short Duration Fund - Direct Plan - Monthly IDCW,10.1369
2014-02-13,120512,Axis Short Duration Fund - Direct Plan - Weekly IDCW,10.2391
2014-02-13,120513,Axis Treasury Advantage Fund - Direct Plan - Growth Option,1416.0939
2014-02-13,120514,Axis Treasury Advantage Fund - Direct Plan - Weekly IDCW,1004.5605
2014-02-13,120515,Axis Treasury Advantage Fund - Direct Plan - Daily IDCW,1004.6832
2014-02-13,120516,Axis Treasury Advantage Fund - Direct Plan - Monthly IDCW,1005.8837
2014-02-13,120517,Aditya Birla Sun Life Equity Hybrid'95 Fund - Direct Plan-Growth,359.25
2014-02-13,120518,Aditya Birla Sun Life Equity Hybrid'95 Fund -DIRECT - IDCW,117.01
2014-02-13,120519,Invesco India Gilt Fund - Direct Plan - Annual IDCW (Payout / Reinvestment),1139.2466
2014-02-13,120520,Invesco India Gilt Fund - Direct  Plan - Growth,1287.7546
2014-02-13,120521,Invesco India Gilt Fund - Direct Plan - Monthly IDCW (Reinvestment),1008.5584
2014-02-13,120522,Invesco India Gilt Fund - Direct Plan - Quarterly IDCW (Payout / Reinvestment),991.631
2014-02-13,120523,Axis Multi Asset Allocation Fund - Direct Plan - Monthly IDCW,10.934
2014-02-13,120524,Axis Multi Asset Allocation Fund - Direct Plan - Growth Option,12.6968
2014-02-13,120525,Religare Invesco GILT Fund - Short Duration Plan - Direct Plan - Growth,1414.9676
2014-02-13,120526,Religare Invesco GILT Fund - Short Duration Plan - Direct Plan - Monthly Dividend,1124.5253
2014-02-13,120527,Religare Invesco GILT Fund - Short Duration Plan - Direct Plan - Weekly Dividend,1054.211
2014-02-13,120528,Aditya Birla Sun Life Buy India Fund - Dividend - Direct Plan,23.6
2014-02-13,120529,Aditya Birla Sun Life Buy India Fund - Growth - Direct Plan,49.41
2014-02-13,120530,Invesco India Gold ETF Fund of Fund - Direct Plan - IDCW (Payout / Reinvestment),10.0055
2014-02-13,120531,Invesco India Gold ETF Fund of Fund - Direct Plan - Growth,10.0061
2014-02-13,120532,Aditya Birla Sun Life Banking & PSU Debt Fund - Weekly Dividend - Direct Plan,11.146
2014-02-13,120533,Aditya Birla Sun Life Banking & PSU Debt Fund - Growth - Direct Plan,34.6695
2014-02-13,120534,Invesco India Liquid Fund - Direct Plan- Daily IDCW (Reinvestment),1000.79
2014-02-13,120535,Invesco India Liquid Fund - Direct Plan - Weekly IDCW (Reinvestment),1001.2117
2014-02-13,120536,Invesco India Liquid Fund - Direct Plan - Monthly IDCW (Payout / Reinvestment),1006.2577
2014-02-13,120537,Invesco India Liquid Fund - Direct Plan - Growth,1744.2435
2014-02-13,120538,Aditya Birla Sun Life Digital India Fund -DIRECT - IDCW,14.11
2014-02-13,120539,Aditya Birla Sun Life Digital India Fund - Growth - Direct Plan,27.42
2014-02-13,120541,Invesco India Ultra Short Duration Fund - Direct Plan - Growth,1269.488
2014-02-13,120542,Invesco India Ultra Short Duration Fund - Direct Plan - Monthly IDCW (Payout / Reinvestment),1040.4186
2014-02-13,120543,Invesco India Ultra Short Duration Fund - Direct Plan - Annual IDCW (Payout / Reinvestment),1161.8003
2014-02-13,120544,Invesco India Ultra Short Duration Fund - Direct Plan - Quarterly IDCW (Payout / Reinvestment),1056.0992
2014-02-13,120545,Aditya Birla Sun Life Gold Fund-DIRECT - IDCW,10.2362
2014-02-13,120546,Aditya Birla Sun Life Gold Fund - Growth - Direct Plan,10.2421
2014-02-13,120549,Aditya Birla Sun Life MIP II - Savings 5 Plan - Monthly Dividend - Direct Plan,11.9315
2014-02-13,120550,Aditya Birla Sun Life Regular Savings Fund - DIRECT - MONTHLY IDCW,12.4745
2014-02-13,120552,Religare Invesco Monthly Income Plan - Direct Plan - Growth Option,1250.2639
2014-02-13,120554,Invesco India Regular Savings Fund - Direct Plan  - Growth,1260.8716
2014-02-13,120555,Invesco India Regular Savings Fund - Direct Plan - Monthly Dividend,1059.4263
2014-02-13,120556,Religare Invesco Overnight Fund - Direct Plan - Daily Dividend Reinvestment,1000.01
2014-02-13,120557,Religare Invesco Overnight Fund - Direct Plan - Growth,1493.8
2014-02-13,120558,UTI Liquid Fund - Direct Plan - Daily IDCW (Reinvestment),1019.4457
2014-02-13,120559,Invesco India Short Duration Fund - Direct Plan - Daily IDCW (Reinvestment),1001.675
2014-02-13,120560,Invesco India Short Duration Fund - Direct Plan - Growth,1690.6145
2014-02-13,120561,Invesco India Short Duration Fund - Direct Plan - Monthly IDCW (Payout / Reinvestment),1052.9733
2014-02-13,120562,Invesco India Short Duration Fund - Direct Plan -Weekly IDCW (Reinvestment),1018.0289
2014-02-13,120563,Invesco India Short Duration Fund - Direct Plan -Discretionary IDCW (Payout / Reinvestment),1108.4503
2014-02-13,120564,Aditya Birla Sun Life Flexi Cap Fund - Growth - Direct Plan,285.11
2014-02-13,120565,Aditya Birla Sun Life Flexi Cap Fund -DIRECT - IDCW,68.22
2014-02-13,120566,Invesco India Low Duration Fund - Direct Plan -Daily IDCW (Reinvestment),1005.91
2014-02-13,120567,Invesco India Low Duration Fund - Direct Plan - Discretionary IDCW (Payout / Reinvestment),1119.359
2014-02-13,120568,Invesco India Low Duration Fund - Direct Plan - Weekly IDCW (Payout / Reinvestment),1020.5388
2014-02-13,120569,Invesco India Treasury Advantage Fund - Direct Plan - Bonus,1126.0008
2014-02-13,120570,Invesco India Low Duration Fund - Direct Plan - Growth,1753.7936
2014-02-13,120571,Invesco India Low Duration Fund - Direct Plan - Monthly IDCW (Payout / Reinvestment),1099.9869
2014-02-13,120572,Aditya Birla Sun Life Monthly Income - Growth - Direct Plan,43.867
2014-02-13,120573,Aditya Birla Sun Life Monthly Income- Dividend - Direct Plan,11.5948
2014-02-13,120574,Aditya Birla Sun Life Monthly Income - Quarterly Dividend - Direct Plan,11.5836
2014-02-13,120575,SBI CONSUMPTION OPPORTUNITIES FUND - DIRECT PLAN - GROWTH,53.5248
2014-02-13,120576,SBI CONSUMPTION OPPORTUNITIES FUND - REGULAR - GROWTH,52.7993
2014-02-13,120577,SBI TECHNOLOGY OPPORTUNITIES FUND - REGULAR PLAN - GROWTH,36.4937
2014-02-13,120578,SBI TECHNOLOGY OPPORTUNITIES FUND - DIRECT PLAN - GROWTH,37.0115
2014-02-13,120579,ICICI Prudential Children's Fund - Direct Plan,64.47
2014-02-13,120580,ICICI Prudential Dynamic Bond Fund - Direct Plan -  Monthly Dividend,10.2599
2014-02-13,120581,ICICI Prudential Dynamic Bond Fund - Direct Plan -  Half Yearly Dividend,10.3163
2014-02-13,120582,ICICI Prudential Dynamic Bond Fund - Direct Plan -  Growth,13.5118
2014-02-13,120583,ICICI Prudential Dynamic Bond Fund - Direct Plan - Quarterly Dividend,10.1091
2014-02-13,120584,ICICI Prudential Dynamic Bond Fund - Direct Plan -  Daily Dividend,10.1223
2014-02-13,120585,ICICI Prudential Large Cap Fund (erstwhile Bluechip Fund)  - Direct Plan - IDCW,18.8
2014-02-13,120586,ICICI Prudential Large Cap Fund (erstwhile Bluechip Fund) - Direct Plan - Growth,19.69
2014-02-13,120587,ICICI Prudential FMCG Fund - Direct Plan -  Growth,113.92
2014-02-13,120588,ICICI Prudential FMCG Fund - Direct Plan -  IDCW,56.74
2014-02-13,120589,ICICI Prudential Gilt Fund - Direct Plan - IDCW,12.273
2014-02-13,120590,ICICI Prudential Gilt Fund - Direct Plan - Growth,39.3187
2014-02-13,120591,ICICI Prudential Smallcap Fund - Direct Plan - Growth,12.79
2014-02-13,120592,ICICI Prudential ELSS Tax Saver Fund - Direct Plan - Growth,167.72
2014-02-13,120593,ICICI Prudential ELSS Tax Saver Fund - Direct Plan - IDCW,19.83
2014-02-13,120594,ICICI Prudential Technology Fund - Direct Plan -  Growth,32.41
2014-02-13,120595,ICICI Prudential Technology Fund - Direct Plan -  IDCW,32.4
2014-02-13,120596,ICICI Prudential Large & Mid Cap Fund - Direct Plan - Growth,164.69
2014-02-13,120597,ICICI Prudential Large & Mid Cap Fund - Direct Plan - IDCW,16.29
2014-02-13,120598,ICICI Prudential Multicap Fund - Direct Plan -  IDCW,16.72
2014-02-13,120599,ICICI Prudential Multicap Fund - Direct Plan -  Growth,124.54
2014-02-13,120600,ICICI Prudential All Seasons Bond Fund - Direct Plan - IDCW,11.0353
2014-02-13,120601,ICICI Prudential All Seasons Bond Fund - Direct Plan - Annual IDCW,11.6722
2014-02-13,120602,ICICI Prudential All Seasons Bond Fund - Direct Plan - Quarterly IDCW,10.8625
2014-02-13,120603,ICICI Prudential All Seasons Bond Fund - Direct Plan - Growth,13.8688
2014-02-13,120604,ICICI Prudential All Seasons Bond Fund - Direct Plan - Weekly IDCW,10.4251
2014-02-13,120605,ICICI Prudential Gilt Fund Investment Plan PF Option - Direct Plan -Growth Option,22.2999
2014-02-13,120606,ICICI Prudential Gilt Fund Investment Plan PF Option - Direct Plan - Half Yearly Dividend,10.3592
2014-02-13,120607,ICICI Prudential Short Term Gilt Fund - Direct Plan -  Dividend,12.3251
2014-02-13,120608,ICICI Prudential Short Term Gilt Fund - Direct Plan -  Growth,30.7271
2014-02-13,120610,ICICI Prudential Gilt Fund Treasury Plan PF Option - Direct Plan - Quarterly Dividend,10.2105
2014-02-13,120611,ICICI Prudential Gilt Fund Treasury Plan PF Option - Direct Plan -Growth Option,19.0898
2014-02-13,120613,ICICI Prudential Regular Savings Fund - Direct Plan - Half Yearly IDCW,11.2047
2014-02-13,120614,ICICI Prudential Regular Savings Fund - Direct Plan - Quarterly IDCW,11.0614
2014-02-13,120615,ICICI Prudential Regular Savings Fund - Direct Plan - Monthly IDCW,12.1959
2014-02-13,120616,ICICI Prudential Regular Savings Fund - Direct Plan - Growth,23.9864
2014-02-13,120617,ICICI Prudential Bond Fund - Direct Plan - IDCW Monthly,11.3804
2014-02-13,120618,ICICI Prudential Bond Fund - Direct Plan - IDCW Quarterly,11.0164
2014-02-13,120619,ICICI Prudential Bond Fund - Direct Plan - Growth,16.627
2014-02-13,120620,ICICI Prudential Nifty 50 Index Fund - Direct Plan Cumulative Option,56.8764
2014-02-13,120621,ICICI Prudential Infrastructure Fund - Direct Plan -  Growth,24.22
2014-02-13,120622,ICICI Prudential Infrastructure Fund - Direct Plan -  IDCW,9.76
2014-02-13,120623,ICICI Prudential Interval Fund IV Quarterly Interval Plan B - Direct Plan -  Growth,13.878
2014-02-13,120624,ICICI Prudential Interval Fund IV Quarterly Interval Plan B - Direct Plan -  Dividend,10.0885
2014-02-13,120625,ICICI Prudential Interval Fund Annual Interval Plan I - Direct Plan -  Growth,13.5214
2014-02-13,120627,ICICI Prudential Interval Fund Annual Interval Plan II - Direct Plan -  Growth,16.8541
2014-02-13,120629,ICICI Prudential Interval Fund Annual Interval Plan III - Direct Plan -  Growth,13.228
2014-02-13,120631,ICICI Prudential Interval Fund Annual Interval Plan IV - Direct Plan -  Growth,15.3799
2014-02-13,120636,ICICI Prudential Interval Fund Monthly Interval Plan I - Direct Plan -  Growth,10.4668
2014-02-13,120637,ICICI Prudential Interval Fund Quarterly Interval Plan 1 - Direct Plan - Dividend,10.1776
2014-02-13,120638,ICICI Prudential Interval Fund Quarterly Interval Plan 1 - Direct Plan -  Growth,13.6362
2014-02-13,120639,ICICI Prudential Interval Fund II Quarterly Interval - Direct Plan -  Growth,15.2775
2014-02-13,120641,ICICI Prudential Interval Fund II Quarterly Interval Plan A - Direct Plan -  Dividend,10.0037
2014-02-13,120642,ICICI Prudential Interval Fund II Quarterly Interval Plan A - Direct Plan -  Growth,10.5223
2014-02-13,120643,ICICI Prudential Interval Fund II Quarterly Interval Plan B - Direct Plan -  Growth,10.9921
2014-02-13,120644,ICICI Prudential Interval Fund II Quarterly Interval Plan B - Direct Plan -  Dividend,10.2031
2014-02-13,120646,ICICI Prudential Interval Fund II Quarterly Interval Plan C - Direct Plan -  Growth,10.4374
2014-02-13,120647,ICICI Prudential Interval Fund II Quarterly Interval Plan C - Direct Plan -  Dividend,10.1593
2014-02-13,120648,ICICI Prudential Interval Fund II Quarterly Interval Plan C - Direct Plan -  Quarterly Dividend Payout,10.1587
2014-02-13,120649,ICICI Prudential Interval Fund II Quarterly Interval Plan D - Direct Plan - Growth,13.6761
2014-02-13,120651,ICICI Prudential Interval Fund II Quarterly Interval Plan D - Direct Plan -  Dividend,10.1339
2014-02-13,120652,ICICI Prudential Interval Fund II Quarterly Interval Plan F - Direct Plan -  Growth,13.7514
2014-02-13,120653,ICICI Prudential Interval Fund II Quarterly Interval Plan F - Direct Plan -  Dividend,10.0635
2014-02-13,120654,ICICI Prudential Interval Fund III Quarterly Interval - Direct Plan -  Dividend,10.197
2014-02-13,120655,ICICI Prudential Interval Fund III Quarterly Interval - Direct Plan -  Growth,13.5623
2014-02-13,120656,UTI Large Cap Fund - Direct Plan - Growth Option,58.4825
2014-02-13,120657,UTI Large Cap Fund - Direct Plan - IDCW,24.4369
2014-02-13,120658,UTI - Master Plus Unit Scheme-Growth Option - Direct,93.6532
2014-02-13,120659,TI - Master Plus Unit Scheme-Income Option - Direct,65.4288
2014-02-13,120660,ICICI Prudential Interval Fund V Monthly Interval Plan A - Direct Plan -  Dividend,10.0234
2014-02-13,120661,ICICI Prudential Interval Fund V Monthly Interval Plan A - Direct Plan - Growth,10.5536
2014-02-13,120662,UTI - Flexi Cap Fund-Growth Option - Direct,64.7223
2014-02-13,120663,UTI Flexi Cap Fund - Direct Plan - IDCW,55.7447
2014-02-13,120664,UTI Large & Mid Cap Fund - Direct Plan - IDCW,23.3046
2014-02-13,120665,UTI Large & Mid Cap Fund - Direct Plan - Growth Option,32.0115
2014-02-13,120666,ICICI Prudential MIP - Direct Plan -  Dividend Quarterly,12.6216
2014-02-13,120667,ICICI Prudential MIP - Direct Plan -  Dividend Monthly,11.5351
2014-02-13,120668,ICICI Prudential MIP - Direct Plan -  Growth,31.4967
2014-02-13,120669,ICICI Prudential MIP - Direct Plan -  Dividend Half Yearly,12.3415
2014-02-13,120670,ICICI Prudential Medium Term Bond Fund - Direct Plan - Growth,18.919
2014-02-13,120671,ICICI Prudential Medium Term Bond Fund - Direct Plan - Quarterly IDCW,10.5564
2014-02-13,120672,ICICI Prudential Medium Term Bond Fund - Direct Plan - Half Yearly IDCW,10.7205
2014-02-13,120673,UTI Aggressive Hybrid Fund - Direct Plan - IDCW,23.4175
2014-02-13,120674,UTI Aggressive Hybrid Fund -Direct Plan - Growth,90.8579
2014-02-13,120675,ICICI Prudential Ultra Short Term Fund - Direct Plan -  Quarterly IDCW,10.1745
2014-02-13,120676,ICICI Prudential Ultra Short Term Fund - Direct Plan -  Growth,11.8417
2014-02-13,120677,ICICI Prudential Ultra Short Term Fund - Direct Plan -  Monthly IDCW,10.0745
2014-02-13,120679,ICICI Prudential Dynamic Asset Allocation Active FOF - Direct Plan - Growth,29.3236
2014-02-13,120680,ICICI Prudential Dynamic Asset Allocation Active FOF - Direct Plan - IDCW,29.3096
2014-02-13,120681,UTI MNC Fund - Direct Plan - IDCW,47.8705
2014-02-13,120682,UTI - MNC Fund - Growth Option - Direct,77.8373
2014-02-13,120683,ICICI Prudential Nifty Next 50 Index Fund - Direct Plan -  IDCW,10.4974
2014-02-13,120684,ICICI Prudential Nifty Next 50 Index Fund - Direct Plan -  Growth,10.5017
2014-02-13,120685,ICICI Prudential Gold ETF FOF - Direct Plan - Growth,10.8432
2014-02-13,120686,ICICI Prudential Gold ETF FOF - Direct Plan - IDCW,10.8436
2014-02-13,120687,ICICI Prudential Exports & Services Fund - Direct Plan - IDCW,21.11
2014-02-13,120688,ICICI Prudential Exports & Services Fund - Direct Plan - Growth,28.05
2014-02-13,120689,UTI Medium to Long Duration Fund-Growth - Direct,35.881
2014-02-13,120690,UTI Medium to Long Duration Fund - Direct Plan - Quarterly IDCW,12.2246
2014-02-13,120691,ICICI Prudential Child Care Plan Study - Direct Plan- Cumulative,39.2815
2014-02-13,120692,ICICI Prudential Corporate Bond Fund - Direct Plan - Growth,12.8041
2014-02-13,120693,ICICI Prudential Corporate Bond Fund - Direct Plan - Weekly IDCW,10.0889
2014-02-13,120694,ICICI Prudential Corporate Bond Fund - Direct Plan - Quarterly IDCW,10.3421
2014-02-13,120695,ICICI Prudential Corporate Bond Fund - Direct Plan - Daily IDCW,10.1064
2014-02-13,120696,ICICI Prudential Corporate Bond Fund - Direct Plan - Fortnightly IDCW,10.1276
2014-02-13,120697,ICICI Prudential Corporate Bond Fund - Direct Plan - Monthly IDCW,10.1149
2014-02-13,120698,UTI - Master Value Fund-Income Option - Direct,24.3086
2014-02-13,120699,UTI - Master Value Fund-Growth Option-Direct,57.988
2014-02-13,120702,ICICI Prudential Diversified Debt Strategy Active FOF  - Direct Plan - Growth,18.4385
2014-02-13,120703,ICICI Prudential Diversified Debt Strategy Active FOF - Direct Plan -  IDCW,18.4476
2014-02-13,120704,Aditya Birla Sun Life MIP - Direct Plan - Growth,32.2237
2014-02-13,120705,Aditya Birla Sun Life Regular Savings Fund - Growth / Payment - Direct Plan,22.1743
2014-02-13,120706,Aditya Birla Sun Life MIP II - Savings 5 Plan - Growth / Payment - Direct Plan,22.0185
2014-02-13,120707,Aditya Birla Sun Life Quarterly Interval Fund -  Series 4 - Dividend - Direct Plan,10.1107
2014-02-13,120708,Aditya Birla Sun Life Quarterly Interval Fund -  Series 4 - Growth - Direct Plan,16.407
2014-02-13,120709,ICICI Prudential Credit Risk Fund - Direct Plan - Quarterly IDCW,10.7734
2014-02-13,120710,ICICI Prudential Credit Risk Fund - Direct Plan - Half Yearly IDCW,10.8992
2014-02-13,120711,ICICI Prudential Credit Risk Fund - Direct Plan - Growth,13.1239
2014-02-13,120714,UTI ELSS Tax Saver Fund - Direct Plan - IDCW,16.1197
2014-02-13,120715,UTI ELSS Tax Saver Fund - Direct Plan - Growth Option,42.8351
2014-02-13,120716,UTI Nifty 50 Index Fund - Growth Option- Direct,37.5618
2014-02-13,120717,UTI Nifty 50 Index Fund - Direct Plan - IDCW,19.1204
2014-02-13,120718,UTI Short Duration Fund - Direct Plan - Growth Option,15.025
2014-02-13,120719,UTI Short Duration Fund - Direct Plan - Quarterly IDCW,11.3252
2014-02-13,120722,ICICI Prudential Focused Equity Fund - Direct Plan - Growth,15.76
2014-02-13,120723,ICICI Prudential Focused Equity Fund - Direct Plan - IDCW,15.77
2014-02-13,120724,UTI Children's Equity Fund - Direct Plan - Growth Option,17.2962
2014-02-13,120725,UTI Children's Equity Fund - Direct Plan - IDCW,17.3194
2014-02-13,120726,UTI Mid Cap Fund-Growth Option- Direct,38.8564
2014-02-13,120727,UTI Mid Cap Fund - Direct Plan - IDCW,26.4975
2014-02-13,120728,UTI Infrastructure Fund-Growth Option- Direct,24.4172
2014-02-13,120729,UTI Infrastructure Fund - Direct Plan - IDCW,13.8774
2014-02-13,120730,UTI Transportation and Logistics Fund - Direct Plan - IDCW,19.6713
2014-02-13,120731,UTI-Transportation and Logistics  Fund-Growth Option- Direct,39.2799
2014-02-13,120732,UTI Banking and Financial Services Fund - Direct Plan - IDCW,17.5113
2014-02-13,120733,UTI Banking and Financial Services Fund - Direct Plan - Growth Option,38.0
2014-02-13,120734,UTI Low Duration Fund - Direct Plan - Quarterly IDCW,1069.0405
2014-02-13,120735,UTI Low Duration Fund - Direct Plan - Growth Option,1718.364
2014-02-13,120736,UTI Low Duration Fund - Direct Plan - Monthly IDCW,1025.2105
2014-02-13,120737,UTI Low Duration Fund - Direct Plan - Daily IDCW (Reinvestment),1002.354
2014-02-13,120739,UTI Low Duration Fund - Direct Plan - Weekly IDCW,1004.131
2014-02-13,120743,ICICI Prudential Long Term Bond Fund - Direct Plan - Growth,37.0598
2014-02-13,120744,UTI Ultra Short Duration Fund - Direct Plan - Daily IDCW (Reinvestment),1076.8777
2014-02-13,120745,UTI Ultra Short Duration Fund - Direct Plan - Weekly IDCW (Reinvestment),1112.3785
2014-02-13,120746,UTI Ultra Short Duration Fund - Direct Plan - Growth Option,2059.3944
2014-02-13,120747,ICICI Prudential Long Term Bond Fund - Direct Plan - Quarterly IDCW,12.1438
2014-02-13,120748,ICICI Prudential Long Term Bond Fund - Direct Plan - Half Yearly IDCW,11.7041
2014-02-13,120749,UTI-Dividend Yield Fund.-Growth-Direct,33.157
2014-02-13,120750,UTI Dividend Yield Fund - Direct Plan - IDCW,12.8932
2014-02-13,120751,UTI Value Fund - Direct Plan - Growth Option,32.8643
2014-02-13,120752,UTI Value Fund - Direct Plan - IDCW,15.5566
2014-02-13,120753,ICICI Prudential Short Term Fund - Direct Plan - Reinvestment of IDCW Fortnightly,11.9402
2014-02-13,120754,ICICI Prudential Short Term Fund - Direct Plan - Growth Option,25.4184
2014-02-13,120755,ICICI Prudential Short Term Fund - Direct Plan - Monthly IDCW,11.8472
2014-02-13,120756,UTI Bluechip Flexicap Fund - Direct Plan - Dividend Option,15.8301
2014-02-13,120757,UTI Bluechip Flexicap Fund - Direct Plan - Growth Option,17.0696
2014-02-13,120758,UTI Contra Fund-Income-Dividend Option-Direct,11.6454
2014-02-13,120759,UTI Contra Fund-Growth-Growth Option-Direct,12.6137
2014-02-13,120760,UTI Multi Asset Allocation Fund - Direct Plan - Growth Option,22.1581
2014-02-13,120761,UTI Multi Asset Allocation Fund - Direct Plan - IDCW,15.7426
2014-02-13,120762,UTI Dynamic Bond Fund - Direct Plan - Growth Option,13.6404
2014-02-13,120763,UTI Dynamic Bond Fund - Direct Plan - Quarterly IDCW,11.3081
2014-02-13,120764,UTI Credit Risk Fund - Direct Plan - Growth Option,11.157
2014-02-13,120765,UTI Credit Risk Fund - Direct Plan - Quarterly IDCW,10.5859
2014-02-13,120766,UTI Retirement Fund- Direct Plan,17.0808
2014-02-13,120767,UTI Services Industries Fund-Growth Option- Direct,72.1527
2014-02-13,120768,UTI Services Industries Fund-Income Option-Direct,31.0311
2014-02-13,120769,UTI Energy Fund-Income Option-Direct,9.4997
2014-02-13,120770,UTI Energy Fund-Growth Option-Direct,8.3774
2014-02-13,120771,UTI Children's Hybrid Fund - Direct Plan,14.0976
2014-02-13,120772,UTI Money Market Fund - Direct Plan - Daily IDCW (Reinvestment),1003.3854
2014-02-13,120773,UTI Smart Woman Savings Plan - Growth Option- Direct,23.5013
2014-02-13,120774,UTI Smart Woman Savings Plan - Dividend Option- Direct,23.5015
2014-02-13,120775,UTI - MIS-Income-Direct,11.4705
2014-02-13,120776,UTI - MIS-Growth-Direct,24.0986
2014-02-13,120777,UTI Liquid Fund - Direct Plan - Weekly IDCW,1053.2394
2014-02-13,120778,UTI Conservative Hybrid Fund - Direct Plan - Monthly IDCW,12.7856
2014-02-13,120779,UTI Conservative Hybrid Fund - Direct Plan - Growth Option,24.6583
2014-02-13,120780,UTI India Consumer Fund - Direct Plan - Growth Option,14.1177
2014-02-13,120781,UTI India Consumer Fund - Direct Plan - IDCW,14.1167
2014-02-13,120782,UTI Healthcare Fund - Direct Plan - Growth Option,59.8863
2014-02-13,120783,UTI Healthcare Fund - Direct Plan - IDCW,46.2871
2014-02-13,120784,UTI - Unit Linked Insurance Plan- Direct,16.543
2014-02-13,120785,UTI - Overnight Fund - Direct Plan - Growth Option,18.0916
2014-02-13,120786,UTI Overnight Fund - Direct Plan - Periodic IDCW,12.6015
2014-02-13,120787,UTI - CRTS 81 - Dividend Option- Direct,132.7741
2014-02-13,120788,UTI - CRTS 81 - Growth Option- Direct,223.4344
2014-02-13,120789,UTI Conservative Hybrid Fund - Direct Plan - Flexi IDCW,24.6592
2014-02-13,120791,UTI Gilt Fund - Direct Plan - IDCW,15.1181
2014-02-13,120792,UTI - GILT FUND - Direct Plan - Growth Option,24.7067
2014-02-13,120793,UTI Money Market Fund - Direct Plan - Weekly IDCW,1014.775
2014-02-13,120794,UTI Liquid Fund - Direct Plan - Monthly IDCW,1027.574
2014-02-13,120795,UTI Arbitrage Fund - Direct Plan - Growth Option,17.9126
2014-02-13,120796,UTI Arbitrage Fund - Direct Plan - IDCW,14.7299
2014-02-13,120797,Union KBC Capital Protection Oriented Fund - Series 2 - Direct Plan - Growth Option,10.4473
2014-02-13,120798,Nippon India Yearly Interval Fund - Series 1 - Growth Plan - Growth Option,10.8943
2014-02-13,120799,Nippon India Yearly Interval Fund - Series 1 - Direct Plan - Growth Plan - Growth Option,10.8997
2014-02-13,120800,Nippon India Yearly Interval Fund - Series 1 - Direct Plan - Dividend Plan - Dividend Option,10.0194
2014-02-13,120802,Nippon India Yearly Interval Fund - Series 1 - Dividend Plan - Dividend Option,10.0192
2014-02-13,120804,ICICI Prudential Fixed Maturity Plan-Series 65-505 Days Plan J - Direct Plan - Cumulative,10.8922
2014-02-13,120805,ICICI Prudential Fixed Maturity Plan-Series 65-505 Days Plan J - Regular Plan - Cumulative,10.8881
2014-02-13,120806,ICICI Prudential Fixed Maturity Plan-Series 65-505 Days Plan J - Regular Plan - Dividend,10.8881
2014-02-13,120807,ICICI Prudential Fixed Maturity Plan-Series 65-505 Days Plan J - Direct Plan - Dividend,10.8922
2014-02-13,120808,Union KBC Capital Protection Oriented Fund - Series 2 - Regular Plan - Growth Option,10.3678
2014-02-13,120809,Union KBC Capital Protection Oriented Fund - Series 2 - Regular Plan - Dividend Option,10.3678
2014-02-13,120811,ICICI Prudential Interval Fund IV Quarterly Interval Plan B - Direct Plan -  Quarterly Dividend Payout,10.0884
2014-02-13,120812,ICICI Prudential Capital Protection Oriented Fund III - PLAN E - 60 Months - Dividend,10.9237
2014-02-13,120813,ICICI Prudential Capital Protection Oriented Fund III - PLAN E - 60 Months - Cumulative,10.9237
2014-02-13,120814,ICICI Prudential Capital Protection Oriented Fund III - PLAN E - 60 Months - Direct Plan - Cumulative,11.06
2014-02-13,120815,ICICI Prudential Capital Protection Oriented Fund III - PLAN E - 60 Months - Direct Plan - Dividend,11.06
2014-02-13,120816,DSP BlackRock Dual Advantage Fund - Series 11 - 36M - Direct Plan - Growth Option (Maturity Date 04-Apr-2016),10.3373
2014-02-13,120817,DSP BlackRock Dual Advantage Fund - Series 11 - 36M - Direct Plan - Dividend Payout Option (Maturity Date 04-Apr-2016),10.3373
2014-02-13,120818,quant Aggressive Hybrid Fund-IDCW Option-Direct Plan,11.6215
2014-02-13,120819,quant Aggressive Hybrid Fund-Growth Option-Direct Plan,61.7375
2014-02-13,120820,quant Multi Asset Allocation Fund - IDCW Option - Direct Plan,24.0052
2014-02-13,120821,quant Multi Asset Allocation Fund-GROWTH OPTION-Direct Plan,26.2067
2014-02-13,120822,quant Multi Cap Fund-IDCW Option - Direct Plan,10.4836
2014-02-13,120823,quant Multi Cap Fund-GROWTH OPTION-Direct Plan,67.9062
2014-02-13,120824,quant Large & Mid Cap Fund - Bonus Option-Direct Plan,13.1625
2014-02-13,120825,quant Large & Mid Cap Fund - IDCW Option - Direct Plan,10.1313
2014-02-13,120826,quant Large & Mid Cap Fund - Growth Option-Direct Plan,13.2325
2014-02-13,120827,quant Small Cap Fund - IDCW Option - Direct Plan,33.1056
2014-02-13,120828,quant Small Cap Fund - Growth Option - Direct Plan,36.7083
2014-02-13,120829,Quant Dynamic Bond-Dividend Option-Direct Plan,11.4857
2014-02-13,120830,Quant Dynamic Bond-Growth Option-Direct Plan,41.3713
2014-02-13,120831,Quant Dynamic Bond-Bonus Option-Direct Plan,21.6524
2014-02-13,120832,quant Infrastructure Fund - IDCW Option - Direct Plan,3.9266
2014-02-13,120833,quant Infrastructure Fund - Growth Option-Direct Plan,3.9299
2014-02-13,120834,quant Focused Fund - Growth Option-Direct Plan,11.7815
2014-02-13,120835,quant Focused Fund - IDCW Option - Direct Plan,11.8542
2014-02-13,120836,quant Liquid Fund-Daily IDCW Option - Direct Plan,13.782
2014-02-13,120837,quant Liquid Fund - Growth Option - Direct Plan,19.6681
2014-02-13,120838,quant Liquid Fund - Monthly IDCW Option - Direct Plan,15.1337
2014-02-13,120839,quant Liquid Fund - Weekly IDCW Option - Direct Plan,13.5052
2014-02-13,120840,quant Mid Cap Fund - IDCW Option - Direct Plan,11.6429
2014-02-13,120841,quant Mid Cap Fund - Growth Option - Direct Plan,33.0386
2014-02-13,120842,quant Flexi Cap Fund - IDCW Option - Direct Plan,6.9121
2014-02-13,120843,quant Flexi Cap Fund - Growth Option-Direct Plan,9.7033
2014-02-13,120844,Quant Money Market Fund-Dividend Option-Direct Plan,14.6247
2014-02-13,120845,Quant Money Market Fund-Growth Option-Direct Plan,19.1277
2014-02-13,120846,quant ELSS Tax Saver Fund - IDCW Option - Direct Plan,7.4714
2014-02-13,120847,quant ELSS Tax Saver Fund - Growth Option - Direct Plan,33.3043
2014-02-13,120848,IDFC YS Interval Fund - Series I -Direct Plan-Dividend,10.0182
2014-02-13,120849,IDFC YS Interval Fund - Series I -Direct Plan-Growth,10.887
2014-02-13,120850,IDFC YS Interval Fund - Series I -Regular Plan-Dividend,10.0171
2014-02-13,120851,IDFC YS Interval Fund - Series I -Regular Plan-Growth,10.8798
2014-02-13,120868,LIC NOMURA MF FIXED MATURITY PLAN SERIES 56 - DIVIDEND PAYOUT,10.8824
2014-02-13,120869,LIC NOMURA MF FIXED MATURITY PLAN SERIES 57 - DIVIDEND PAYOUT,10.8546
2014-02-13,120870,ICICI Prudential Smallcap Fund - Direct Plan - IDCW,12.79
2014-02-13,120873,UTI FTIF Series XIII -IV (546 DAYS) - Quarterly Dividend Option- DIRECT,10.1131
2014-02-13,120874,UTI FTIF Series XIII -IV (546 DAYS)-Annual Dividend Option - DIRECT,10.7513
2014-02-13,120875,UTI FTIF Series XIII -IV (546 DAYS)-Growth Option-DIRECT,10.9563
2014-02-13,120876,UTI FIIF Sr-2 Quarterly Interval Plan VII - Direct Plan - IDCW,10.0862
2014-02-13,120877,UTI F I I F Series II -Quarterly Interval Plan - VII - Direct Plan - Growth Option,15.6286
2014-02-13,120898,SBI DEBT FUND SERIES - 60 MONTHS - 3 - REGULAR PLAN - GROWTH,10.6004
2014-02-13,120899,SBI DEBT FUND SERIES - 60 MONTHS - 3 - REGULAR PLAN - DIVIDEND,10.6004
2014-02-13,120900,SBI DEBT FUND SERIES - 60 MONTHS - 3 - DIRECT PLAN - GROWTH,10.6588
2014-02-13,120901,SBI DEBT FUND SERIES - 60 MONTHS - 3 - DIRECT PLAN - DIVIDEND,10.6588
2014-02-13,120902,UTI FIIF Monthly Interval Plan II - Direct Plan - Monthly IDCW,10.0193
2014-02-13,120903,UTI Fixed Income Interval Fund - Monthly Interval Plan II-Direct Plan - Growth Option,16.3856
2014-02-13,120904,DWS Hybrid Fixed Term Fund - Series 11 - Direct Plan - Dividend (Payout),10.3737
2014-02-13,120905,DWS Hybrid Fixed Term Fund - Series 11 - Regular Plan - Dividend (Payout),10.307
2014-02-13,120906,DWS Hybrid Fixed Term Fund - Series 11 - Regular Plan - Growth,10.307
2014-02-13,120907,DWS Hybrid Fixed Term Fund - Series 11 - Direct Plan - Growth,10.3737
2014-02-13,120908,SBI DEBT FUND SERIES - 36 MONTHS - 2 - DIRECT PLAN - DIVIDEND,10.809
2014-02-13,120909,SBI DEBT FUND SERIES - 36 MONTHS - 2 - REGULAR PLAN - DIVIDEND,10.7429
2014-02-13,120910,SBI DEBT FUND SERIES - 36 MONTHS - 2 - REGULAR PLAN - GROWTH,10.7429
2014-02-13,120911,SBI DEBT FUND SERIES - 36 MONTHS - 2 - DIRECT PLAN - GROWTH,10.809
2014-02-13,120920,Kotak FMP Series 99 - Dividend,10.8934
2014-02-13,120921,Kotak FMP Series 99 - Growth,10.8934
2014-02-13,120922,L&T FMP - VII (January507D A)-Growth - Regular Plan,10.9092
2014-02-13,120923,L&T FMP - VII (January507D A) - Dividend Payout - Regular Plan,10.9092
2014-02-13,120924,Sundaram Fixed Term Plan DC  - Regular - Dividend Payout,10.8925
2014-02-13,120925,Sundaram Fixed Term Plan DC - Regular - Growth,10.892
2014-02-13,120926,Sundaram Fixed Term Plan DC  - Direct - Dividend Payout,10.9209
2014-02-13,120927,Sundaram Fixed Term Plan DC - Direct -  Growth,10.9209
2014-02-13,120928,LIC NOMURA MF FIXED MATURITY PLAN SERIES 56 - DIRECT PLAN -  GROWTH,10.9175
2014-02-13,120929,LIC NOMURA MF FIXED MATURITY PLAN SERIES 56 - DIRECT PLAN-  DIVIDEND,10.9174
2014-02-13,120930,LIC NOMURA MF FIXED MATURITY PLAN SERIES 56 - GROWTH,10.8823
2014-02-13,120931,LIC NOMURA MF FIXED MATURITY PLAN SERIES 57 - GROWTH,10.8546
2014-02-13,120932,LIC NOMURA MF FIXED MATURITY PLAN SERIES 57 - DIRECT PLAN -  DIVIDEND,10.8893
2014-02-13,120933,LIC NOMURA MF FIXED MATURITY PLAN SERIES 57 - DIRECT PLAN -  GROWTH,10.8893
2014-02-13,120934,JPMorgan India Fixed Maturity Plan - Series 13 - Regular Plan - Dividend Option,10.9185
2014-02-13,120935,JPMorgan India Fixed Maturity Plan - Series 13 - Regular Plan - Growth Option,10.9196
2014-02-13,120936,JPMorgan India Fixed Maturity Plan - Series 13 - Direct Plan - Growth Option,10.9254
2014-02-13,120937,JPMorgan India Fixed Maturity Plan - Series 13 - Direct Plan - Dividend Option,10.9254
2014-02-13,120938,Aditya Birla Sun Life Fixed Term Plan - Series GI (1185 days) - Direct Plan-Normal Dividend,10.8363
2014-02-13,120939,Aditya Birla Sun Life Fixed Term Plan - Series GI (1185 days) - Direct Plan-Quarterly Dividend,10.4489
2014-02-13,120940,Aditya Birla Sun Life Fixed Term Plan - Series GI (1185 days) - Regular Plan-Normal Dividend,10.7931
2014-02-13,120941,Aditya Birla Sun Life Fixed Term Plan - Series GI (1185 days) - Regular Plan-Quarterly Dividend,10.4053
2014-02-13,120942,Aditya Birla Sun Life Fixed Term Plan - Series GI (1185 days) - Direct Plan-Growth,10.8362
2014-02-13,120943,Aditya Birla Sun Life Fixed Term Plan - Series GI (1185 days) -Regular Plan-Growth,10.7931
2014-02-13,120954,Reliance Yearly Interval Fund - Series 2 - Direct Plan - Dividend Plan - Dividend Option,10.0051
2014-02-13,120955,Reliance Yearly Interval Fund - Series 2 - Direct Plan - Growth Plan - Growth Option,10.9149
2014-02-13,120956,Reliance Yearly Interval Fund - Series 2 - Growth Plan - Growth Option,10.909
2014-02-13,120957,Reliance Yearly Interval Fund - Series 2 - Dividend Plan - Dividend Option,10.005
2014-02-13,120958,Tata FMP 42 Scheme G- Plan A-Periodic Dividend Payout,10.8977
2014-02-13,120959,Tata FMP 42 Scheme G- Direct Plan- Growth,10.903
2014-02-13,120960,Tata FMP 42 Scheme G- Plan A- Growth,10.8977
2014-02-13,120961,Tata FMP 42 Scheme G- Direct Plan - Periodic Dividend Payout,10.903
2014-02-13,120962,L&T FMP - VII (January507D A) - Dividend Payout -Direct Plan,10.915
2014-02-13,120963,L&T FMP - VII (January507D A)-Growth - Direct Plan,10.915
2014-02-13,120964,Reliance Fixed Horizon Fund - XXIII - Series 1 - Growth Option,10.9161
2014-02-13,120965,Reliance Fixed Horizon Fund - XXIII - Series 1 - Dividend Payout Option,10.9161
2014-02-13,120966,Reliance Fixed Horizon Fund - XXIII - Series 1 - Direct Plan - Growth Option,10.9216
2014-02-13,120967,Reliance Fixed Horizon Fund - XXIII - Series 1 - Direct Plan - Dividend Payout Option,10.9216
2014-02-13,120968,Kotak FMP Series 99 - Direct Growth,10.8989
2014-02-13,120969,Kotak FMP Series 99 - Direct Dividend,10.8989
2014-02-13,120970,UTI - Fixed Income Interval Fund - Monthly Interval Plan  - Direct Plan - Growth Option,17.0666
2014-02-13,120971,ICICI Prudential Fixed Maturity Plan-Series 66-420 Days Plan A - Direct Plan - Cumulative,10.9184
2014-02-13,120972,ICICI Prudential Fixed Maturity Plan-Series 66-420 Days Plan A - Regular Plan - Cumulative,10.9159
2014-02-13,120973,ICICI Prudential Fixed Maturity Plan-Series 66-420 Days Plan A - Regular Plan - Dividend,10.9159
2014-02-13,120974,ICICI Prudential Fixed Maturity Plan-Series 66-420 Days Plan A - Direct Plan - Dividend,10.9184
2014-02-13,120975,UTI FIIF Monthly Interval Plan I - Direct Plan - Monthly IDCW,10.0558
2014-02-13,120984,IDFC YS Interval Fund - Series II-Regular Plan-Growth,10.9019
2014-02-13,120985,IDFC YS Interval Fund - Series II-Regular Plan-Dividend,10.6667
2014-02-13,120986,IDFC YS Interval Fund - Series II-Direct Plan-Growth,10.9074
2014-02-13,120992,HDFC FMP 1198D February 2013 (1)-Direct Plan-Growth Option,10.7402
2014-02-13,120993,HDFC FMP 1198D February 2013 (1)-Regular Plan-Growth Option,10.6979
2014-02-13,120994,HDFC FMP 1198D February 2013 (1)-Regular Plan-Quarterly Dividend Option,10.091
2014-02-13,120995,HDFC FMP 1198D February 2013 (1)-Regular Plan-Dividend Option,10.6979
2014-02-13,120996,HDFC FMP 1198D February 2013 (1)-Direct Plan-Dividend Option,10.7402
2014-02-13,120997,HDFC FMP 1198D February 2013 (1)-Direct Plan-Quarterly Dividend Option,10.0945
2014-02-13,120998,HDFC FMP 1198D February 2013 (1)-Direct Plan-Flexi Option,10.7402
2014-02-13,120999,HDFC FMP 1198D February 2013 (1)-Regular Plan-Flexi Option,10.6979
2014-02-13,121018,Birla Sun Life Fixed Term Plan - Series GM (367 days) - Direct Plan-Normal Dividend,10.8108
2014-02-13,121019,Birla Sun Life Fixed Term Plan - Series GM (367 days) - Direct Plan-Quarterly Dividend,10.4262
2014-02-13,121020,Birla Sun Life Fixed Term Plan - Series GM (367 days) - Regular Plan-Normal Dividend,10.8063
2014-02-13,121021,Birla Sun Life Fixed Term Plan - Series GM (367 days) - Regular Plan-Quarterly Dividend,10.4224
2014-02-13,121022,Birla Sun Life Fixed Term Plan - Series GM (367 days) - Direct Plan-Growth,10.9108
2014-02-13,121023,Birla Sun Life Fixed Term Plan - Series GM (367 days) - Regular Plan-Growth,10.9063
2014-02-13,121024,Birla Sun Life Interval Income Fund - Annual Plan II-Direct Plan-Normal Dividend,10.9251
2014-02-13,121025,Birla Sun Life Interval Income Fund - Annual Plan II-Regular Plan-Normal Dividend,10.9162
2014-02-13,121027,Birla Sun Life Interval Income Fund - Annual Plan II-Direct Plan-Growth,10.9251
2014-02-13,121028,Birla Sun Life Interval Income Fund - Annual Plan II-Regular Plan-Quarterly Dividend,10.5316
2014-02-13,121029,DSP BlackRock RGESS Fund - Series 1 - Direct Plan - Dividend Payout Option,10.2835
2014-02-13,121030,DSP BlackRock RGESS Fund - Series 1  - Regular Plan - Dividend Payout Option,10.2369
2014-02-13,121031,DSP BlackRock RGESS Fund - Series 1 - Regular Plan - Growth Option,10.2369
2014-02-13,121032,DSP BlackRock RGESS Fund - Series 1  - Direct Plan - Growth Option,10.2835
2014-02-13,121033,UTI FIIF Sr-2 Quarterly Interval Plan IV - Direct Plan - IDCW,10.0399
2014-02-13,121034,UTI F I I F Series II -Quarterly Interval Plan - IV -Direct Plan - Growth Option,15.7209
2014-02-13,121035,UTI FTIF Series XIV -I (366 DAYS) - Annual Dividend Option,10.0001
2014-02-13,121036,UTI FTIF Series XIV -I (366 DAYS) - Growth Option,10.9077
2014-02-13,121037,UTI FTIF Series XIV -I (366 DAYS)-Annual Dividend Option - DIRECT,10.0
2014-02-13,121038,UTI FTIF Series XIV -I (366 DAYS) - Maturity Dividend Option - DIRECT,10.0
2014-02-13,121039,UTI FTIF Series XIV -I (366 DAYS)-Growth Option-DIRECT,10.9132
2014-02-13,121040,UTI FTIF Series XIV -I (366 DAYS) - Maturity Dividend Option,10.0
2014-02-13,121041,UTI FTIF Series XIV -I (366 DAYS) - Quarterly Dividend Option,10.0001
2014-02-13,121042,UTI FTIF Series XIV -I (366 DAYS) - Quarterly Dividend Option- DIRECT,10.0
2014-02-13,121043,DSP BlackRock FMP - Series 84 -12M - Regular Plan - Growth,10.9064
2014-02-13,121044,DSP BlackRock FMP - Series 84 -12M - Regular Plan - Dividend Regular Payout,10.9064
2014-02-13,121045,DSP BlackRock FMP - Series 84 -12M - Regular Plan - Dividend Quarterly Payout,10.9064
2014-02-13,121046,DSP BlackRock FMP - Series 84 -12M - Direct Plan - Growth,10.9172
2014-02-13,121047,DSP BlackRock FMP - Series 84 -12M - Direct Plan - Dividend Regular Payout,10.9172
2014-02-13,121048,DSP BlackRock FMP - Series 84 -12M - Direct Plan - Dividend Quarterly Payout,10.9172
2014-02-13,121049,DSP BlackRock FTP - Series 21 - 18M - Regular Plan - Growth,10.824
2014-02-13,121050,DSP BlackRock FTP - Series 21 - 18M - Regular Plan - Dividend Payout,10.824
2014-02-13,121051,DSP BlackRock FTP - Series 21 - 18M - Direct Plan - Growth,10.8345
2014-02-13,121052,DSP BlackRock FTP - Series 21 - 18M - Direct Plan - Dividend Payout,10.8345
2014-02-13,121054,IDFC FTP SERIES-9(410 Days) -Direct Plan- Growth,10.899
2014-02-13,121055,IDFC FTP SERIES-9(410 Days) -Regular Plan- Growth,10.8935
2014-02-13,121061,IDFC FTP SERIES-9(410 Days) -Regular Plan- Quarterly Dividend,10.2619
2014-02-13,121062,IDFC FTP SERIES-9(410 Days) -Regular Plan- Half Yearly Dividend,10.4547
2014-02-13,121063,IDFC YS Interval Fund - Series III -Regular Plan-Growth,10.9149
2014-02-13,121064,IDFC YS Interval Fund - Series III -Regular Plan-Dividend,10.6999
2014-02-13,121065,IDFC YS Interval Fund - Series III -Direct Plan-Growth,10.9203
2014-02-13,121067,ICICI Prudential Fixed Maturity Plan-Series 66-368 Days Plan B - Regular Plan - Cumulative,10.9192
2014-02-13,121068,ICICI Prudential Fixed Maturity Plan-Series 66-368 Days Plan B - Direct Plan - Cumulative,10.9295
2014-02-13,121069,ICICI Prudential Fixed Maturity Plan-Series 66-368 Days Plan B - Direct Plan - Dividend,10.9295
2014-02-13,121070,ICICI Prudential Fixed Maturity Plan-Series 66-368 Days Plan B - Regular Plan - Dividend,10.9192
2014-02-13,121071,Reliance Fixed Horizon Fund - XXIII - Series 2 - Growth Option,10.9147
2014-02-13,121072,Reliance Fixed Horizon Fund - XXIII - Series 2 - Dividend Payout Option,10.9147
2014-02-13,121073,Reliance Fixed Horizon Fund - XXIII - Series 2 - Direct Plan - Growth Option,10.92
2014-02-13,121074,Reliance Fixed Horizon Fund - XXIII - Series 2 - Direct Plan - Dividend Payout Option,10.92
2014-02-13,121076,DWS Fixed Maturity Plan - Series 23 (DFMP - 23) - Dividend (Payout Option),10.9123
2014-02-13,121077,DWS Fixed Maturity Plan - Series 23 (DFMP - 23) - Growth,10.9123
2014-02-13,121080,Religare Invesco Fixed Maturity Plan - Series XVII - Plan A - Growth Option,10.8845
2014-02-13,121081,Religare Invesco Fixed Maturity Plan - Series XVII - Plan A - Direct Plan - Growth Option,10.8877
2014-02-13,121083,IDBI RGESS-Series-I(Plan A) Dividend-Regular,10.54
2014-02-13,121084,IDBI RGESS-Series-I(Plan A) Growth-Regular,10.54
2014-02-13,121085,IDBI RGESS-Series-I(Plan A) Dividend-Direct,10.58
2014-02-13,121086,IDBI RGESS-Series-I(Plan A) Growth-Direct,10.58
2014-02-13,121087,ICICI Prudential Capital Protection Oriented Fund III - PLAN F - 36 Months - Direct Plan - Cumulative,10.8713
2014-02-13,121088,ICICI Prudential Capital Protection Oriented Fund III - PLAN F - 36 Months - Direct Plan - Dividend,10.8713
2014-02-13,121089,ICICI Prudential Capital Protection Oriented Fund III - PLAN F - 36 Months - Cumulative,10.7419
2014-02-13,121090,ICICI Prudential Capital Protection Oriented Fund III - PLAN F - 36 Months - Dividend,10.7419
2014-02-13,121091,DSP BlackRock Dual Advantage Fund - Series 13 - 35M - Regular Plan - Dividend Payout Option (Maturity Date 04-Apr-2016),10.496
2014-02-13,121092,DSP BlackRock Dual Advantage Fund - Series 13 - 35M - Regular Plan - Growth Option (Maturity Date 04-Apr-2016),10.496
2014-02-13,121093,DSP BlackRock Dual Advantage Fund - Series 13 - 35M - Direct Plan - Dividend Payout Option (Maturity Date 04-Apr-2016),10.5582
2014-02-13,121094,DSP BlackRock Dual Advantage Fund - Series 13 - 35M - Direct Plan - Growth Option (Maturity Date 04-Apr-2016),10.5582
2014-02-13,121095,Reliance Dual Advantage Fixed Tenure Fund III - Plan A - Direct Plan - Growth Option,10.6653
2014-02-13,121096,Reliance Dual Advantage Fixed Tenure Fund III - Plan A - Direct Plan - Dividend Payout Option,10.6653
2014-02-13,121097,Reliance Dual Advantage Fixed Tenure Fund III - Plan A - Growth Option,10.5657
2014-02-13,121098,Reliance Dual Advantage Fixed Tenure Fund III - Plan A - Dividend Payout Option,10.5657
2014-02-13,121099,L&T FMP - VII (February419D A) - Dividend (payout) - Regular Plan,10.8557
2014-02-13,121100,L&T FMP - VII (February419D A) - Growth - Regular Plan,10.8557
2014-02-13,121101,L&T FMP - VII (February419D A) - Growth - Direct,10.9154
2014-02-13,121102,L&T FMP - VII (February419D A) - Dividend (payout) - Direct,10.9154
2014-02-13,121109,SBI BSE SENSEX ETF,204.2703
2014-02-13,121110,HDFC FMP 371D February 2013 (1)-Regular Option-Quarterly Dividend Option,10.1129
2014-02-13,121111,HDFC FMP 371D February 2013 (1)-Regular Option-Flexi Option,10.9036
2014-02-13,121112,HDFC FMP 371D February 2013 (1)-Direct Option-Growth Option,10.909
2014-02-13,121113,HDFC FMP 371D February 2013 (1)-Direct Option-Dividend Option,10.909
2014-02-13,121114,HDFC FMP 371D February 2013 (1)-Direct Option-Quarterly Dividend Option,10.1134
2014-02-13,121115,HDFC FMP 371D February 2013 (1)-Direct Option-Flexi Option,10.909
2014-02-13,121116,HDFC FMP 371D February 2013 (1)-Regular Option-Growth Option,10.9036
2014-02-13,121117,HDFC FMP 371D February 2013 (1)-Regular Option-Dividend Option,10.9036
2014-02-13,121118,HDFC FMP 372D February 2013 (1)-Regular Option-Growth Option,10.8924
2014-02-13,121119,HDFC FMP 372D February 2013 (1)-Regular Option-Flexi Option,10.8924
2014-02-13,121120,HDFC FMP 372D February 2013 (1)-Direct Option-Growth Option,10.8976
2014-02-13,121121,HDFC FMP 372D February 2013 (1)-Direct Option-Dividend Option,10.8976
2014-02-13,121122,HDFC FMP 372D February 2013 (1)-Direct Option-Quarterly Dividend Option,10.123
2014-02-13,121123,HDFC FMP 372D February 2013 (1)-Direct Option-Flexi Option,10.8976
2014-02-13,121124,HDFC FMP 372D February 2013 (1)-Regular Option-Dividend Option,10.8924
2014-02-13,121125,HDFC FMP 372D February 2013 (1)-Regular Option-Quarterly Dividend Option,10.1223
2014-02-13,121126,ICICI Prudential Interval Fund - Series VI - Annual Interval Plan - A - Direct Plan - Dividend,10.8996
2014-02-13,121127,ICICI Prudential Interval Fund - Series VI - Annual Interval Plan - A - Direct Plan - Cumulative,10.8996
2014-02-13,121129,ICICI Prudential Interval Fund - Series VI - Annual Interval Plan - A - Cumulative,10.8949
2014-02-13,121130,ICICI Prudential Fixed Maturity Plan-Series 66-407 Days Plan C - Regular Plan - Cumulative,10.906
2014-02-13,121131,ICICI Prudential Fixed Maturity Plan-Series 66-407 Days Plan C - Regular Plan - Dividend,10.906
2014-02-13,121132,ICICI Prudential Fixed Maturity Plan-Series 66-407 Days Plan C - Direct Plan - Dividend,10.9134
2014-02-13,121133,ICICI Prudential Fixed Maturity Plan-Series 66-407 Days Plan C - Direct Plan - Cumulative,10.9134
2014-02-13,121134,UTI-FMP-Yearly Series Feb 2013 - Dividend Option,10.1141
2014-02-13,121135,UTI-FMP-Yearly Series Feb 2013 - Dividend Option - Direct,10.1172
2014-02-13,121136,UTI-FMP-Yearly Series Feb 2013 - Growth Option,10.8806
2014-02-13,121137,UTI-FMP-Yearly Series Feb 2013 - Growth Option - Direct,10.9039
2014-02-13,121138,Religare Invesco Fixed Maturity Plan - Series XVII - Plan B - Dividend Payout Option,10.9017
2014-02-13,121139,Religare Invesco Fixed Maturity Plan - Series XVII - Plan B - Direct Plan - Growth,10.9179
2014-02-13,121140,Religare Invesco Fixed Maturity Plan - Series XVII - Plan B - Growth,10.9018
2014-02-13,121143,ICICI Prudential Capital Protection Oriented Fund III - PLAN G - 60 Months - Dividend,10.8105
2014-02-13,121144,ICICI Prudential Capital Protection Oriented Fund III - PLAN G - 60 Months - Direct Plan - Cumulative,10.9341
2014-02-13,121145,ICICI Prudential Capital Protection Oriented Fund III - PLAN G - 60 Months - Cumulative,10.8105
2014-02-13,121146,Nippon India ETF Nifty 100,59.1203
2014-02-13,121147,DSP BlackRock FMP - Series 86 -12M - Regular Plan - Growth Option,10.8901
2014-02-13,121148,DSP BlackRock FMP - Series 86 -12M - Regular Plan - Dividend Payout - Quarterly Payout,10.8901
2014-02-13,121149,DSP BlackRock FMP - Series 86 -12M - Direct Plan - Growth Option,10.8954
2014-02-13,121150,DSP BlackRock FMP - Series 86 -12M - Direct Plan - Dividend Payout - Regular Payout,10.8954
2014-02-13,121151,DSP BlackRock FMP - Series 86 -12M - Direct Plan - Dividend Payout - Quarterly Payout,10.8954
2014-02-13,121152,DSP BlackRock FMP - Series 86 -12M - Regular Plan - Dividend Payout - Regular Payout,10.8901
2014-02-13,121153,Indiabulls Income Fund - Direct Plan - Growth Option,10.1467
2014-02-13,121154,Indiabulls Income Fund - Direct Plan - Monthly Dividend Option,10.0133
2014-02-13,121155,Indiabulls Income Fund - Direct Plan - Quarterly Dividend Option,9.785
2014-02-13,121156,Indiabulls Income Fund - Direct Plan - Half Yearly Dividend Option,10.1195
2014-02-13,121157,Indiabulls Income Fund - Regular Plan - Half Yearly Dividend Option,10.0052
2014-02-13,121158,Indiabulls Income Fund - Regular Plan - Growth Option,10.026
2014-02-13,121159,Indiabulls Income Fund - Regular Plan - Monthly Dividend Option,9.8441
2014-02-13,121160,Indiabulls Income Fund - Regular Plan - Quarterly Dividend Option,9.9907
2014-02-13,121161,Kotak FMP Series 94 - Dividend,10.9032
2014-02-13,121162,Kotak FMP Series 94 - Direct - Growth,10.9086
2014-02-13,121163,Kotak FMP Series 94 - Growth,10.9032
2014-02-13,121164,Kotak FMP Series 94 - Direct - Dividend,10.9086
2014-02-13,121165,ICICI Prudential Fixed Maturity Plan-Series 66-366 Days Plan D - Direct Plan - Cumulative,10.8785
2014-02-13,121166,ICICI Prudential Fixed Maturity Plan-Series 66-366 Days Plan D - Direct Plan - Dividend,10.8785
2014-02-13,121167,ICICI Prudential Fixed Maturity Plan-Series 66-366 Days Plan D - Regular Plan - Cumulative,10.8702
2014-02-13,121168,ICICI Prudential Fixed Maturity Plan-Series 66-366 Days Plan D - Regular Plan - Dividend,10.8702
2014-02-13,121173,UTI- Rajiv Gandhi Equity Saving Scheme - Dividend Option,10.5386
2014-02-13,121174,UTI- Rajiv Gandhi Equity Saving Scheme - Dividend Option -DIRECT,10.5671
2014-02-13,121175,UTI- Rajiv Gandhi Equity Saving Scheme - Growth Option,10.5386
2014-02-13,121176,UTI- Rajiv Gandhi Equity Saving Scheme - Growth Option - DIRECT,10.5671
2014-02-13,121177,Reliance Yearly Interval Fund - Series 3 - Direct Plan - Growth Plan - Growth Option,10.904
2014-02-13,121178,Reliance Yearly Interval Fund - Series 3 - Dividend Plan - Dividend Option,10.8966
2014-02-13,121180,Reliance Yearly Interval Fund - Series 3 - Growth Plan - Growth Option,10.8966
2014-02-13,121181,UTI Quarterly Interval Fund - II - Direct Plan - IDCW,10.0179
2014-02-13,121182,UTI Quarterly Interval Fund - II - Direct Plan - Growth Option,15.4896
2014-02-13,121183,Sundaram Fixed Term Plan DD  - Direct - Dividend Payout,10.7907
2014-02-13,121184,Sundaram Fixed Term Plan DD  - Regular - Dividend Payout,10.7439
2014-02-13,121185,Sundaram Fixed Term Plan DD - Direct -  Growth,10.7908
2014-02-13,121186,Sundaram Fixed Term Plan DD - Regular - Growth,10.7439
2014-02-13,121187,Sundaram Fixed Term Plan DE  - Direct - Dividend Payout,10.9155
2014-02-13,121188,Sundaram Fixed Term Plan DE  - Regular - Dividend Payout,10.908
2014-02-13,121189,Sundaram Fixed Term Plan DE - Direct -  Growth,10.9155
2014-02-13,121190,Sundaram Fixed Term Plan DE - Regular - Growth,10.908
2014-02-13,121191,TFMP Series 42 Scheme A- Direct Plan - Growth Option,10.9039
2014-02-13,121192,TFMP Series 42 Scheme A- Direct Plan - Periodic Dividend Option,10.9039
2014-02-13,121193,TFMP Series 42 Scheme A- Plan A- Growth Option,10.8995
2014-02-13,121194,TFMP  Series 42 Scheme A- Plan A- Periodic Dividend Option,10.8995
2014-02-13,121196,IDBI FMP Series III 367 Days(Feb 2013)- A Direct Growth,10.9002
2014-02-13,121197,IDBI FMP Series III 367 Days(Feb 2013)- A Dividend,10.8691
2014-02-13,121198,IDBI FMP Series III 367 Days(Feb 2013)- A Growth,10.8691
2014-02-13,121199,ICICI Prudential Fixed Maturity Plan-Series 66-366 Days Plan F - Direct Plan - Cumulative,10.903
2014-02-13,121200,ICICI Prudential Fixed Maturity Plan-Series 66-366 Days Plan F - Regular Plan - Cumulative,10.8978
2014-02-13,121201,ICICI Prudential Fixed Maturity Plan-Series 66-366 Days Plan F - Regular Plan - Dividend,10.8978
2014-02-13,121202,ICICI Prudential Fixed Maturity Plan-Series 66-366 Days Plan F - Direct Plan - Dividend,10.903
2014-02-13,121203,IDFC FTP-Series 10(404 Days)- Regular Plan-Half Yearly Dividend,10.4568
2014-02-13,121204,IDFC FTP-Series 10(404 Days)- Direct Plan-Growth,10.9011
2014-02-13,121209,IDFC FTP-Series 10(404 Days)- Regular Plan-Growth,10.8955
2014-02-13,121211,IDFC FTP-Series 10(404 Days)- Regular Plan-Quarterly Dividend,10.252
2014-02-13,121213,ICICI Prudential Fixed Maturity Plan-Series 66-412 Days Plan E - Direct Plan - Cumulative,10.889
2014-02-13,121214,ICICI Prudential Fixed Maturity Plan-Series 66-412 Days Plan E - Regular Plan - Cumulative,10.8808
2014-02-13,121215,ICICI Prudential Fixed Maturity Plan-Series 66-412 Days Plan E - Regular Plan - Dividend,10.8808
2014-02-13,121221,DWS Fixed Maturity Plan - Series 23 (DFMP - 23) - Direct Plan - Growth,10.9144
2014-02-13,121223,DWS Fixed Maturity Plan - Series 24 (DFMP - 24) - Direct Plan - Growth,10.9117
2014-02-13,121224,DWS Fixed Maturity Plan - Series 24 (DFMP - 24) - Regular Plan - Dividend (Payout Option),10.9021
2014-02-13,121225,DWS Fixed Maturity Plan - Series 24 (DFMP - 24) - Direct Plan - Dividend (Payout Option),10.9117
2014-02-13,121226,DWS Fixed Maturity Plan - Series 24 (DFMP - 24) - Regular Plan - Growth,10.9021
2014-02-13,121233,Birla Sun Life Fixed Term Plan - Series GO (369 days) - Direct Plan-Normal Dividend,10.9104
2014-02-13,121234,Birla Sun Life Fixed Term Plan - Series GO (369 days) - Direct Plan-Growth,10.9101
2014-02-13,121235,Birla Sun Life Fixed Term Plan - Series GO (369 days) - Regular Plan-Normal Dividend,10.9052
2014-02-13,121237,Birla Sun Life Fixed Term Plan - Series GO (369 days) - Regular Plan-Growth,10.9052
2014-02-13,121238,Birla Sun Life Fixed Term Plan - Series GO (369 days) - Regular Plan-Quarterly Dividend,10.5411
2014-02-13,121247,DSP BlackRock FTP - Series 22 - 14M - Direct Plan - Dividend Payout Option,10.8895
2014-02-13,121248,DSP BlackRock FTP - Series 22 - 14M - Direct Plan - Growth Option,10.8895
2014-02-13,121249,DSP BlackRock FTP - Series 22 - 14M - Regular Plan - Growth Option,10.8843
2014-02-13,121250,DSP BlackRock FTP - Series 22 - 14M - Regular Plan - Dividend Payout Option,10.8843
2014-02-13,121251,LIC NOMURA MF RGESS FUND Series 1  Dividend Option,10.5802
2014-02-13,121252,LIC NOMURA MF RGESS FUND Series 1 Growth Option,10.5802
2014-02-13,121253,LIC NOMURA MF RGESS FUND Series 1 Direct Dividend Option,10.6286
2014-02-13,121254,LIC NOMURA MF RGESS FUND Series 1 Direct Growth Option,10.6286
2014-02-13,121255,LIC NOMURA MF FIXED MATURITY PLAN SERIES 54 - DIRECT PLAN -  DIVIDEND PAYOUT,10.9051
2014-02-13,121256,LIC NOMURA MF FIXED MATURITY PLAN SERIES 54 - DIVIDEND PAYOUT,10.8945
2014-02-13,121257,LIC NOMURA MF FIXED MATURITY PLAN SERIES 54 - DIRECT PLAN -  GROWTH,10.9053
2014-02-13,121258,LIC NOMURA MF FIXED MATURITY PLAN SERIES 54 - GROWTH,10.8924
2014-02-13,121259,L&T FMP - VII (July1189D A) - Dividend (payout) - Regular Plan,10.831
2014-02-13,121260,L&T FMP - VII (July1189D A) - Dividend (payout) - Direct Plan,10.8874
2014-02-13,121261,L&T FMP - VII (July1189D A) - Growth - Regular Plan,10.831
2014-02-13,121262,L&T FMP - VII (July1189D A) - Growth - Direct Plan,10.8874
2014-02-13,121263,HDFC Rajiv Gandhi Equity Savings Scheme - Series 1 - February 2013-Regular Plan-Growth Option,10.498
2014-02-13,121264,HDFC Rajiv Gandhi Equity Savings Scheme - Series 1 - February 2013-Regular Plan-Dividend Option,10.498
2014-02-13,121265,HDFC Rajiv Gandhi Equity Savings Scheme - Series 1 - February 2013-Direct Plan-Growth Option,10.544
2014-02-13,121266,HDFC Rajiv Gandhi Equity Savings Scheme - Series 1 - February 2013-Direct Plan-Dividend Option,10.544
2014-02-13,121267,DWS Banking and PSU Debt fund- Direct Plan- Monthly Dividend,10.1024
2014-02-13,121268,DWS Banking and PSU Debt fund- Direct Plan-Growth,10.7401
2014-02-13,121269,DWS Banking and PSU Debt fund - Monthly Dividend,10.084
2014-02-13,121270,DWS Banking and PSU Debt fund -Growth,10.6946
2014-02-13,121271,JPMorgan India Fixed Maturity Plan - Sr 14 - Regular Plan - Growth Option,10.5085
2014-02-13,121272,JPMorgan India Fixed Maturity Plan - Sr 14 - Regular Plan - Dividend Option,10.5085
2014-02-13,121273,JPMorgan India Fixed Maturity Plan - Sr 14 - Direct Plan - Growth Option,10.5214
2014-02-13,121274,JPMorgan India Fixed Maturity Plan - Sr 14 - Direct Plan - Dividend Option,10.5201
2014-02-13,121275,ICICI Prudential Fixed Maturity Plan-Series 66-407 Days Plan I - Direct Plan - Cumulative,10.8734
2014-02-13,121276,ICICI Prudential Fixed Maturity Plan-Series 66-407 Days Plan I - Direct Plan - Dividend,10.8734
2014-02-13,121277,ICICI Prudential Fixed Maturity Plan-Series 66-407 Days Plan I - Regular Plan - Cumulative,10.8652
2014-02-13,121278,ICICI Prudential Fixed Maturity Plan-Series 66-407 Days Plan I - Regular Plan - Dividend,10.8652
2014-02-13,121279,Bandhan Banking and PSU Fund - Direct Growth,10.8351
2014-02-13,121280,Bandhan Banking and PSU Fund - Regular Growth,10.8239
2014-02-13,121281,Bandhan Banking and PSU Fund - Direct IDCW,10.6184
2014-02-13,121282,Bandhan Banking and PSU Fund - Regular IDCW,10.6094
2014-02-13,121285,Reliance Yearly Interval Fund - Series 4 - Direct Plan - Dividend Plan - Dividend Option,10.8809
2014-02-13,121286,Reliance Yearly Interval Fund - Series 4 - Direct Plan - Growth Plan - Growth Option,10.8809
2014-02-13,121287,Reliance Yearly Interval Fund - Series 4 - Dividend Plan - Dividend Option,10.8757
2014-02-13,121288,Reliance Yearly Interval Fund - Series 4- Growth Plan - Growth Option,10.8757
2014-02-13,121289,ICICI Prudential Fixed Maturity Plan-Series 66-366 Days Plan H - Regular Plan - Cumulative,10.8582
2014-02-13,121290,ICICI Prudential Fixed Maturity Plan-Series 66-366 Days Plan H - Direct Plan - Cumulative,10.8697
2014-02-13,121291,ICICI Prudential Fixed Maturity Plan-Series 66-366 Days Plan H - Direct Plan - Dividend,10.8697
2014-02-13,121292,ICICI Prudential Fixed Maturity Plan-Series 66-366 Days Plan H - Regular Plan - Dividend,10.8582
2014-02-13,121293,DSP BlackRock FMP - Series 87 -12M - Direct Plan - Growth Option,10.8783
2014-02-13,121294,DSP BlackRock FMP - Series 87 -12M - Direct Plan - Dividend Payout - Quarterly Payout,10.8783
2014-02-13,121295,DSP BlackRock FMP - Series 87 -12M - Regular Plan -  Dividend Payout - Quarterly Payout,10.8681
2014-02-13,121296,DSP BlackRock FMP - Series 87 -12M - Regular Plan - Growth Option,10.8681
2014-02-13,121297,DSP BlackRock FMP - Series 87 -12M - Direct Plan - Dividend Payout - Regular Payout,10.8783
2014-02-13,121298,DSP BlackRock FMP - Series 87 -12M - Regular Plan - Dividend Payout - Regular Payout,10.8681
2014-02-13,121299,Kotak FMP Series 95 - Growth,10.9125
2014-02-13,121301,Kotak FMP Series 95 - Direct - Growth,10.9177
2014-02-13,121303,SBI DEBT FUND SERIES - 14 MONTHS - 1 - REGULAR PLAN - DIVIDEND,10.8757
2014-02-13,121304,SBI DEBT FUND SERIES - 14 MONTHS - 1 - REGULAR PLAN - GROWTH,10.8757
2014-02-13,121305,SBI DEBT FUND SERIES - 14 MONTHS - 1 - DIRECT PLAN - DIVIDEND,10.8863
2014-02-13,121306,SBI DEBT FUND SERIES - 14 MONTHS - 1 - DIRECT PLAN - GROWTH,10.8862
2014-02-13,121309,Birla Sun Life Fixed Term Plan - Series GQ (367 days)-Regular Plan-Growth,10.9
2014-02-13,121310,Birla Sun Life Fixed Term Plan - Series GQ (367 days)-Regular Plan-Quarterly Dividend,10.5458
2014-02-13,121311,Birla Sun Life Fixed Term Plan - Series GR (399 days)-Regular Plan-Growth,10.8754
2014-02-13,121316,Birla Sun Life Fixed Term Plan - Series GQ (367 days) - Regular Plan-Normal Dividend,10.9
2014-02-13,121317,Birla Sun Life Fixed Term Plan - Series GQ (367 days) - Direct Plan-Growth,10.9052
2014-02-13,121318,Birla Sun Life Fixed Term Plan - Series GQ (367 days) - Direct Plan-Normal Dividend,10.9052
2014-02-13,121319,Birla Sun Life Fixed Term Plan - Series GQ (367 days) - Direct Plan-Quarterly Dividend,10.55
2014-02-13,121320,Birla Sun Life Fixed Term Plan - Series GR (399 days) - Regular Plan-Normal Dividend,10.8753
2014-02-13,121321,Birla Sun Life Fixed Term Plan - Series GR (399 days) - Direct Plan-Quarterly Dividend,10.5415
2014-02-13,121322,Birla Sun Life Fixed Term Plan - Series GR (399 days) - Regular Plan-Quarterly Dividend,10.5342
2014-02-13,121323,Birla Sun Life Fixed Term Plan - Series GR (399 days) - Direct Plan-Normal Dividend,10.8843
2014-02-13,121324,Birla Sun Life Fixed Term Plan - Series GR (399 days) - Direct Plan-Growth,10.8842
2014-02-13,121325,Birla Sun Life Interval Income Fund - Annual Plan III-Direct Plan-Normal Dividend,10.8924
2014-02-13,121327,Birla Sun Life Interval Income Fund - Annual Plan III-Direct Plan-Growth,10.8924
2014-02-13,121329,Birla Sun Life Interval Income Fund - Annual Plan III-Regular Plan-Quarterly Dividend,10.5708
2014-02-13,121330,Birla Sun Life Interval Income Fund - Annual Plan III-Regular Plan-Growth,10.8877
2014-02-13,121347,Birla Sun Life Interval Income Fund - Annual Plan II-Regular Plan-Growth,10.9156
2014-02-13,121348,JPMorgan India Fixed Maturity Plan - Series 15 - Regular Plan - Growth Option,10.9032
2014-02-13,121350,JPMorgan India Fixed Maturity Plan - Series 15 - Direct Plan - Growth Option,10.9085
2014-02-13,121352,Aditya Birla Sun Life Rajiv Gandhi Equity Savings Scheme - Series 1 - Direct Plan - Dividend,10.72
2014-02-13,121354,Aditya Birla Sun Life Rajiv Gandhi Equity Savings Scheme - Series 1 - Direct Plan-Growth,10.65
2014-02-13,121356,Aditya Birla Sun Life Rajiv Gandhi Equity Savings Scheme - Series 1 - Regular Plan - Dividend,10.59
2014-02-13,121357,Aditya Birla Sun Life Rajiv Gandhi Equity Savings Scheme - Series 1 - Regular Plan-Growth,10.59
2014-02-13,121358,ICICI Prudential Fixed Maturity Plan-Series 66-405 Days Plan J - Direct Plan - Cumulative,10.8654
2014-02-13,121359,ICICI Prudential Fixed Maturity Plan-Series 66-405 Days Plan J - Direct Plan - Dividend,10.8654
2014-02-13,121360,ICICI Prudential Fixed Maturity Plan-Series 66-405 Days Plan J - Regular Plan - Dividend,10.8572
2014-02-13,121361,ICICI Prudential Fixed Maturity Plan-Series 66-405 Days Plan J - Regular Plan - Cumulative,10.8572
2014-02-13,121362,ICICI Prudential Interval Fund - Series VI - Annual Interval Plan - C - Direct Plan - Cumulative,10.8631
2014-02-13,121364,ICICI Prudential Interval Fund - Series VI - Annual Interval Plan - C - Cumulative,10.8541
2014-02-13,121366,ICICI Prudential Nifty 50 ETF,60.7676
2014-02-13,121368,JM Fixed Maturity Fund - Series XXIII - Plan A (JM FMF - XXIII - A) - Growth option,10.8682
2014-02-13,121369,JM Fixed Maturity Fund - Series XXIII - Plan A (JM FMF - XXIII - A) - (Direct) Growth option,10.8835
2014-02-13,121370,JM Fixed Maturity Fund - Series XXIII - Plan A (JM FMF - XXIII - A) - Dividend option,10.8682
2014-02-13,121371,IDFC FTP SERIES -11(397 Days) -Regular Plan-Growth,10.8769
2014-02-13,121378,IDFC FTP SERIES -11(397 Days) -Regular Plan-Haly Yearly Dividend,10.4598
2014-02-13,121380,IDFC FTP SERIES -11(397 Days) -Direct Plan-Growth,10.8824
2014-02-13,121381,IDFC FTP S 12(369 Days) -Regular Plan-Growth,10.8685
2014-02-13,121387,IDFC FTP S 12(369 Days) -Regular Plan-Quarterly Dividend,10.249
2014-02-13,121389,IDFC FTP S 12(369 Days) -Direct Plan-Growth,10.8736
2014-02-13,121391,Reliance Fixed Horizon Fund - XXIII - Series 3 - Direct Plan - Dividend Payout Option,10.8498
2014-02-13,121392,Reliance Fixed Horizon Fund - XXIII - Series 3 - Growth Option,10.8447
2014-02-13,121393,Reliance Fixed Horizon Fund - XXIII - Series 3 - Dividend Payout Option,10.8447
2014-02-13,121394,Reliance Fixed Horizon Fund - XXIII - Series 3 - Direct Plan - Growth Option,10.8498
2014-02-13,121396,SBI DEBT FUND SERIES - 366 DAYS - 22 - DIRECT PLAN - GROWTH,10.8962
2014-02-13,121397,SBI DEBT FUND SERIES - 366 DAYS - 22 - REGULAR PLAN - DIVIDEND,10.8857
2014-02-13,121398,SBI DEBT FUND SERIES - 366 DAYS - 22 - REGULAR PLAN - GROWTH,10.8857
2014-02-13,121399,DWS Hybrid Fixed Term Fund - Series 12 - Regular Plan - Dividend (Payout),10.5783
2014-02-13,121401,DWS Hybrid Fixed Term Fund - Series 12 - Direct Plan - Growth,10.6453
2014-02-13,121402,DWS Hybrid Fixed Term Fund - Series 12 - Regular Plan - Growth,10.5783
2014-02-13,121405,BNP Paribas Fixed Term Fund Series - 24 A - Growth Option,10.8686
2014-02-13,121406,BNP Paribas Fixed Term Fund Series - 24 A - Dividend Payout - Calender Quarterly,10.1537
2014-02-13,121407,BNP Paribas Fixed Term Fund Series - 24 A - Dividend Payout - Yearly,10.8703
2014-02-13,121409,BNP Paribas Fixed Term Fund Series - 24 A - Direct Plan - Growth Option,10.8764
2014-02-13,121412,UTI FIIF Quarterly Interval Plan III - Direct Plan - IDCW,10.222
2014-02-13,121413,UTI Fixed  Income Interval Fund ( Quarterly Interval Plan - III) - Direct Plan - Growth Option,17.0306
2014-02-13,121414,Reliance Fixed Horizon Fund - XXIII - Series 4 - Direct Plan - Growth Option,10.8604
2014-02-13,121415,Reliance Fixed Horizon Fund - XXIII - Series 4 - Dividend Payout Option,10.8555
2014-02-13,121416,Reliance Fixed Horizon Fund - XXIII - Series 4 - Growth Option,10.8555
2014-02-13,121417,Reliance Fixed Horizon Fund - XXIII - Series 4 - Direct Plan - Dividend Payout Option,10.8604
2014-02-13,121418,Reliance Fixed Horizon Fund - XXIII - Series 5 - Direct Plan - Dividend Payout Option,10.8451
2014-02-13,121419,Reliance Fixed Horizon Fund - XXIII - Series 5 - Growth Option,10.8402
2014-02-13,121420,Reliance Fixed Horizon Fund - XXIII - Series 5 - Dividend Payout Option,10.8402
2014-02-13,121421,Reliance Fixed Horizon Fund - XXIII - Series 5 - Direct Plan - Growth Option,10.8451
2014-02-13,121422,DSP BlackRock FMP - Series 88 -12.5M - Regular Plan - Growth Option,10.8407
2014-02-13,121423,DSP BlackRock FMP - Series 88 -12.5M - Direct Plan - Dividend Payout - Quarterly Payout,10.8507
2014-02-13,121424,DSP BlackRock FMP - Series 88 -12.5M - Regular Plan- Dividend Payout - Regular Payout,10.8407
2014-02-13,121425,DSP BlackRock FMP - Series 88 -12.5M - Direct Plan - Growth Option,10.8507
2014-02-13,121426,DSP BlackRock FMP - Series 88 -12.5M - Direct Plan - Dividend Payout - Regular Payout,10.8507
2014-02-13,121427,DSP BlackRock FMP - Series 88 -12.5M - Regular Plan - Dividend Payout - Quarterly Payout,10.8407
2014-02-13,121429,Religare Invesco Fixed Maturity Plan - Series XVII - Plan D (399 days) - Dividend Payout Option,10.8689
2014-02-13,121430,Religare Invesco Fixed Maturity Plan - Series XVII - Plan D (399 days) - Growth Option,10.8689
2014-02-13,121431,Religare Invesco Fixed Maturity Plan - Series XVII - Plan D (399 days) Direct Plan - Growth Option,10.8823
2014-02-13,121432,Kotak FMP Series 96 - Growth,10.8978
2014-02-13,121433,Kotak FMP Series 96 - Direct - Growth,10.903
2014-02-13,121434,Kotak FMP Series 96 - Dividend,10.8978
2014-02-13,121435,Kotak FMP Series 96 - Direct - Dividend,10.903
2014-02-13,121436,Taurus Fixed Maturity Plan Series Y-Regular Plan-Growth Option,10.8798
2014-02-13,121438,Taurus Fixed Maturity Plan Series Y-Direct Plan-Growth Option,10.8809
2014-02-13,121439,Taurus Fixed Maturity Plan Series Y-Direct Plan-Dividend Option,10.8809
2014-02-13,121440,ICICI Prudential Interval Fund - Series VI - Annual Interval Plan - D - Direct Plan - Cumulative,10.8204
2014-02-13,121441,ICICI Prudential Interval Fund - Series VI - Annual Interval Plan - D - Cumulative,10.8155
2014-02-13,121445,DWS Fixed Maturity Plan - Series 26 (DFMP - 26) - Direct Plan - Growth,10.8403
2014-02-13,121447,DWS Fixed Maturity Plan - Series 26 (DFMP - 26) - Regular Plan - Growth,10.8353
2014-02-13,121448,L&T FMP - VII (March13M A) - Dividend (Payout) - Regular Plan,10.876
2014-02-13,121449,L&T FMP - VII (March13M A) - Growth - Direct Plan,10.8811
2014-02-13,121450,L&T FMP - VII (March13M A) - Dividend (Payout) - Direct Plan,10.8811
2014-02-13,121451,L&T FMP - VII (March13M A) - Growth - Regular Plan,10.876
2014-02-13,121462,Axis Fixed Term Plan - Series 34 (392 days) - Regular Plan - Growth,10.8445
2014-02-13,121463,Axis Fixed Term Plan - Series 34 (392 days) - Regular Plan - Dividend,10.8444
2014-02-13,121464,Axis Fixed Term Plan - Series 34 (392 days) - Regular Plan - Quarterly Dividend,10.3263
2014-02-13,121465,Axis Fixed Term Plan - Series 34 (392 days) - Direct Plan - Growth,10.8497
2014-02-13,121469,SBI DEBT FUND SERIES - 13 MONTHS - 14 - DIRECT PLAN - GROWTH,10.8607
2014-02-13,121470,SBI DEBT FUND SERIES - 13 MONTHS - 14 - REGULAR PLAN - DIVIDEND,10.8505
2014-02-13,121471,SBI DEBT FUND SERIES - 13 MONTHS - 14 - REGULAR PLAN - GROWTH,10.8505
2014-02-13,121473,IDFC FTP S- 13(371 Days) -Regular Plan-Quarterly Dividend,10.2645
2014-02-13,121477,IDFC FTP S- 13(371 Days) -Direct Plan-Growth,10.8398
2014-02-13,121479,IDFC FTP S- 13(371 Days) -Regular Plan-Growth,10.8347
2014-02-13,121484,IDFC FTP S-14(399 Days) -Regular Plan-Half Yearly Dividend,10.4599
2014-02-13,121485,IDFC FTP S-14(399 Days) -Direct Plan-Growth,10.8466
2014-02-13,121491,IDFC FTP S-14(399 Days) -Regular Plan-Growth,10.8414
2014-02-13,121492,Birla Sun Life Fixed Term Plan - Series GS (395 days) - Direct Plan-Normal Dividend,10.8702
2014-02-13,121493,Birla Sun Life Fixed Term Plan - Series GS (395 days) - Direct Plan-Growth,10.8702
2014-02-13,121494,Birla Sun Life Fixed Term Plan - Series GS (395 days) - Regular Plan-Normal Dividend,10.8611
2014-02-13,121495,Birla Sun Life Fixed Term Plan - Series GS (395 days) - Regular Plan-Growth,10.8612
2014-02-13,121496,Birla Sun Life Fixed Term Plan - Series GS (395 days) - Regular Plan-Quarterly Dividend,10.5482
2014-02-13,121497,Birla Sun Life Fixed Term Plan - Series GS (395 days) - Direct Plan-Quarterly Dividend,10.5558
2014-02-13,121498,ICICI Prudential Fixed Maturity Plan-Series 66-405 Days Plan K - Direct Plan - Dividend,10.8526
2014-02-13,121499,ICICI Prudential Fixed Maturity Plan-Series 66-405 Days Plan K - Direct Plan - Cumulative,10.8526
2014-02-13,121500,ICICI Prudential Fixed Maturity Plan-Series 66-405 Days Plan K - Regular Plan - Cumulative,10.8444
2014-02-13,121501,ICICI Prudential Fixed Maturity Plan-Series 66-405 Days Plan K - Regular Plan - Dividend,10.8444
2014-02-13,121502,BNP Paribas Fixed Term Fund Series - 25 A - Direct Plan - Dividend Payout - On Maturity,10.8583
2014-02-13,121504,BNP Paribas Fixed Term Fund Series - 25 A - Direct Plan - Growth Option,10.8583
2014-02-13,121505,BNP Paribas Fixed Term Fund Series - 25 A - Dividend Payout - Calender Quarterly,10.1558
2014-02-13,121506,BNP Paribas Fixed Term Fund Series - 25 A - Dividend Payout - On Maturity,10.8378
2014-02-13,121508,BNP Paribas Fixed Term Fund Series - 25 A - Growth Option,10.8398
2014-02-13,121510,ICICI Prudential Multiple Yield Fund - Series 3 - Plan A - Direct Plan - Cumulative,11.0528
2014-02-13,121511,ICICI Prudential Multiple Yield Fund - Series 3 - Plan A -Dividend,10.8474
2014-02-13,121512,ICICI Prudential Multiple Yield Fund - Series 3 - Plan A - Direct Plan - Dividend,10.9473
2014-02-13,121513,ICICI Prudential Multiple Yield Fund - Series 3 - Plan A - Cumulative,10.9518
2014-02-13,121514,DSP BlackRock FMP - Series 89 -12M - Regular Plan - Growth Option,10.8059
2014-02-13,121515,DSP BlackRock FMP - Series 89 -12M - Regular Plan - Dividend Payout - Quarterly Payout,10.8059
2014-02-13,121516,DSP BlackRock FMP - Series 89 -12M - Regular Plan- Dividend Payout - Regular Payout,10.8059
2014-02-13,121517,DSP BlackRock FMP - Series 89 -12M - Direct Plan - Growth Option,10.8157
2014-02-13,121518,DSP BlackRock FMP - Series 89 -12M - Direct Plan - Dividend Payout - Quarterly Payout,10.8157
2014-02-13,121519,DSP BlackRock FMP - Series 89 -12M - Direct Plan- Dividend Payout - Regular Payout,10.8157
2014-02-13,121528,Tata FMP Series 42 Scheme H- Plan A -Growth Option,10.8802
2014-02-13,121529,Tata FMP Series 42 Scheme H- Plan A -Periodic Dividend,10.8802
2014-02-13,121530,Tata FMP Series 42 Scheme H- Direct Plan -Growth Option,10.8854
2014-02-13,121531,Tata FMP Series 42 Scheme H- Direct Plan -Periodic Dividend Option,10.885
2014-02-13,121532,Religare Invesco Fixed Maturity Plan - Series XVII - Plan E (369 Days) - Dividend Payout,10.8676
2014-02-13,121533,Religare Invesco Fixed Maturity Plan - Series XVII - Plan E (369 Days) - Growth,10.8676
2014-02-13,121535,Religare Invesco Fixed Maturity Plan - Series XVII - Plan E (369 Days) - Direct Plan - Growth,10.8727
2014-02-13,121536,HDFC Annual Interval Fund - Series I - Plan A-Regular Option-Growth Option,10.8727
2014-02-13,121537,HDFC Annual Interval Fund - Series I - Plan A-Regular Option-Dividend Option,10.8727
2014-02-13,121538,HDFC Annual Interval Fund - Series I - Plan A-Regular Option-Quarterly Dividend Option,10.0
2014-02-13,121540,HDFC Annual Interval Fund - Series I - Plan A-Regular Option-Flexi Option,10.0
2014-02-13,121541,HDFC Annual Interval Fund - Series I - Plan A-Direct Option-Growth Option,10.8778
2014-02-13,121542,HDFC Annual Interval Fund - Series I - Plan A-Direct Option-Quarterly Dividend Option,10.0
2014-02-13,121544,HDFC Annual Interval Fund - Series I - Plan A-Direct Option-Flexi Option,10.0
2014-02-13,121545,HDFC Annual Interval Fund - Series I - Plan A-Direct Option-Dividend Option,10.8778
2014-02-13,121546,HDFC Annual Interval Fund - Series I - Plan B-Regular Option-Growth Option,10.827
2014-02-13,121547,HDFC Annual Interval Fund - Series I - Plan B-Regular Option-Dividend Option,10.827
2014-02-13,121549,HDFC Annual Interval Fund - Series I - Plan B-Direct Option-Flexi Option,10.832
2014-02-13,121550,HDFC Annual Interval Fund - Series I - Plan B-Regular Option-Quarterly Dividend Option,10.0
2014-02-13,121552,HDFC Annual Interval Fund - Series I - Plan B-Direct Option-Growth Option,10.832
2014-02-13,121553,HDFC Annual Interval Fund - Series I - Plan B-Direct Option-Dividend Option,10.832
2014-02-13,121554,HDFC Annual Interval Fund - Series I - Plan B-Direct Option-Quarterly Dividend Option,10.1174
2014-02-13,121555,HDFC Annual Interval Fund - Series I - Plan B-Regular Option-Flexi Option,10.0
2014-02-13,121556,HDFC FMP 398D March 2013 (1)-Regular Option-Growth Option,10.8348
2014-02-13,121557,HDFC FMP 398D March 2013 (1)-Regular Option-Dividend Option,10.8348
2014-02-13,121559,HDFC FMP 398D March 2013 (1)-Regular Option-Flexi Option,10.8348
2014-02-13,121560,HDFC FMP 398D March 2013 (1)-Direct Option-Quarterly Dividend Option,10.1112
2014-02-13,121561,HDFC FMP 398D March 2013 (1)-Direct Option-Flexi Option,10.8399
2014-02-13,121562,HDFC FMP 398D March 2013 (1)-Direct Option-Growth Option,10.8399
2014-02-13,121563,HDFC FMP 398D March 2013 (1)-Direct Option-Dividend Option,10.8399
2014-02-13,121564,HDFC FMP 400D March 2013 (1)-Regular Option-Growth Option,10.8389
2014-02-13,121565,HDFC FMP 400D March 2013 (1)-Regular Option-Dividend Option,10.8389
2014-02-13,121566,HDFC FMP 400D March 2013 (1)-Regular Option-Quarterly Dividend Option,10.1154
2014-02-13,121567,HDFC FMP 400D March 2013 (1)-Regular Option-Flexi Option,10.8389
2014-02-13,121568,HDFC FMP 400D March 2013 (1)-Direct Option-Growth Option,10.844
2014-02-13,121570,HDFC FMP 400D March 2013 (1)-Direct Option-Quarterly Dividend Option,10.1161
2014-02-13,121572,HDFC FMP 384D March 2013 (1)-Regular Option-Growth Option,10.7634
2014-02-13,121573,HDFC FMP 384D March 2013 (1)-Regular Option-Dividend Option,10.7634
2014-02-13,121574,HDFC FMP 384D March 2013 (1)-Regular Option-Quarterly Dividend Option,10.114
2014-02-13,121575,HDFC FMP 384D March 2013 (1)-Regular Option-Flexi Option,10.7634
2014-02-13,121576,HDFC FMP 384D March 2013 (1)-Direct Option-Growth Option,10.7682
2014-02-13,121577,HDFC FMP 384D March 2013 (1)-Direct Option-Dividend Option,10.7682
2014-02-13,121578,HDFC FMP 384D March 2013 (1)-Direct Option-Quarterly Dividend Option,10.1148
2014-02-13,121579,HDFC FMP 384D March 2013 (1)-Direct Option-Flexi Option,10.7682
2014-02-13,121580,IDBI FMP Series III 385 Days(Mar 2013)- B Growth Regular,10.8264
2014-02-13,121581,IDBI FMP Series III 385 Days(Mar 2013)- B Growth Direct,10.8308
2014-02-13,121582,IDBI FMP Series III 385 Days(Mar 2013)- B Dividend Regular,10.8264
2014-02-13,121583,IDBI FMP Series III 385 Days(Mar 2013)- B Dividend Direct,10.8308
2014-02-13,121586,UTI FTIF Series XIV -II (366 DAYS) - Growth Option,10.8965
2014-02-13,121587,UTI FTIF Series XIV -II (366 DAYS) - Annual Dividend Option,10.8022
2014-02-13,121588,UTI FTIF Series XIV -II (366 DAYS) - Growth Option - DIRECT,10.9018
2014-02-13,121590,UTI FTIF Series XIV -II (366 DAYS) - Quarterly Dividend Option - DIRECT,10.1171
2014-02-13,121591,UTI FTIF Series XIV -II (366 DAYS) - Maturity Dividend Option - DIRECT,10.9019
2014-02-13,121592,UTI FTIF Series XIV -II (366 DAYS) - Quarterly Dividend Option,10.1207
2014-02-13,121593,UTI FTIF Series XIV -II (366 DAYS) - Maturity Dividend Option,10.8965
2014-02-13,121594,UTI FTIF Series XIV -III (407 DAYS) - Growth Option - DIRECT,10.8922
2014-02-13,121598,UTI FTIF Series XIV -III (407 DAYS) - Growth Option,10.8869
2014-02-13,121599,UTI FTIF Series XIV -III (407 DAYS)) - Quarterly Dividend Option - DIRECT,10.1172
2014-02-13,121600,UTI FTIF Series XIV -III (407 DAYS) - Annual Dividend Option,10.8166
2014-02-13,121601,UTI FTIF Series XIV -III (407 DAYS) - Maturity Dividend Option,10.8869
2014-02-13,121602,UTI FTIF Series XIV -IV (408 DAYS)- Annual Dividend Option,10.8279
2014-02-13,121604,UTI FTIF Series XIV -IV (408 DAYS)- Quarterly Dividend Option - DIRECT,10.1206
2014-02-13,121605,UTI FTIF Series XIV -IV (408 DAYS) - Growth Option,10.8881
2014-02-13,121606,UTI FTIF Series XIV -IV (408 DAYS)- Growth Option - DIRECT,10.8933
2014-02-13,121607,UTI FTIF Series XIV -IV (408 DAYS)- Annual Dividend Option - DIRECT,10.8321
2014-02-13,121608,UTI FTIF Series XIV -IV (408 DAYS) - Quarterly Dividend Option,10.1202
2014-02-13,121609,UTI FTIF Series XIV -IV (408 DAYS)- Maturity Dividend Option,10.8881
2014-02-13,121610,L&T FMP - VII (August1095D A) - Regular Plan - Dividend,10.6969
2014-02-13,121611,L&T FMP - VII (August1095D A) - Direct Plan - Growth,10.7168
2014-02-13,121612,L&T FMP - VII (August1095D A) - Dividend (Payout) - Direct Plan,10.7168
2014-02-13,121613,L&T FMP - VII (August1095D A) - Regular Plan - Growth,10.6969
2014-02-13,121614,Religare Invesco Fixed Maturity Plan - Series XVII - Plan F (392 days) - Dividend Payout Option,10.8445
2014-02-13,121615,Religare Invesco Fixed Maturity Plan - Series XVII - Plan F (392 days) - Growth Option,10.8445
2014-02-13,121617,Religare Invesco Fixed Maturity Plan - Series XVII - Plan F (392 days) - Direct Plan - Growth Option,10.8546
2014-02-13,121618,Religare Invesco Fixed Maturity Plan - Series XVIII - Plan A (369 days) - Growth Option,10.8318
2014-02-13,121620,Religare Invesco Fixed Maturity Plan - Series XVIII - Plan A (369 days) - Direct Plan - Growth Option,10.8388
2014-02-13,121621,Religare Invesco Fixed Maturity Plan - Series XVIII - Plan A (369 days) - Dividend Payout Option,10.8323
2014-02-13,121622,Morgan Stanley Gilt Fund - Regular Growth,10.2442
2014-02-13,121623,Morgan Stanley Gilt Fund - Regular Quarterly Dividend,10.0028
2014-02-13,121624,Morgan Stanley Gilt Fund - Direct Growth,10.3175
2014-02-13,121625,Morgan Stanley Gilt Fund - Direct Quarterly Dividend,10.0752
2014-02-13,121626,Kotak FMP Series 97 - Direct - Growth,10.8628
2014-02-13,121628,Kotak FMP Series 97 - Growth,10.8578
2014-02-13,121629,Kotak FMP Series 97 - Dividend,10.8578
2014-02-13,121630,JPMorgan India Fixed Maturity Plan - Series 16 - Regular Plan - Growth Option,10.8357
2014-02-13,121631,JPMorgan India Fixed Maturity Plan - Series 16 - Direct Plan - Growth Option,10.8406
2014-02-13,121632,JPMorgan India Fixed Maturity Plan - Series 16 - Direct Plan - Dividend Option,10.8405
2014-02-13,121634,JPMorgan India Hybrid Fund - Series 2 - Regular Plan - Dividend Option,10.7279
2014-02-13,121635,JPMorgan India Hybrid Fund - Series 2 - Direct Plan - Growth Option,10.862
2014-02-13,121636,JPMorgan India Hybrid Fund - Series 2 - Direct Plan - Dividend Option,10.8618
2014-02-13,121637,JPMorgan India Hybrid Fund - Series 2 - Regular Plan - Growth Option,10.7279
2014-02-13,121642,IDBI FMP Series III 385 Days(March 2013)- C Growth Regular,10.7808
2014-02-13,121643,IDBI FMP Series III 385 Days(March 2013)- C Dividend Regular,10.7808
2014-02-13,121644,IDBI FMP Series III 385 Days(March 2013)- C Growth Direct,10.8168
2014-02-13,121645,DWS Fixed Maturity Plan - Series 27 (DFMP - 27) - Direct Plan - Dividend (Payout),10.7966
2014-02-13,121646,DWS Fixed Maturity Plan - Series 27 (DFMP - 27) - Regular Plan -Growth,10.7917
2014-02-13,121647,DWS Fixed Maturity Plan - Series 27 (DFMP - 27) - Direct Plan -Growth,10.7966
2014-02-13,121648,DWS Fixed Maturity Plan - Series 27 (DFMP - 27) - Regular Plan - Dividend (Payout ),10.7917
2014-02-13,121649,IDBI FMP Series III 385 Days(March 2013)- C Dividend Direct,10.8168
2014-02-13,121651,Pramerica Fixed Duration Fund - Series 5 - Regular Plan - Growth,1086.4347
2014-02-13,121655,Pramerica Fixed Duration Fund - Series 5 - Direct Plan - Growth Option,1087.4353
2014-02-13,121656,Pramerica Fixed Duration Fund - Series 5 - Regular Plan - Dividend Option,1086.4779
2014-02-13,121657,Baroda Pioneer Fixed Maturity Plan- Series A- Plan A- Growth Option,10.8742
2014-02-13,121658,Baroda Pioneer Fixed Maturity Plan- Series A- Plan A- Dividend Payout Option,10.8742
2014-02-13,121659,Baroda Pioneer Fixed Maturity Plan- Series A- Plan B (Direct)- Growth Option,10.8833
2014-02-13,121660,Baroda Pioneer Fixed Maturity Plan- Series A- Plan B (Direct)- Dividend Payout Option,10.8833
2014-02-13,121661,SAHARA INTERVAL FUND QUARTERLY PLAN-SERIES 1 DIVIDEND OPTION - Direct,15.078
2014-02-13,121662,SAHARA INTERVAL FUND QUARTERLY PLAN-SERIES 1 GROWTH Option - Direct,15.0808
2014-02-13,121663,Tata FMP Series 42 Scheme B- Direct Plan -Growth Option,10.8446
2014-02-13,121665,Tata FMP Series 42 Scheme B- Plan A -Growth Option,10.8396
2014-02-13,121666,Tata FMP Series 42 Scheme B- Plan A -Periodic Dividend,10.84
2014-02-13,121677,IDFC FTP - S 16(397 Days)- Regular Plan-Growth,10.7781
2014-02-13,121678,IDFC FTP - S 16(397 Days)- Regular Plan-Quarterly Dividend,10.2695
2014-02-13,121679,IDFC FTP - S 16(397 Days)- Regular Plan-Half Yearly Dividend,10.4528
2014-02-13,121680,IDFC FTP - S 16(397 Days)- Regular Plan-Periodic Dividend,10.6409
2014-02-13,121681,IDFC FTP - S 16(397 Days)- Direct Plan-Growth,10.7878
2014-02-13,121687,Tata FMP Series 42 Scheme C- Plan A -Growth Option,10.7866
2014-02-13,121688,Tata FMP Series 42 Scheme C- Plan A -Periodic Dividend,10.7867
2014-02-13,121689,Tata FMP Series 42 Scheme C- Direct Plan -Growth Option,10.7924
2014-02-13,121691,Tata FMP Series 42 Scheme F- Plan A -Periodic Dividend,10.8207
2014-02-13,121692,Tata FMP Series 42 Scheme F- Plan A -Growth Option,10.8207
2014-02-13,121693,Tata FMP Series 42 Scheme F- Direct Plan -Growth Option,10.8274
2014-02-13,121694,Tata FMP Series 42 Scheme F- Direct Plan -Periodic Dividend Option,10.8274
2014-02-13,121695,SBI DEBT FUND SERIES - 13 MONTHS - 15 - DIRECT PLAN - DIVIDEND,10.8348
2014-02-13,121696,SBI DEBT FUND SERIES - 13 MONTHS - 15 - REGULAR PLAN - DIVIDEND,10.8297
2014-02-13,121697,SBI DEBT FUND SERIES - 13 MONTHS - 15 - REGULAR PLAN - GROWTH,10.8304
2014-02-13,121698,SBI DEBT FUND SERIES - 13 MONTHS - 15- DIRECT PLAN - GROWTH,10.8348
2014-02-13,121699,Reliance Yearly Interval Fund - Series 5 - Growth Plan - Growth Option,10.7895
2014-02-13,121701,Reliance Yearly Interval Fund - Series 5 - Direct Plan - Growth Plan - Growth Option,10.7944
2014-02-13,121704,ICICI Prudential Fixed Maturity Plan-Series 66-404 Days Plan L - Regular Plan - Cumulative,10.8165
2014-02-13,121705,ICICI Prudential Fixed Maturity Plan-Series 66-404 Days Plan L - Regular Plan - Dividend,10.8165
2014-02-13,121706,ICICI Prudential Fixed Maturity Plan-Series 66-404 Days Plan L - Direct Plan - Cumulative,10.8247
2014-02-13,121711,DSP BlackRock FMP - Series 90 -12M - Regular Plan - Growth Option,10.7848
2014-02-13,121712,DSP BlackRock FMP - Series 90 -12M - Regular Plan - Dividend Payout - Quarterly Payout,10.7848
2014-02-13,121713,DSP BlackRock FMP - Series 90 -12M - Regular Plan- Dividend Payout - Regular Payout,10.7848
2014-02-13,121714,DSP BlackRock FMP - Series 90 -12M - Direct Plan - Growth Option,10.7945
2014-02-13,121716,DSP BlackRock FMP - Series 90 -12M - Direct Plan- Dividend Payout - Regular Payout,10.7945
2014-02-13,121717,ICICI Prudential Fixed Maturity Plan-Series 67-378 Days Plan A - Direct Plan - Cumulative,10.7861
2014-02-13,121718,ICICI Prudential Fixed Maturity Plan-Series 67-378 Days Plan A - Direct Plan - Dividend,10.7861
2014-02-13,121719,ICICI Prudential Fixed Maturity Plan-Series 67-378 Days Plan A - Regular Plan - Cumulative,10.778
2014-02-13,121720,ICICI Prudential Fixed Maturity Plan-Series 67-378 Days Plan A - Regular Plan - Dividend,10.778
2014-02-13,121721,UTI Quarterly Interval Fund - III -Direct Plan - IDCW,10.1881
2014-02-13,121722,UTI Quarterly Interval Fund - III -Direct Plan - Growth Option,15.6159
2014-02-13,121723,ICICI Prudential Fixed Maturity Plan-Series 67-366 Days Plan B - Direct Plan - Cumulative,10.796
2014-02-13,121724,ICICI Prudential Fixed Maturity Plan-Series 67-366 Days Plan B - Direct Plan - Dividend,10.796
2014-02-13,121725,ICICI Prudential Fixed Maturity Plan-Series 67-366 Days Plan B - Regular Plan - Cumulative,10.7862
2014-02-13,121726,ICICI Prudential Fixed Maturity Plan-Series 67-366 Days Plan B - Regular Plan - Dividend,10.7862
2014-02-13,121727,Reliance Fixed Horizon Fund - XXIII - Series 6 - Growth Option,10.7697
2014-02-13,121729,Reliance Fixed Horizon Fund - XXIII - Series 6 - Direct Plan - Growth Option,10.7745
2014-02-13,121730,Reliance Fixed Horizon Fund - XXIII - Series 6 - Direct Plan - Dividend Payout Option,10.7745
2014-02-13,121731,ICICI Prudential Fixed Maturity Plan-Series 67-371 Days Plan C - Direct Plan - Cumulative,10.7651
2014-02-13,121732,ICICI Prudential Fixed Maturity Plan-Series 67-371 Days Plan C - Direct Plan - Dividend,10.7651
2014-02-13,121733,ICICI Prudential Fixed Maturity Plan-Series 67-371 Days Plan C - Regular Plan - Cumulative,10.757
2014-02-13,121734,ICICI Prudential Fixed Maturity Plan-Series 67-371 Days Plan C - Regular Plan - Dividend,10.757
2014-02-13,121735,L&T FMP - VII (March367D A)- Dividend Payout - Regular Plan,10.8455
2014-02-13,121736,L&T FMP - VII (March367D A)- Dividend Payout - Direct Plan,10.8506
2014-02-13,121737,L&T FMP - VII (March367D A) - Growth - Regular Plan,10.8455
2014-02-13,121738,L&T FMP - VII (March367D A) - Growth - Direct plan,10.8506
2014-02-13,121739,BOI AXA Fixed Maturity Plan- Series 1 - Regular Plan- Dividend,10.8454
2014-02-13,121740,BOI AXA Fixed Maturity Plan- Series 1 - Direct Plan- Growth,10.8508
2014-02-13,121741,BOI AXA Fixed Maturity Plan- Series 1 - Regular Plan- Growth,10.8454
2014-02-13,121743,LIC NOMURA MF FIXED MATURITY PLAN SERIES 58 - DIRECT PLAN - DIVIDEND PAYOUT,10.8133
2014-02-13,121744,LIC NOMURA MF FIXED MATURITY PLAN SERIES 58 - DIRECT PLAN - GROWTH,10.8133
2014-02-13,121745,LIC NOMURA MF FIXED MATURITY PLAN SERIES 58 - DIVIDEND PAYOUT,10.7983
2014-02-13,121746,LIC NOMURA MF FIXED MATURITY PLAN SERIES 58 - GROWTH,10.7983
2014-02-13,121748,DWS Hybrid Fixed Term Fund - Series 13 - Regular Plan - Dividend (Payout),10.2032
2014-02-13,121749,DWS Hybrid Fixed Term Fund - Series 13 - Regular Plan - Growth,10.2033
2014-02-13,121750,DWS Hybrid Fixed Term Fund - Series 13 - Direct Plan - Growth,10.303
2014-02-13,121751,Reliance Fixed Horizon Fund - XXIII - Series 7 - Growth Option,10.7864
2014-02-13,121752,Reliance Fixed Horizon Fund - XXIII - Series 7 - Dividend Payout Option,10.7864
2014-02-13,121753,Reliance Fixed Horizon Fund - XXIII - Series 7 - Direct Plan - Growth Option,10.7913
2014-02-13,121755,Reliance Fixed Horizon Fund - XXIII - Series 8 - Direct Plan - Growth Option,10.6643
2014-02-13,121756,Reliance Fixed Horizon Fund - XXIII - Series 8 - Dividend Payout Option,10.6516
2014-02-13,121757,Reliance Fixed Horizon Fund - XXIII - Series 8 - Direct Plan - Dividend Payout Option,10.6643
2014-02-13,121758,Reliance Fixed Horizon Fund - XXIII - Series 8 - Growth Option,10.6516
2014-02-13,121759,Birla Sun Life Fixed Term Plan - Series HD (366 days) - Direct Plan-Normal Dividend,10.8329
2014-02-13,121760,Birla Sun Life Fixed Term Plan - Series HD (366 days) - Regular Plan-Normal Dividend,10.8229
2014-02-13,121761,Birla Sun Life Fixed Term Plan - Series HD (366 days) - Regular Plan-Growth,10.8229
2014-02-13,121762,Birla Sun Life Fixed Term Plan - Series HD (366 days) - Direct Plan-Growth,10.8329
2014-02-13,121765,Birla Sun Life Fixed Term Plan - Series HE (386 days) - Direct Plan-Normal Dividend,10.7881
2014-02-13,121767,Birla Sun Life Fixed Term Plan - Series HE (386 days) - Direct Plan-Growth,10.8049
2014-02-13,121768,Birla Sun Life Fixed Term Plan - Series HE (386 days) - Regular Plan-Normal Dividend,10.8024
2014-02-13,121770,Birla Sun Life Fixed Term Plan - Series HE (386 days) - Regular Plan-Growth,10.7954
2014-02-13,121771,Taurus Fixed Maturity Plan Series Z-Regular Plan-Growth Option,10.8017
2014-02-13,121772,Taurus Fixed Maturity Plan Series Z-Regular Plan-Dividend Option,10.8017
2014-02-13,121773,Taurus Fixed Maturity Plan Series Z-Direct Plan-Growth Option,10.8026
2014-02-13,121774,Taurus Fixed Maturity Plan Series Z-Direct Plan-Dividend Option,10.8026
2014-02-13,121777,BNP Paribas Fixed Term Fund Series - 25 B - Dividend Payout - On Maturity,10.7628
2014-02-13,121780,BNP Paribas Fixed Term Fund Series - 25 B - Direct Plan - Growth Option,10.7813
2014-02-13,121782,BNP Paribas Fixed Term Fund Series - 25 B - Growth Option,10.7628
2014-02-13,121785,IDFC FTP -S 17(366 Days)- Regular Plan-Half yearly Dividend,10.4737
2014-02-13,121786,IDFC FTP -S 17(366 Days)- Regular Plan-Periodic Dividend,10.6429
2014-02-13,121787,IDFC FTP -S 17(366 Days)- Direct Plan-Growth,10.7765
2014-02-13,121790,IDFC FTP -S 17(366 Days)- Regular Plan-Growth,10.767
2014-02-13,121793,ICICI Prudential Capital Protection Oriented Fund III - PLAN H - 60 Months - Direct Plan - Dividend,10.8604
2014-02-13,121794,ICICI Prudential Capital Protection Oriented Fund III - PLAN H - 60 Months - Direct Plan - Cumulative,10.8604
2014-02-13,121795,ICICI Prudential Capital Protection Oriented Fund III - PLAN H - 60 Months - Cumulative,10.7637
2014-02-13,121796,ICICI Prudential Capital Protection Oriented Fund III - PLAN H - 60 Months - Dividend,10.7637
2014-02-13,121797,Birla Sun Life Fixed Term Plan - Series HF (385 days) - Direct Plan-Normal Dividend,10.8022
2014-02-13,121798,Birla Sun Life Fixed Term Plan - Series HF (385 days) - Direct Plan-Quarterly Dividend,10.5431
2014-02-13,121799,Birla Sun Life Fixed Term Plan - Series HF (385 days) - Direct Plan-Growth,10.8023
2014-02-13,121800,Birla Sun Life Fixed Term Plan - Series HF (385 days) - Regular Plan-Normal Dividend,10.7928
2014-02-13,121801,Birla Sun Life Fixed Term Plan - Series HF (385 days) - Regular Plan-Quarterly Dividend,10.5351
2014-02-13,121802,Birla Sun Life Fixed Term Plan - Series HF (385 days) - Regular Plan-Growth,10.7928
2014-02-13,121809,Birla Sun Life Fixed Term Plan - Series HG (381 days) - Direct Plan-Normal Dividend,10.7967
2014-02-13,121811,Birla Sun Life Fixed Term Plan - Series HG (381 days) - Direct Plan-Growth,10.7964
2014-02-13,121812,Birla Sun Life Fixed Term Plan - Series HG (381 days) - Regular Plan-Normal Dividend,10.787
2014-02-13,121813,Birla Sun Life Fixed Term Plan - Series HG (381 days) - Regular Plan-Growth,10.787
2014-02-13,121816,Aditya Birla Sun Life Interval Income Fund - Annual Plan V - Direct Plan-Growth,10.7872
2014-02-13,121820,Aditya Birla Sun Life Interval Income Fund - Annual Plan V - Regular Plan-Growth,10.7778
2014-02-13,121821,IDBI FMP Series III 366 Days(March 2013)- D Growth Regular,10.7784
2014-02-13,121822,IDBI FMP Series III 366 Days(March 2013)- D Dividend Regular,10.7784
2014-02-13,121823,IDBI FMP Series III 366 Days(March 2013)- D Growth Direct,10.7831
2014-02-13,121825,DSP BlackRock FMP - Series 91 -12M - Regular Plan - Dividend Payout - Quarterly Payout,10.7805
2014-02-13,121826,DSP BlackRock FMP - Series 91 -12M - Regular Plan - Dividend Payout - Regular Payout,10.7805
2014-02-13,121827,DSP BlackRock FMP - Series 91 -12M - Regular Plan - Growth Option,10.7805
2014-02-13,121828,DSP BlackRock FMP - Series 91 -12M - Direct Plan - Growth Option,10.79
2014-02-13,121830,DSP BlackRock FMP - Series 91 -12M - Direct Plan - Dividend Payout - Regular Payout,10.79
2014-02-13,121837,Tata FMP Series 42 Scheme D- Plan A -Growth Option,10.8121
2014-02-13,121838,Tata FMP Series 42 Scheme D- Plan A -Periodic Dividend,10.812
2014-02-13,121839,Tata FMP Series 42 Scheme D- Direct Plan -Growth Option,10.8158
2014-02-13,121840,Tata FMP Series 42 Scheme D- Direct Plan -Periodic Dividend Option,10.8158
2014-02-13,121845,JPMorgan India Fixed Maturity Plan - Series 17 - Regular Plan - Growth Option,10.8359
2014-02-13,121846,JPMorgan India Fixed Maturity Plan - Series 17 - Direct Plan - Dividend Option,10.8409
2014-02-13,121848,JPMorgan India Fixed Maturity Plan - Series 17 - Direct Plan - Growth Option,10.8409
2014-02-13,121853,DSP BlackRock FMP - Series 93 -12M - Regular Plan - Growth Option,10.7615
2014-02-13,121855,DSP BlackRock FMP - Series 93 -12M - Regular Plan - Dividend Payout - Regular Payout,10.7615
2014-02-13,121856,DSP BlackRock FMP - Series 93 -12M - Direct Plan - Growth Option,10.7709
2014-02-13,121857,DSP BlackRock FMP - Series 93 -12M - Direct Plan - Dividend Payout - Quarterly Payout,10.7709
2014-02-13,121858,DSP BlackRock FMP - Series 93 -12M - Direct Plan - Dividend Payout - Regular Payout,10.7709
2014-02-13,121859,L&T FMP - VII (April1124D A) - Dividend Payout - Regular Plan,10.7712
2014-02-13,121861,L&T FMP - VII (April1124D A) - Growth - Regular Plan,10.7712
2014-02-13,121862,L&T FMP - VII (April1124D A) - Growth - Direct Plan,10.791
2014-02-13,121864,Religare Invesco Fixed Maturity Plan - Series XVIII - Plan B (386 days) - Growth Option,10.7859
2014-02-13,121865,Religare Invesco Fixed Maturity Plan - Series XVIII - Plan B (386 days) - Direct Plan - Growth Option,10.7908
2014-02-13,121867,Religare Invesco Fixed Maturity Plan - Series XVIII - Plan C (25 months) - Growth Option,10.7087
2014-02-13,121869,Religare Invesco Fixed Maturity Plan - Series XVIII - Plan C (25 months) - Direct Plan - Growth Option,10.7325
2014-02-13,121870,Religare Invesco Fixed Maturity Plan - Series XVIII - Plan C (25 months) - Dividend Payout Option,10.7087
2014-02-13,121871,Religare Invesco Fixed Maturity Plan - Series XVIII - Plan D (368 days) - Dividend Payout Option,10.7819
2014-02-13,121873,Religare Invesco Fixed Maturity Plan - Series XVIII - Plan D (368 days) - Direct Plan - Growth Option,10.7916
2014-02-13,121874,Religare Invesco Fixed Maturity Plan - Series XVIII - Plan D (368 days) - Growth Option,10.7819
2014-02-13,121875,ICICI Prudential Fixed Maturity Plan-Series 67-3 Year Plan F - Direct Plan - Cumulative,10.6001
2014-02-13,121876,ICICI Prudential Fixed Maturity Plan-Series 67-3 Year Plan F - Cumulative,10.5785
2014-02-13,121877,ICICI Prudential Fixed Maturity Plan-Series 67-3 Year Plan F - Dividend,10.4517
2014-02-13,121878,ICICI Prudential Fixed Maturity Plan-Series 67-3 Year Plan F - Direct Plan - Dividend,10.473
2014-02-13,121879,ICICI Prudential Fixed Maturity Plan-Series 67-366 Days Plan D - Direct Plan - Dividend,10.7711
2014-02-13,121880,ICICI Prudential Fixed Maturity Plan-Series 67-366 Days Plan D - Regular Plan - Cumulative,10.7589
2014-02-13,121881,ICICI Prudential Fixed Maturity Plan-Series 67-366 Days Plan D - Regular Plan - Dividend,10.7589
2014-02-13,121882,ICICI Prudential Fixed Maturity Plan-Series 67-366 Days Plan D - Direct Plan - Cumulative,10.7711
2014-02-13,121887,ICICI Prudential Fixed Maturity Plan-Series 67-371 Days Plan E - Direct Plan - Cumulative,10.7689
2014-02-13,121889,ICICI Prudential Fixed Maturity Plan-Series 67-371 Days Plan E - Regular Plan - Cumulative,10.7567
2014-02-13,121890,ICICI Prudential Fixed Maturity Plan-Series 67-371 Days Plan E - Regular Plan - Dividend,10.7567
2014-02-13,121891,UTI Ultra Short Duration Fund - Regular Plan - Flexi IDCW,1091.2132
2014-02-13,121892,UTI Ultra Short Duration Fund - Direct Plan - Flexi IDCW,1097.1036
2014-02-13,121893,Sundaram Fixed Term Plan DF  - Regular - Dividend Payout,10.8453
2014-02-13,121894,Sundaram Fixed Term Plan DF - Direct -  Growth,10.8525
2014-02-13,121895,Sundaram Fixed Term Plan DF - Regular - Growth,10.8453
2014-02-13,121896,Sundaram Fixed Term Plan DF  - Direct - Dividend Payout,10.8524
2014-02-13,121898,IIFL Fixed Maturity Plan - Series 6 - Direct Plan - Growth Option,10.7255
2014-02-13,121899,IIFL Fixed Maturity Plan - Series 6 - Regular Plan -Dividend Payout Option,10.7123
2014-02-13,121900,IIFL Fixed Maturity Plan - Series 6 - Regular Plan - Growth Option,10.7123
2014-02-13,121901,UTI FTIF Series XIV -V (366 DAYS) - Growth Option,10.847
2014-02-13,121902,UTI FTIF Series XIV -V (366 DAYS) - Growth Option -DIRECT,10.852
2014-02-13,121906,UTI FTIF Series XIV -V (366 DAYS) - Quarterly Div Option,10.1161
2014-02-13,121909,UTI FTIF Series XIV -VI (366 DAYS) - Growth Option -DIRECT,10.8072
2014-02-13,121910,UTI FTIF Series XIV -VI (366 DAYS) - Annual Div Option,10.8023
2014-02-13,121911,UTI FTIF Series XIV -VI (366 DAYS) - Quarterly Div Option,10.1159
2014-02-13,121912,UTI FTIF Series XIV -VI (366 DAYS) - Quarterly Div Option - DIRECT,10.1167
2014-02-13,121913,UTI FTIF Series XIV -VI (366 DAYS) - Annual Div Option - DIRECT,10.8072
2014-02-13,121914,UTI FTIF Series XIV -VI (366 DAYS) - Maturity Div Option,10.8023
2014-02-13,121915,UTI FTIF Series XIV -VI (366 DAYS) - Growth Option,10.8022
2014-02-13,121916,UTI FTIF Series XIV -VI (366 DAYS) - Maturity Div Option -DIRECT,10.8073
2014-02-13,121917,Birla Sun Life Fixed Term Plan - Series HH (382 days) - Direct Plan-Normal Dividend,10.7826
2014-02-13,121918,Birla Sun Life Fixed Term Plan - Series HH (382 days) - Direct Plan-Quarterly Dividend,10.5287
2014-02-13,121919,Birla Sun Life Fixed Term Plan - Series HH (382 days) - Direct Plan-Growth,10.7828
2014-02-13,121920,Birla Sun Life Fixed Term Plan - Series HH (382 days) - Regular Plan-Quarterly Dividend,10.521
2014-02-13,121921,Birla Sun Life Fixed Term Plan - Series HH (382 days) - Regular Plan-Growth,10.7736
2014-02-13,121922,Birla Sun Life Fixed Term Plan - Series HH (382 days) - Regular Plan-Normal Dividend,10.7735
2014-02-13,121923,SBI DEBT FUND SERIES - 366 DAYS - 23 - DIRECT PLAN - DIVIDEND,10.7985
2014-02-13,121924,SBI DEBT FUND SERIES - 366 DAYS - 23 - DIRECT PLAN - GROWTH,10.7985
2014-02-13,121925,SBI DEBT FUND SERIES - 366 DAYS - 23 - REGULAR PLAN - GROWTH,10.7936
2014-02-13,121926,SBI DEBT FUND SERIES - 366 DAYS - 23 - REGULAR PLAN - DIVIDEND,10.7936
2014-02-13,121928,Reliance Fixed Horizon Fund - XXIII - Series 9 - Dividend Payout Option,10.7625
2014-02-13,121929,Reliance Fixed Horizon Fund - XXIII - Series 9 - Direct Plan - Growth Option,10.772
2014-02-13,121930,Reliance Fixed Horizon Fund - XXIII - Series 9 - Growth Option,10.7625
2014-02-13,121931,Bandhan Banking and PSU Fund - Regular Fortnightly IDCW,10.0974
2014-02-13,121932,Bandhan Banking and PSU Fund - Regular Monthly IDCW,10.148
2014-02-13,121934,Bandhan Banking and PSU Fund - Direct Fortnightly IDCW,10.0707
2014-02-13,121935,Bandhan Banking and PSU Fund - Direct Monthly IDCW,10.1401
2014-02-13,121937,Bandhan Banking and PSU Fund - Regular Quarterly IDCW,10.2958
2014-02-13,121939,LIC NOMURA MF FIXED MATURITY PLAN SERIES 59 - DIVIDEND PAYOUT,10.7716
2014-02-13,121940,SBI Medium to Long Duration Fund - Direct Plan - Quarterly Income Distribution cum Capital Withdrawal Option (IDCW),11.9757
2014-02-13,121941,LIC NOMURA MF FIXED MATURITY PLAN SERIES 59 - DIRECT PLAN - GROWTH,10.7765
2014-02-13,121942,LIC NOMURA MF FIXED MATURITY PLAN SERIES 59 - GROWTH,10.7716
2014-02-13,121944,SBI Medium to Long Duration Fund - Regular Plan - Quarterly Income Distribution cum Capital Withdrawal Option (IDCW),11.9109
2014-02-13,121945,LIC NOMURA MF FIXED MATURITY PLAN SERIES 60 - DIRECT PLAN - GROWTH,10.7954
2014-02-13,121946,LIC NOMURA MF FIXED MATURITY PLAN SERIES 60 - DIVIDEND PAYOUT,10.7468
2014-02-13,121947,LIC NOMURA MF FIXED MATURITY PLAN SERIES 60 - GROWTH,10.7468
2014-02-13,121948,LIC NOMURA MF FIXED MATURITY PLAN SERIES 60 - DIRECT PLAN - DIVIDEND PAYOUT,10.7953
2014-02-13,121949,L&T FMP - VII (March381D A) - Dividend payout - Regular Plan,10.7946
2014-02-13,121950,L&T FMP - VII (March381D A) - Dividend payout - Direct Plan,10.7995
2014-02-13,121951,L&T FMP - VII (March381D A) - Growth - Regular Plan,10.7946
2014-02-13,121952,L&T FMP - VII (March381D A) - Growth - Direct Plan,10.7995
2014-02-13,121953,ICICI Prudential Fixed Maturity Plan-Series 67-740 Days Plan H - Direct Plan - Dividend,10.5647
2014-02-13,121954,ICICI Prudential Fixed Maturity Plan-Series 67-740 Days Plan H - Dividend,10.546
2014-02-13,121955,ICICI Prudential Fixed Maturity Plan-Series 67-740 Days Plan H - Direct Plan - Cumulative,10.6738
2014-02-13,121956,ICICI Prudential Fixed Maturity Plan-Series 67-740 Days Plan H - Cumulative,10.6542
2014-02-13,121958,PEERLESS FMP SERIES 1-DIRECT-GROWTH,10.81
2014-02-13,121959,PEERLESS FMP SERIES 1-DIRECT-DIVIDEND,10.81
2014-02-13,121960,PEERLESS FMP SERIES 1-REGULAR-GROWTH,10.7992
2014-02-13,121965,ICICI Prudential Fixed Maturity Plan-Series 67-366 Days Plan G - Regular Plan - Cumulative,10.7313
2014-02-13,121967,ICICI Prudential Fixed Maturity Plan-Series 67-366 Days Plan G - Regular Plan - Dividend,10.7313
2014-02-13,121968,ICICI Prudential Fixed Maturity Plan-Series 67-366 Days Plan G - Direct Plan - Cumulative,10.7353
2014-02-13,121969,Kotak FMP Series 100 - Dividend,10.7757
2014-02-13,121971,Kotak FMP Series 100 - Growth,10.7761
2014-02-13,121972,Kotak FMP Series 100 - Direct - Growth,10.7809
2014-02-13,121973,Kotak FMP Series 103 Growth,10.779
2014-02-13,121975,Kotak FMP Series 103 Direct Growth,10.7838
2014-02-13,121981,Union KBC Fixed Maturity Plan - Series 6 - Direct Plan - Growth Option,10.7802
2014-02-13,121983,Union KBC Fixed Maturity Plan - Series 6 - Regular Plan - Growth Option,10.7726
2014-02-13,121985,DSP BlackRock FMP - Series 94 -12M - Regular Plan - Growth Option,10.7654
2014-02-13,121987,DSP BlackRock FMP - Series 94 -12M - Regular Plan - Dividend Payout - Regular Payout,10.7654
2014-02-13,121988,DSP BlackRock FMP - Series 94 -12M - Direct Plan - Growth Option,10.7749
2014-02-13,121989,DSP BlackRock FMP - Series 94 -12M - Direct Plan - Dividend Payout - Quarterly Payout,10.7749
2014-02-13,121990,DSP BlackRock FMP - Series 94 -12M - Direct Plan - Dividend Payout - Regular Payout,10.7749
2014-02-13,121992,Sundaram Fixed Term Plan DH - Direct -  Growth,10.7904
2014-02-13,121993,Sundaram Fixed Term Plan DH  - Regular - Dividend Payout,10.7835
2014-02-13,121994,Sundaram Fixed Term Plan DH - Regular - Growth,10.7836
2014-02-13,121996,Sundaram Fixed Term Plan DI  - Regular - Dividend Payout,10.7758
2014-02-13,121997,Sundaram Fixed Term Plan DI - Regular - Growth,10.7759
2014-02-13,121998,Sundaram Fixed Term Plan DI - Direct -  Growth,10.7826
2014-02-13,121999,HDFC FMP 403D March 2013 (1) - Direct Option - Dividend Option,10.7907
2014-02-13,122000,HDFC FMP 403D March 2013 (1) - Direct Option - Flexi Option,10.7907
2014-02-13,122001,HDFC FMP 403D March 2013 (1) - Regular Option - Dividend Option,10.7665
2014-02-13,122003,HDFC FMP 403D March 2013 (1) - Regular Option - Flexi Option,10.7665
2014-02-13,122004,HDFC FMP 403D March 2013 (1) - Regular Option - Growth Option,10.7665
2014-02-13,122005,HDFC FMP 403D March 2013 (1) - Direct Option - Growth Option,10.7907
2014-02-13,122006,HDFC FMP 403D March 2013 (1) - Direct Option - Quarterly Dividend Option,10.1881
2014-02-13,122007,Kotak FMP Series 101 - Dividend,10.7712
2014-02-13,122008,Kotak FMP Series 101 - Growth,10.7712
2014-02-13,122010,Kotak FMP Series 101 - Direct -Growth,10.7759
2014-02-13,122011,SBI DEBT FUND SERIES - 366 DAYS - 24 - DIRECT PLAN - DIVIDEND,10.7774
2014-02-13,122012,SBI DEBT FUND SERIES - 366 DAYS - 24 - DIRECT PLAN - GROWTH,10.7772
2014-02-13,122013,SBI DEBT FUND SERIES - 366 DAYS - 24 - REGULAR PLAN - DIVIDEND,10.7724
2014-02-13,122014,SBI DEBT FUND SERIES - 366 DAYS - 24 - REGULAR PLAN - GROWTH,10.7724
2014-02-13,122015,SBI DEBT FUND SERIES - 14 MONTHS - 2 - DIRECT PLAN - DIVIDEND,10.7656
2014-02-13,122016,SBI DEBT FUND SERIES - 14 MONTHS - 2 - REGULAR PLAN - DIVIDEND,10.7608
2014-02-13,122017,SBI DEBT FUND SERIES - 14 MONTHS - 2 - DIRECT PLAN - GROWTH,10.7656
2014-02-13,122018,SBI DEBT FUND SERIES - 14 MONTHS - 2 - REGULAR PLAN - GROWTH,10.7608
2014-02-13,122019,Baroda Fixed Maturity Plan - Series B-Plan A-Growth Option,10.7949
2014-02-13,122020,Baroda Fixed Maturity Plan - Series B-  Plan A-Dividend Payout Option,10.7949
2014-02-13,122021,Baroda Fixed Maturity Plan - Series B-Plan B ( Direct)-Growth Option,10.8037
2014-02-13,122025,DWS FIXED MATURITY PLAN - SERIES 28 - DIRECT PLAN - DIVIDEND PAYOUT,10.7743
2014-02-13,122026,DWS FIXED MATURITY PLAN - SERIES 28 - REGULAR PLAN - DIVIDEND PAYOUT,10.7724
2014-02-13,122028,DWS FIXED MATURITY PLAN - SERIES 28- DIRECT PLAN - GROWTH,10.7743
2014-02-13,122033,DWS FIXED MATURITY PLAN - SERIES 28- REGULAR PLAN - GROWTH,10.7724
2014-02-13,122036,DWS FIXED MATURITY PLAN - SERIES 29- DIRECT PLAN - GROWTH,10.7799
2014-02-13,122038,DWS FIXED MATURITY PLAN - SERIES 29- DIRECT PLAN - ANNUAL DIVIDEND PAYOUT,10.7799
2014-02-13,122039,DWS FIXED MATURITY PLAN - SERIES 29- REGULAR PLAN - GROWTH,10.7754
2014-02-13,122044,DWS FIXED MATURITY PLAN - SERIES 30 - REGULAR PLAN - DIVIDEND PAYOUT,10.7609
2014-02-13,122045,DWS FIXED MATURITY PLAN - SERIES 30- REGULAR PLAN - MONTHLY DIVIDEND PAYOUT,10.758
2014-02-13,122047,DWS FIXED MATURITY PLAN - SERIES 30- DIRECT PLAN - GROWTH,10.767
2014-02-13,122050,DWS FIXED MATURITY PLAN - SERIES 30- REGULAR PLAN - GROWTH,10.7583
2014-02-13,122054,HSBC Fixed Term Series 89-Dividend,10.7464
2014-02-13,122055,HSBC Fixed Term Series 89-Growth,10.7464
2014-02-13,122056,HSBC Fixed Term Series 90-Dividend,10.7564
2014-02-13,122057,HSBC Fixed Term Series 90-Growth Direct,10.7728
2014-02-13,122058,HSBC Fixed Term Series 90-Growth,10.7564
2014-02-13,122061,HSBC Fixed Term Series 89-Growth Direct,10.7751
2014-02-13,122062,JPMorgan India Fixed Maturity Plan - Series 18 - Regular Plan - Growth Option,10.7952
2014-02-13,122064,JPMorgan India Fixed Maturity Plan - Series 18 - Direct Plan - Growth Option,10.8
2014-02-13,122073,DWS Banking and PSU Debt fund - Weekly Dividend,10.2812
2014-02-13,122076,IDFC Equity Opportunity- S 1 (3 years)- Direct Plan-Dividend,10.3595
2014-02-13,122077,IDFC Equity Opportunity- S 1 (3 years)-  Regular Plan-Dividend,10.3004
2014-02-13,122078,Reliance Yearly Interval Fund - Series 6 - Dividend Option,10.7309
2014-02-13,122080,Reliance Yearly Interval Fund - Series 6 - Growth Option,10.7309
2014-02-13,122081,Reliance Yearly Interval Fund - Series 6 - Direct Plan - Growth Option,10.7356
2014-02-13,122084,Religare Invesco Fixed Maturity Plan - Series XVIII - Plan E (374 days) - Growth Option,10.7658
2014-02-13,122086,Religare Invesco Fixed Maturity Plan - Series XVIII - Plan E (374 days) - Dividend Payout Option,10.7658
2014-02-13,122087,Religare Invesco Fixed Maturity Plan - Series XVIII - Plan E (374 days) - Direct - Growth Option,10.7773
2014-02-13,122088,Baroda Pioneer Fixed Maturity Plan - Series C - Plan A- Growth Option,10.7733
2014-02-13,122090,Baroda Pioneer  Fixed Maturity Plan - Series C - Plan A- Dividend Payout Option,10.7733
2014-02-13,122091,Baroda Pioneer Fixed Maturity Plan - Series C - Plan B (Direct )- Growth Option,10.782
2014-02-13,122092,UTI-FMP-Yearly Series Mar 2013 - Dividend Option,10.1187
2014-02-13,122093,UTI-FMP-Yearly Series Mar 2013 - Dividend Option - DIRECT,10.1194
2014-02-13,122094,UTI-FMP-Yearly Series Mar 2013 - Growth Option,10.7828
2014-02-13,122095,UTI-FMP-Yearly Series Mar 2013 - Growth Option - DIRECT,10.7877
2014-02-13,122096,UTI FTIF Series XIV -VII (367 DAYS) - Annual Dividend Option,10.7821
2014-02-13,122097,UTI FTIF Series XIV -VII (367 DAYS) - Annual Dividend  Option - DIRECT,10.7922
2014-02-13,122099,UTI FTIF Series XIV -VII (367 DAYS) - Quarterly Dividend Option - DIRECT,10.1177
2014-02-13,122100,UTI FTIF Series XIV -VII (367 DAYS) - Growth Option,10.7818
2014-02-13,122101,UTI FTIF Series XIV -VII (367 DAYS) - Growth Option -DIRECT,10.7913
2014-02-13,122108,Kotak FMP Series 102 - Growth,10.7536
2014-02-13,122109,Kotak FMP Series 102 - Direct -Dividend,10.7556
2014-02-13,122110,Kotak FMP Series 102 - Dividend,10.7536
2014-02-13,122111,Kotak FMP Series 102 - Direct - Growth,10.7584
2014-02-13,122112,DSP BlackRock FMP - Series 95 -12M - Direct Plan - Dividend Payout - Regular Payout,10.698
2014-02-13,122113,DSP BlackRock FMP - Series 95 -12M - Regular Plan - Dividend Payout - Quarterly Payout,10.689
2014-02-13,122114,DSP BlackRock FMP - Series 95 -12M - Regular Plan - Dividend Payout - Regular Payout,10.689
2014-02-13,122115,DSP BlackRock FMP - Series 95 -12M - Direct Plan - Growth Option,10.698
2014-02-13,122116,DSP BlackRock FMP - Series 95 -12M - Direct Plan - Dividend Payout - Quarterly Payout,10.698
2014-02-13,122117,DSP BlackRock FMP - Series 95 -12M - Regular Plan - Growth Option,10.689
2014-02-13,122118,UTI FTIF Series XIV -VIII (371 DAYS) - Quarterly Dividend Option Direct,10.1192
2014-02-13,122119,UTI FTIF Series XIV -VIII (371 DAYS) - Growth Option Direct,10.7771
2014-02-13,122121,UTI FTIF Series XIV -VIII (371 DAYS) - Maturity Dividend Option,10.772
2014-02-13,122122,UTI FTIF Series XIV -VIII (371 DAYS) - Growth Option,10.7723
2014-02-13,122123,UTI FTIF Series XIV -VIII (371 DAYS) - Annual Dividend Option Direct,10.7771
2014-02-13,122124,UTI FTIF Series XIV -VIII (371 DAYS) - Quarterly Dividend Option,10.1181
2014-02-13,122132,L&T FMP - VII (March367D B) - Dividend Payout - Regular Plan,10.7665
2014-02-13,122133,L&T FMP - VII (March367D B) - Growth - Regular Plan,10.7665
2014-02-13,122134,L&T FMP - VII (March367D B) - Dividend Payout - Direct Plan,10.7675
2014-02-13,122135,L&T FMP - VII (March367D B) - Growth - Direct Plan,10.7675
2014-02-13,122138,LIC NOMURA MF FIXED MATURITY PLAN SERIES 61 - GROWTH,10.7588
2014-02-13,122139,LIC NOMURA MF FIXED MATURITY PLAN SERIES 61 - DIRECT PLAN - GROWTH,10.7636
2014-02-13,122140,LIC NOMURA MF FIXED MATURITY PLAN SERIES 62 - DIRECT PLAN - DIVIDEND PAYOUT,10.7196
2014-02-13,122141,LIC NOMURA MF FIXED MATURITY PLAN SERIES 62 - DIRECT PLAN - GROWTH,10.7196
2014-02-13,122142,LIC NOMURA MF FIXED MATURITY PLAN SERIES 62 - DIVIDEND PAYOUT,10.7149
2014-02-13,122143,LIC NOMURA MF FIXED MATURITY PLAN SERIES 62 - GROWTH,10.7149
2014-02-13,122144,SBI DEBT FUND SERIES - 366 DAYS - 25 - REGULAR PLAN - GROWTH,10.7392
2014-02-13,122145,SBI DEBT FUND SERIES - 366 DAYS - 25 - DIRECT PLAN - DIVIDEND,10.744
2014-02-13,122146,SBI DEBT FUND SERIES - 366 DAYS - 25 - DIRECT PLAN - GROWTH,10.744
2014-02-13,122147,SBI DEBT FUND SERIES - 366 DAYS - 25 - REGULAR PLAN - DIVIDEND,10.7392
2014-02-13,122152,UTI Quarterly Interval Fund - I - Direct Plan - IDCW,10.1392
2014-02-13,122153,ING Gilt Fund Provident Fund - Dynamic Plan-Cyclical Series Option 2013,9.7172
2014-02-13,122154,ING Gilt Fund- Provident Fund -Dynamic Plan - Direct Plan  - Cyclical Series Option 2013,9.781
2014-02-13,122155,Sundaram Fixed Term Plan DG - Regular - Growth,10.7889
2014-02-13,122156,Sundaram Fixed Term Plan DG - Direct -  Growth,10.7958
2014-02-13,122158,Sundaram Fixed Term Plan DG  - Regular - Dividend Payout,10.7889
2014-02-13,122159,DSP BlackRock Dual Advantage Fund - Series 14 - 33M - Regular Plan - Growth Option (Maturity Date 03-May-2016),10.4723
2014-02-13,122160,DSP BlackRock Dual Advantage Fund - Series 14 - 33M - Direct Plan - Dividend Payout Option (Maturity Date 03-May-2016),10.5141
2014-02-13,122161,DSP BlackRock Dual Advantage Fund - Series 14 - 33M - Regular Plan - Dividend Payout Option (Maturity Date 03-May-2016),10.4723
2014-02-13,122162,DSP BlackRock Dual Advantage Fund - Series 14 - 33M - Direct Plan - Growth Option (Maturity Date 03-May-2016),10.5141
2014-02-13,122163,DWS Banking and PSU Debt fund - Bonus,10.5913
2014-02-13,122164,DWS Banking and PSU Debt fund- Direct Plan-  Regular Bonus,10.6358
2014-02-13,122165,UTI Quarterly Interval Fund - I -Direct Plan - Growth Option,17.337
2014-02-13,122168,ICICI Prudential Balanced Advantage Fund - Monthly IDCW,10.9
2014-02-13,122169,HDFC FMP 366D April 2013 (1)-Regular Option-Growth Option,10.7061
2014-02-13,122170,HDFC FMP 366D April 2013 (1)-Regular Option-Quarterly Dividend Option,10.1125
2014-02-13,122171,HDFC FMP 366D April 2013 (1)-Regular Option-Flexi Option,10.7061
2014-02-13,122172,HDFC FMP 366D April 2013 (1)-Direct Option-Growth Option,10.7106
2014-02-13,122173,HDFC FMP 366D April 2013 (1)-Direct Option-Dividend Option,10.7106
2014-02-13,122174,HDFC FMP 366D April 2013 (1)-Direct Option-Flexi Option,10.7106
2014-02-13,122175,HDFC FMP 366D April 2013 (1)-Direct Option-Quarterly Dividend Option,10.1132
2014-02-13,122176,HDFC FMP 366D April 2013 (1)-Regular Option-Dividend Option,10.7061
2014-02-13,122177,HDFC FMP 370D April 2013 (1)-Regular Option-Quarterly Dividend Option,10.1151
2014-02-13,122178,HDFC FMP 370D April 2013 (1)-Regular Option-Flexi Option,10.7015
2014-02-13,122179,HDFC FMP 370D April 2013 (1)-Direct Option-Growth Option,10.7059
2014-02-13,122180,HDFC FMP 370D April 2013 (1)-Direct Option-Dividend Option,10.7059
2014-02-13,122181,HDFC FMP 370D April 2013 (1)-Direct Option-Quarterly Dividend Option,10.1156
2014-02-13,122182,HDFC FMP 370D April 2013 (1)-Direct Option-Flexi Option,10.7059
2014-02-13,122183,HDFC FMP 370D April 2013 (1)-Regular Option-Growth Option,10.7015
2014-02-13,122184,HDFC FMP 370D April 2013 (1)-Regular Option-Dividend Option,10.7015
2014-02-13,122185,HDFC FMP 370D April 2013 (2)-Regular Option-Growth Option,10.6635
2014-02-13,122186,HDFC FMP 370D April 2013 (2)-Regular Option-Dividend Option,10.6635
2014-02-13,122187,HDFC FMP 370D April 2013 (2)-Regular Option-Quarterly Dividend Option,10.1136
2014-02-13,122188,HDFC FMP 370D April 2013 (2)-Regular Option-Flexi Option,10.6635
2014-02-13,122189,HDFC FMP 370D April 2013 (2)-Direct Option-Growth Option,10.6679
2014-02-13,122190,HDFC FMP 370D April 2013 (2)-Direct Option-Dividend Option,10.6679
2014-02-13,122191,HDFC FMP 370D April 2013 (2)-Direct Option-Quarterly Dividend Option,10.1143
2014-02-13,122192,HDFC FMP 370D April 2013 (2)-Direct Option-Flexi Option,10.6679
2014-02-13,122193,HDFC FMP 366D April 2013 (2)-Regular Option-Growth Option,10.6488
2014-02-13,122194,HDFC FMP 366D April 2013 (2)-Regular Option-Dividend Option,10.6488
2014-02-13,122195,HDFC FMP 366D April 2013 (2)-Regular Option-Quarterly Dividend Option,10.1144
2014-02-13,122196,HDFC FMP 366D April 2013 (2)-Regular Option-Flexi Option,10.6488
2014-02-13,122197,HDFC FMP 366D April 2013 (2)-Direct Option-Growth Option,10.6531
2014-02-13,122198,HDFC FMP 366D April 2013 (2)-Direct Option-Dividend Option,10.6531
2014-02-13,122199,HDFC FMP 366D April 2013 (2)-Direct Option-Quarterly Dividend Option,10.1152
2014-02-13,122200,HDFC FMP 366D April 2013 (2)-Direct Option-Flexi Option,10.6531
2014-02-13,122205,DWS Insta Cash Plus Fund - Direct Plan -Monthly Bonus,107.9911
2014-02-13,122206,DWS INSTA CASH PLUS FUND-Monthly Bonus Option,102.8674
2014-02-13,122207,DWS Ultra Short Term Fund - Monthly Bonus,10.2094
2014-02-13,122208,DWS Ultra Short Term Fund - Direct Plan - Monthly Bonus,10.8212
2014-02-13,122209,DWS Treasury Fund - Cash Plan - Monthly Bonus,107.8812
2014-02-13,122210,DWS Treasury Fund - Cash Plan - Direct Plan - Monthly Bonus,108.0246
2014-02-13,122211,DWS Cash Opportunities Fund - Direct Plan - Monthly Bonus,10.2006
2014-02-13,122212,DWS CASH OPPORTUNITIES FUND - Monthly Bonus Option,10.2387
2014-02-13,122213,DWS Treasury Fund - Investment - Quarterly Bonus,10.1133
2014-02-13,122214,DWS Treasury Fund - Investment Plan - Direct Plan -  Quarterly Bonus,10.1209
2014-02-13,122215,DWS Low Duration Fund - Quarterly Bonus,10.6708
2014-02-13,122216,DWS Low Duration Fund - Direct Plan -  Quarterly Bonus,10.6811
2014-02-13,122217,DWS Short Maturity Fund - Half Yearly Bonus,10.4751
2014-02-13,122218,DWS Short Maturity Fund - Direct Plan - Half Yearly Bonus,10.5143
2014-02-13,122219,DWS Banking and PSU Debt fund- Direct Plan-  Quarterly Bonus,10.6358
2014-02-13,122220,DWS Banking and PSU Debt fund - Quarterly Bonus,10.5913
2014-02-13,122221,DWS Premier Bond Fund - Direct Plan - Half-Yearly Bonus,10.4739
2014-02-13,122222,DWS Premier Bond Fund - Half-Yearly Bonus,10.382
2014-02-13,122223,DWS Gilt Fund - Half Yearly Bonus,10.0405
2014-02-13,122224,DWS Gilt Fund - Direct Plan - Half Yearly Bonus,10.0763
2014-02-13,122225,Reliance Yearly Interval Fund - Series 7 - Direct Plan - Dividend Option,10.67
2014-02-13,122226,Reliance Yearly Interval Fund - Series 7- Growth Option,10.6656
2014-02-13,122227,Reliance Yearly Interval Fund - Series 7 - Direct Plan - Growth Option,10.67
2014-02-13,122228,Reliance Yearly Interval Fund - Series 7- Dividend Option,10.6656
2014-02-13,122229,Birla Sun Life Fixed Term Plan - Series GT (366 days) - Direct Plan-Normal Dividend,10.6893
2014-02-13,122230,Birla Sun Life Fixed Term Plan - Series GT (366 days) - Regular Plan-Normal Dividend,10.6804
2014-02-13,122231,Birla Sun Life Fixed Term Plan - Series GT (366 days) - Direct Plan-Quarterly Dividend,10.5783
2014-02-13,122232,Birla Sun Life Fixed Term Plan - Series GT (366 days) - Regular Plan-Quarterly Dividend,10.5737
2014-02-13,122233,Birla Sun Life Fixed Term Plan - Series GT (366 days) - Direct Plan-Growth,10.6893
2014-02-13,122234,Birla Sun Life Fixed Term Plan - Series GT (366 days) - Regular Plan-Growth,10.6804
2014-02-13,122235,L&T Liquid Fund - Direct Plan - Weekly IDCW,1001.1534
2014-02-13,122236,ICICI Prudential Balanced Advantage Fund - Direct Plan - Monthly IDCW,10.99
2014-02-13,122237,Reliance Dual Advantage Fixed Tenure Fund III - Plan B - Growth Option,10.6176
2014-02-13,122238,Reliance Dual Advantage Fixed Tenure Fund III - Plan B - Direct Plan - Growth Option,10.7003
2014-02-13,122239,Reliance Dual Advantage Fixed Tenure Fund III - Plan B - Dividend Payout Option,10.6176
2014-02-13,122240,Reliance Dual Advantage Fixed Tenure Fund III - Plan B - Direct Plan - Dividend Payout Option,10.7003
2014-02-13,122245,ICICI Prudential Fixed Maturity Plan-Series 67-366 Days Plan J - Regular Plan - Dividend,10.6149
2014-02-13,122246,ICICI Prudential Fixed Maturity Plan-Series 67-366 Days Plan J - Direct Plan - Cumulative,10.6227
2014-02-13,122247,ICICI Prudential Fixed Maturity Plan-Series 67-366 Days Plan J - Direct Plan - Dividend,10.6227
2014-02-13,122248,ICICI Prudential Fixed Maturity Plan-Series 67-366 Days Plan J - Regular Plan - Cumulative,10.6149
2014-02-13,122249,ICICI Prudential Multiple Yield Fund - Series 3 - Plan B - Direct Plan - Cumulative,10.7107
2014-02-13,122250,ICICI Prudential Multiple Yield Fund - Series 3 - Plan B - Direct Plan - Dividend,10.7107
2014-02-13,122251,ICICI Prudential Multiple Yield Fund - Series 3 - Plan B - Cumulative,10.6128
2014-02-13,122252,ICICI Prudential Multiple Yield Fund - Series 3 - Plan B -Dividend,10.6128
2014-02-13,122253,SBI DEBT FUND SERIES - 366 DAYS - 26 - DIRECT PLAN - DIVIDEND,10.657
2014-02-13,122254,SBI DEBT FUND SERIES - 366 DAYS - 26 - DIRECT PLAN - GROWTH,10.657
2014-02-13,122255,SBI DEBT FUND SERIES - 366 DAYS - 26 - REGULAR PLAN - DIVIDEND,10.6525
2014-02-13,122256,SBI DEBT FUND SERIES - 366 DAYS - 26 - REGULAR PLAN - GROWTH,10.6525
2014-02-13,122257,DHFL Pramerica Liquid Fund-Bonus Option,1351.8587
2014-02-13,122258,DHFL Pramerica Liquid Fund-Direct Plan-Bonus Option,1353.4146
2014-02-13,122259,DHFL Pramerica Dynamic Bond Fund-Direct Plan-Bonus Option,1141.2026
2014-02-13,122260,PGIM India Dynamic Bond Fund-Bonus Option,1135.0862
2014-02-13,122261,DHFL Pramerica Ultra Short Term Bond Fund-Direct Plan-Bonus Option,1348.7723
2014-02-13,122262,DHFL Pramerica Ultra Short Term Bond Fund-Bonus Option,1344.1961
2014-02-13,122263,DHFL Pramerica Short Term Income Fund-Bonus Option,1305.6672
2014-02-13,122264,DHFL Pramerica Short Term Income Fund-Direct Plan-Bonus Option,1311.9626
2014-02-13,122265,DHFL Pramerica Dynamic Monthly Income Fund-Direct Plan-Bonus Option,11.8811
2014-02-13,122267,DHFL Pramerica Treasury Advantage Fund-Bonus Option,1252.2753
2014-02-13,122268,DHFL Pramerica Treasury Advantage Fund-Direct Plan-Bonus Option,1255.4725
2014-02-13,122269,DHFL Pramerica Credit Opportunities Fund-Bonus Option,1220.6428
2014-02-13,122270,DHFL Pramerica Credit Opportunities Fund-Direct Plan-Bonus Option,1226.9197
2014-02-13,122271,DHFL Pramerica Short Term Floating Rate Fund-Direct Plan-Bonus Option,1197.0494
2014-02-13,122273,ICICI Prudential Fixed Maturity Plan-Series 67-745 Days Plan K - Direct Plan - Cumulative,10.5421
2014-02-13,122274,ICICI Prudential Fixed Maturity Plan-Series 67-745 Days Plan K - Dividend,10.492
2014-02-13,122275,ICICI Prudential Fixed Maturity Plan-Series 67-745 Days Plan K - Direct Plan - Dividend,10.5112
2014-02-13,122276,ICICI Prudential Fixed Maturity Plan-Series 67-745 Days Plan K - Cumulative,10.5228
2014-02-13,122285,BNP Paribas Capital Protection Oriented Fund - Dividend Option,10.2266
2014-02-13,122286,BNP Paribas Capital Protection Oriented Fund - Direct Plan - Growth,10.2465
2014-02-13,122288,BNP Paribas Capital Protection Oriented Fund - Growth,10.2266
2014-02-13,122289,BNP Paribas Government Securities Fund - Growth Option,9.9584
2014-02-13,122290,BNP Paribas Government Securities Fund -Monthly dividend option,9.83
2014-02-13,122291,BNP Paribas Government Securities Fund - Calendar quarterly dividend option,9.7688
2014-02-13,122314,JM Floater Short Term Fund (Direct) - Bonus Option - Principal Units,19.7319
2014-02-13,122315,JM Dynamic Bond Fund - (Direct) - Bonus Option-Principal Units,19.3422
2014-02-13,122316,JM Ultra Short Duration Fund (Direct) - Bonus Option - Principal Units,17.6679
2014-02-13,122317,JM Ultra Short Duration Fund - Bonus Option - Principal Units,17.6279
2014-02-13,122318,JM Money Manger Fund - Super Plan (Direct) Bonus Option Principal Units,18.1287
2014-02-13,122319,JM Money Manager Fund - Super Plan - Bonus Option - Principal Units,18.0783
2014-02-13,122320,JM Money Manager Fund - Super Plus Plan (Direct) - Bonus Option - Principal units,10.8231
2014-02-13,122321,JM Money Manager Fund - Super Plus Plan - Bonus Option - Principal units,10.811
2014-02-13,122322,JM Floater Short Term Fund - Bonus Option - Principal Units,19.6939
2014-02-13,122323,JM Dynamic Bond Fund (Regular) - Bonus Option - Principal Units,19.2699
2014-02-13,122324,Reliance Fixed Horizon Fund XXIII - Series 10 - Direct Plan - Growth Option,10.5836
2014-02-13,122326,Reliance Fixed Horizon Fund XXIII - Series 10 - Dividend Option,10.5793
2014-02-13,122327,Reliance Fixed Horizon Fund XXIII - Series 10 -Growth Option,10.5793
2014-02-13,122332,HDFC FMP 405D April 2013 (1)-Regular Option-Growth Option,10.6553
2014-02-13,122333,HDFC FMP 405D April 2013 (1)-Regular Option-Flexi Option,10.6553
2014-02-13,122334,HDFC FMP 405D April 2013 (1)-Direct Option-Growth Option,10.6596
2014-02-13,122335,HDFC FMP 405D April 2013 (1)-Direct Option-Flexi Option,10.6596
2014-02-13,122336,HDFC FMP 405D April 2013 (1)-Regular Option-Dividend Option,10.6553
2014-02-13,122337,HDFC FMP 405D April 2013 (1)-Direct Option-Quarterly Dividend Option,10.1178
2014-02-13,122338,HDFC FMP 405D April 2013 (1)-Regular Option-Quarterly Dividend Option,10.117
2014-02-13,122339,HDFC FMP 405D April 2013 (1)-Direct Option-Dividend Option,10.6596
2014-02-13,122344,Pramerica Fixed Duration Fund - Series 13 - Regular Plan - Growth Option,1068.1843
2014-02-13,122345,Pramerica Fixed Duration Fund - Series 13 - Direct Plan - Growth Option,1069.0451
2014-02-13,122346,SBI DEBT FUND SERIES - 366 DAYS - 27 - REGULAR PLAN - DIVIDEND,10.6353
2014-02-13,122347,SBI DEBT FUND SERIES - 366 DAYS - 27 - REGULAR PLAN - GROWTH,10.6353
2014-02-13,122348,SBI DEBT FUND SERIES - 366 DAYS - 27 - DIRECT PLAN - DIVIDEND,10.6396
2014-02-13,122349,SBI DEBT FUND SERIES - 366 DAYS - 27 - DIRECT PLAN - GROWTH,10.6397
2014-02-13,122350,Birla Sun Life Fixed Term Plan - Series GU (368 days) - Direct Plan-Normal Dividend,10.7129
2014-02-13,122351,Birla Sun Life Fixed Term Plan - Series GU (368 days) - Direct Plan-Growth,10.7128
2014-02-13,122352,Birla Sun Life Fixed Term Plan - Series GU (368 days) - Regular Plan-Normal Dividend,10.7015
2014-02-13,122353,Birla Sun Life Fixed Term Plan - Series GU (368 days) - Regular Plan-Quarterly Dividend,10.5934
2014-02-13,122354,Birla Sun Life Fixed Term Plan - Series GU (368 days) - Regular Plan-Growth,10.7015
2014-02-13,122356,Birla Sun Life Fixed Term Plan - Series GV (368 days) - Direct Plan-Normal Dividend,10.6401
2014-02-13,122357,Birla Sun Life Fixed Term Plan - Series GV (368 days) - Direct Plan-Quarterly Dividend,10.5474
2014-02-13,122358,Birla Sun Life Fixed Term Plan - Series GV (368 days) -Direct Plan-Growth,10.6477
2014-02-13,122359,Birla Sun Life Fixed Term Plan - Series GV (368 days) - Regular Plan-Normal Dividend,10.6389
2014-02-13,122360,Birla Sun Life Fixed Term Plan - Series GV (368 days) - Regular Plan-Quarterly Dividend,10.5398
2014-02-13,122361,Birla Sun Life Fixed Term Plan - Series GV (368 days) - Regular Plan-Growth,10.6387
2014-02-13,122362,UTI FTIF Series XV -I (368 DAYS) - Quarterly Div Option - Direct,10.1174
2014-02-13,122363,UTI FTIF Series XV -I (368 DAYS) - Maturity Div Option,10.6695
2014-02-13,122364,UTI FTIF Series XV -I (368 DAYS) - Maturity Div Option- Direct,10.674
2014-02-13,122365,UTI FTIF Series XV -I (368 DAYS) - Growth Option,10.6695
2014-02-13,122366,UTI FTIF Series XV -I (368 DAYS) - Annual Div. Option,10.6695
2014-02-13,122367,UTI FTIF Series XV -I (368 DAYS) - Annual Div. Option - Direct,10.6738
2014-02-13,122368,UTI FTIF Series XV -I (368 DAYS) - Quarterly Div Option,10.1166
2014-02-13,122369,UTI FTIF Series XV -I (368 DAYS) - Growth Option - Direct,10.6739
2014-02-13,122370,UTI-FMP-Yearly Series Apr 2013 - Growth Option - Direct,10.6334
2014-02-13,122371,UTI-FMP-Yearly Series Apr 2013 - Dividend Option,10.1135
2014-02-13,122372,UTI-FMP-Yearly Series Apr 2013 - Dividend Option - Direct,10.1142
2014-02-13,122373,UTI-FMP-Yearly Series Apr 2013 - Growth Option,10.6292
2014-02-13,122374,BNP Paribas Government Securities Fund - Direct Plan - Growth Option,10.0309
2014-02-13,122376,BNP Paribas Government Securities Fund - Direct Plan - Annual dividend option,10.0
2014-02-13,122379,HSBC Capital Protection Oriented Fund - Series I - Plan I - Growth,10.1922
2014-02-13,122380,HSBC Capital Protection Oriented Fund - Series I - Plan I - Dividend,10.1922
2014-02-13,122381,HSBC Capital Protection Oriented Fund - Series I - Plan I - Growth Direct,10.2472
2014-02-13,122383,JPMorgan India Fixed Maturity Plan - Series 20 - Regular Plan - Growth Option,10.4819
2014-02-13,122384,JPMorgan India Fixed Maturity Plan - Series 20 - Regular Plan - Dividend Option,10.4819
2014-02-13,122385,JPMorgan India Fixed Maturity Plan - Series 20 - Direct Plan - Growth Option,10.5388
2014-02-13,122386,JPMorgan India Fixed Maturity Plan - Series 20 - Direct Plan - Dividend Option,10.5388
2014-02-13,122387,Motilal Oswal Focused Fund - Regular Plan Growth Option,10.0246
2014-02-13,122388,Motilal Oswal Focused Fund Regular - IDCW Payout/Reinvestment,10.0246
2014-02-13,122389,Motilal Oswal Focused Fund - Direct Plan Growth Option,10.1452
2014-02-13,122390,Motilal Oswal Focused Fund Direct - IDCW Payout/Reinvestment,10.1452
2014-02-13,122393,BNP Paribas Government Securities Fund - Annual dividend option,9.9588
2014-02-13,122400,BNP Paribas Government Securities Fund - Direct Plan - Monthly Dividend Option,9.8945
2014-02-13,122401,ICICI Prudential Multiple Yield Fund - Series 3 - Plan C - Direct Plan - Dividend,10.6046
2014-02-13,122402,ICICI Prudential Multiple Yield Fund - Series 3 - Plan C - Cumulative,10.5077
2014-02-13,122403,ICICI Prudential Multiple Yield Fund - Series 3 - Plan C - Direct Plan - Cumulative,10.6046
2014-02-13,122404,ICICI Prudential Multiple Yield Fund - Series 3 - Plan C -Dividend,10.5077
2014-02-13,122405,SBI DEBT FUND SERIES - 366 DAYS - 28 - REGULAR PLAN - DIVIDEND,10.6471
2014-02-13,122406,SBI DEBT FUND SERIES - 366 DAYS - 28 - DIRECT PLAN - DIVIDEND,10.6514
2014-02-13,122407,SBI DEBT FUND SERIES - 366 DAYS - 28 - DIRECT PLAN - GROWTH,10.6514
2014-02-13,122408,SBI DEBT FUND SERIES - 366 DAYS - 28 - REGULAR PLAN - GROWTH,10.6471
2014-02-13,122418,Pramerica Fixed Duration Fund - Series 13 - Regular Plan - Dividend Option,1068.2971
2014-02-13,122426,Birla Sun Life Fixed Term Plan - Series GX (366 days) - Direct Plan-Normal Dividend,10.567
2014-02-13,122427,Birla Sun Life Fixed Term Plan - Series GX (366 days) - Direct Plan-Growth,10.5668
2014-02-13,122428,Birla Sun Life Fixed Term Plan - Series GX (366 days) - Regular Plan-Normal Dividend,10.5604
2014-02-13,122429,Birla Sun Life Fixed Term Plan - Series GX (366 days) - Direct Plan-Quarterly Dividend,10.4817
2014-02-13,122430,Birla Sun Life Fixed Term Plan - Series GX (366 days) - Regular Plan-Growth,10.5604
2014-02-13,122431,Birla Sun Life Fixed Term Plan - Series GX (366 days) - Regular Plan-Quarterly Dividend,10.476
2014-02-13,122433,Birla Sun Life Fixed Term Plan - Series GY (366 days) - Direct Plan-Normal Dividend,10.5975
2014-02-13,122434,Birla Sun Life Fixed Term Plan - Series GY (366 days) - Direct Plan-Growth,10.5973
2014-02-13,122435,Birla Sun Life Fixed Term Plan - Series GY (366 days) - Regular Plan-Growth,10.5906
2014-02-13,122437,Birla Sun Life Fixed Term Plan - Series GY (366 days) - Regular Plan-Quarterly Dividend,10.5009
2014-02-13,122438,Birla Sun Life Fixed Term Plan - Series GY (366 days) - Regular Plan-Normal Dividend,10.5906
2014-02-13,122439,ICICI Prudential Multiple Yield Fund - Series 3 - Plan D - Direct Plan - Cumulative,10.4134
2014-02-13,122440,ICICI Prudential Multiple Yield Fund - Series 3 - Plan D - Direct Plan - Dividend,10.4134
2014-02-13,122441,ICICI Prudential Multiple Yield Fund - Series 3 - Plan D - Cumulative,10.3203
2014-02-13,122442,ICICI Prudential Multiple Yield Fund - Series 3 - Plan D -Dividend,10.3203
2014-02-13,122443,Franklin India Money Market Fund Retail Option - Daily - IDCW,10.0339
2014-02-13,122444,Franklin India Money Market Fund Retail Option - Direct - Daily - IDCW,10.0357
2014-02-13,122448,DWS Interval Fund - Annual Plan Series 1 (DIF 1)- Direct Plan-Growth,10.4575
2014-02-13,122450,DWS Interval Fund - Annual Plan Series 1 (DIF 1)-Regular Plan-Quarterly Dividend,10.2524
2014-02-13,122451,DWS Interval Fund - Annual Plan Series 1 (DIF 1)- Regular Plan-Growth,10.4542
2014-02-13,122452,DWS Interval Fund - Annual Plan Series 1 (DIF 1)- Regular Plan-Annual Dividend,10.4543
2014-02-13,122455,Reliance Fixed Horizon Fund - XXIII - Series 11 - Dividend Payout Option,10.3795
2014-02-13,122457,Reliance Fixed Horizon Fund - XXIII - Series 11 - Growth Option,10.3795
2014-02-13,122458,Reliance Fixed Horizon Fund - XXIII - Series 11 - Direct Plan - Growth Option,10.3989
2014-02-13,122459,LIC NOMURA MF FIXED MATURITY PLAN SERIES 63 - DIRECT PLAN - DIVIDEND PAYOUT,10.5775
2014-02-13,122460,LIC NOMURA MF FIXED MATURITY PLAN SERIES 63 - DIRECT PLAN - GROWTH,10.5775
2014-02-13,122461,LIC NOMURA MF FIXED MATURITY PLAN SERIES 63 - GROWTH,10.5734
2014-02-13,122462,LIC NOMURA MF FIXED MATURITY PLAN SERIES 63 - DIVIDEND PAYOUT,10.5734
2014-02-13,122463,HDFC FMP 370D May 2013 (1)-Regular Option-Growth Option,10.5895
2014-02-13,122464,HDFC FMP 370D May 2013 (1)-Regular Option-Dividend Option,10.5895
2014-02-13,122465,HDFC FMP 370D May 2013 (1)-Direct Option-Quarterly Dividend Option,10.111
2014-02-13,122466,HDFC FMP 370D May 2013 (1)-Direct Option-Flexi Option,10.5936
2014-02-13,122467,HDFC FMP 370D May 2013 (1)-Regular Option-Quarterly Dividend Option,10.1101
2014-02-13,122468,HDFC FMP 370D May 2013 (1)-Direct Option-Growth Option,10.5936
2014-02-13,122469,HDFC FMP 370D May 2013 (1)-Direct Option-Dividend Option,10.5936
2014-02-13,122470,HDFC FMP 370D May 2013 (1)-Regular Option-Flexi Option,10.5895
2014-02-13,122471,HDFC FMP 366D May 2013 (1)-Regular Option-Growth Option,10.5673
2014-02-13,122472,HDFC FMP 366D May 2013 (1)-Regular Option-Dividend Option,10.5673
2014-02-13,122473,HDFC FMP 366D May 2013 (1)-Direct Option-Growth Option,10.5713
2014-02-13,122474,HDFC FMP 366D May 2013 (1)-Direct Option-Dividend Option,10.5713
2014-02-13,122475,HDFC FMP 366D May 2013 (1)-Direct Option-Quarterly Dividend Option,10.1105
2014-02-13,122476,HDFC FMP 366D May 2013 (1)-Regular Option-Flexi Option,10.5673
2014-02-13,122477,HDFC FMP 366D May 2013 (1)-Regular Option-Quarterly Dividend Option,10.1099
2014-02-13,122478,HDFC FMP 366D May 2013 (1)-Direct Option-Flexi Option,10.5713
2014-02-13,122479,HDFC FMP 366D May 2013 (2)-Regular Option-Quarterly Dividend Option,10.1074
2014-02-13,122480,HDFC FMP 366D May 2013 (2)-Direct Option-Growth Option,10.5329
2014-02-13,122481,HDFC FMP 366D May 2013 (2)-Direct Option-Dividend Option,10.5329
2014-02-13,122482,HDFC FMP 366D May 2013 (2)-Direct Option-Flexi Option,10.5329
2014-02-13,122483,HDFC FMP 366D May 2013 (2)-Direct Option-Quarterly Dividend Option,10.108
2014-02-13,122484,HDFC FMP 366D May 2013 (2)-Regular Option-Growth Option,10.5291
2014-02-13,122485,HDFC FMP 366D May 2013 (2)-Regular Option-Flexi Option,10.5291
2014-02-13,122486,HDFC FMP 366D May 2013 (2)-Regular Option-Dividend Option,10.5291
2014-02-13,122487,DSP BlackRock Dual Advantage Fund - Series 15 - 36M - Direct Plan - Growth Option,10.2083
2014-02-13,122488,DSP BlackRock Dual Advantage Fund - Series 15 - 36M - Direct Plan - Dividend Payout Option,10.2083
2014-02-13,122489,DSP BlackRock Dual Advantage Fund - Series 15 - 36M - Regular Plan - Growth Option,10.1718
2014-02-13,122490,DSP BlackRock Dual Advantage Fund - Series 15 - 36M - Regular Plan - Dividend Payout Option,10.1718
2014-02-13,122509,Reliance Dual Advantage Fixed Tenure Fund III -Plan C- Direct Plan - Growth Option,10.4139
2014-02-13,122510,Reliance Dual Advantage Fixed Tenure Fund III - Plan C - Direct Plan - Dividend Option,10.4139
2014-02-13,122511,Reliance Dual Advantage Fixed Tenure Fund III - Plan C - Growth Option,10.3437
2014-02-13,122512,Reliance Dual Advantage Fixed Tenure Fund III - Plan C - Dividend Option,10.3437
2014-02-13,122513,UTI FTIF Series XV -II (367 DAYS) - Growth Option -Direct,10.6219
2014-02-13,122514,UTI FTIF Series XV -II (367 DAYS) - Growth Option,10.6177
2014-02-13,122515,UTI FTIF Series XV -II (367 DAYS) - Annual Dividend Option,10.6177
2014-02-13,122516,UTI FTIF Series XV -II (367 DAYS) - Annual Div Option - Direct,10.6219
2014-02-13,122517,UTI FTIF Series XV -II (367 DAYS) - Maturity Div Option - Direct,10.6219
2014-02-13,122518,UTI FTIF Series XV -II (367 DAYS) - Maturity Div Option,10.6177
2014-02-13,122519,UTI FTIF Series XV -II (367 DAYS) - Quarterly Div Option,10.1118
2014-02-13,122520,UTI FTIF Series XV -II (367 DAYS) - Quarterly Div option - Direct,10.1125
2014-02-13,122531,ICICI Prudential Savings Fund - Monthly IDCW,100.5201
2014-02-13,122532,ICICI Prudential Multiple Yield Fund - Series 4 - 1825 Days - Plan A - Direct Plan - Cumulative,10.5894
2014-02-13,122533,ICICI Prudential Multiple Yield Fund - Series 4 - 1825 Days - Plan A - Direct Plan - Dividend,10.5894
2014-02-13,122534,ICICI Prudential Multiple Yield Fund - Series 4 - 1825 Days - Plan A - Dividend,10.5045
2014-02-13,122535,ICICI Prudential Multiple Yield Fund - Series 4 - 1825 Days - Plan A -Cumulative,10.5045
2014-02-13,122536,Union KBC Fixed Maturity Plan - Series 7 - Regular Plan - Growth Option,10.501
2014-02-13,122537,Union KBC Fixed Maturity Plan - Series 7 - Direct Plan - Growth Option,10.5085
2014-02-13,122539,Union KBC Fixed Maturity Plan - Series 7 - Regular Plan - Dividend Payout Option,10.501
2014-02-13,122540,LIC MF FIXED MATURITY PLAN SERIES 64 - DIRECT PLAN - DIVIDEND PAYOUT,10.4498
2014-02-13,122541,LIC MF FIXED MATURITY PLAN SERIES 64 - DIRECT PLAN - GROWTH,10.4495
2014-02-13,122542,LIC MF FIXED MATURITY PLAN SERIES 64 - GROWTH,10.4456
2014-02-13,122543,LIC MF FIXED MATURITY PLAN SERIES 64 - DIVIDEND PAYOUT,10.4456
2014-02-13,122544,LIC NOMURA MF FIXED MATURITY PLAN SERIES 55 - DIRECT PLAN - GROWTH,10.5368
2014-02-13,122545,LIC NOMURA MF FIXED MATURITY PLAN SERIES 55 - DIVIDEND PAYOUT,10.5292
2014-02-13,122546,LIC NOMURA MF FIXED MATURITY PLAN SERIES 55 - DIRECT PLAN - DIVIDEND PAYOUT,10.5369
2014-02-13,122547,LIC NOMURA MF FIXED MATURITY PLAN SERIES 55 - GROWTH,10.5291
2014-02-13,122554,UTI FTIF Series XV -III (366 DAYS) - Annual Div Option,10.5694
2014-02-13,122555,UTI FTIF Series XV -III (366 DAYS) - Growth Option,10.5694
2014-02-13,122556,UTI FTIF Series XV -III (366 DAYS) - Growth Option - Direct,10.5733
2014-02-13,122557,UTI FTIF Series XV -III (366 DAYS) - Quarterly Div Option,10.1117
2014-02-13,122558,UTI FTIF Series XV -III (366 DAYS) - Maturity Div Option,10.5696
2014-02-13,122561,UTI FTIF Series XV -III (366 DAYS) - Quarterly Div Option - Direct,10.1124
2014-02-13,122582,HDFC FMP 1107D May 2013 (1)-Regular Option-Growth Option,10.3358
2014-02-13,122583,HDFC FMP 1107D May 2013 (1)-Regular Option-Dividend Option,10.3358
2014-02-13,122584,HDFC FMP 1107D May 2013 (1)-Regular Option-Flexi Option,10.3358
2014-02-13,122585,HDFC FMP 1107D May 2013 (1)-Regular Option-Quarterly Dividend Option,10.1315
2014-02-13,122586,HDFC FMP 1107D May 2013 (1)-Direct Option-Growth Option,10.3509
2014-02-13,122587,HDFC FMP 1107D May 2013 (1)-Direct Option-Dividend Option,10.3509
2014-02-13,122588,HDFC FMP 1107D May 2013 (1)-Direct Option-Quarterly Dividend Option,10.1342
2014-02-13,122589,HDFC FMP 1107D May 2013 (1)-Direct Option-Flexi Option,10.3509
2014-02-13,122590,Religare Invesco Fixed Maturity Plan - Series XIX - Plan A (367 Days) - Growth,10.5421
2014-02-13,122591,Religare Invesco Fixed Maturity Plan - Series XIX - Plan A (367 Days) - Direct Plan - Growth,10.546
2014-02-13,122592,Religare Invesco Fixed Maturity Plan - Series XIX - Plan A (367 Days) - Direct Plan - Dividend Payout Option,10.5434
2014-02-13,122594,DWS Hybrid Fixed Term Fund - Series 14 - Regular Plan - Growth,10.4585
2014-02-13,122595,DWS Hybrid Fixed Term Fund - Series 14 - Regular Plan - Dividend (Payout),10.4628
2014-02-13,122596,DWS Hybrid Fixed Term Fund - Series 14 - Direct Plan - Growth,10.5312
2014-02-13,122606,ICICI Prudential Floating Interest Fund - Monthly IDCW,100.3742
2014-02-13,122607,ICICI Prudential Floating Interest Fund - Direct Plan - Monthly IDCW,100.326
2014-02-13,122608,ICICI Prudential Fixed Maturity Plan-Series 68-745 Days Plan C - Direct Plan - Cumulative,10.4534
2014-02-13,122609,ICICI Prudential Fixed Maturity Plan-Series 68-745 Days Plan C - Direct Plan - Dividend,10.4534
2014-02-13,122610,ICICI Prudential Fixed Maturity Plan-Series 68-745 Days Plan C - Dividend,10.4422
2014-02-13,122611,ICICI Prudential Fixed Maturity Plan-Series 68-745 Days Plan C - Cumulative,10.4422
2014-02-13,122612,360 ONE Dynamic Bond Fund - Regular Plan - Growth Option,9.6812
2014-02-13,122613,ICICI Prudential Dynamic Bond Fund - Bonus,13.4298
2014-02-13,122614,Reliance Fixed Horizon Fund - XXIII - Series 12 - Growth Option,10.342
2014-02-13,122615,Reliance Fixed Horizon Fund - XXIII - Series 12 - Direct Plan - Growth  Option,10.3558
2014-02-13,122617,Reliance Fixed Horizon Fund - XXIII - Series 12 - Dividend Payout Option,10.342
2014-02-13,122618,BANDHAN Dynamic Bond Fund-Direct Plan-Half Yearly IDCW,9.6223
2014-02-13,122620,SBI DEBT FUND SERIES - 366 DAYS - 29 - REGULAR PLAN - DIVIDEND,10.5231
2014-02-13,122621,SBI DEBT FUND SERIES - 366 DAYS - 29 - DIRECT PLAN - GROWTH,10.5268
2014-02-13,122622,SBI DEBT FUND SERIES - 366 DAYS - 29 - REGULAR PLAN - GROWTH,10.5231
2014-02-13,122624,UTI FTIF Series XV -IV (368 DAYS) - Growth Option,10.5377
2014-02-13,122626,UTI FTIF Series XV -IV (368 DAYS) - Growth Option - Direct,10.5415
2014-02-13,122628,UTI FTIF Series XV -IV (368 DAYS) - Annual Div Option,10.5377
2014-02-13,122629,UTI FTIF Series XV -IV (368 DAYS) - Quarterly Div Option,10.1087
2014-02-13,122630,UTI FTIF Series XV -IV (368 DAYS) - Quarterly Div Option - Direct,10.1094
2014-02-13,122631,HDFC FMP 372D May 2013 (1)-Regular Option-Growth Option,10.5146
2014-02-13,122632,HDFC FMP 372D May 2013 (1)-Regular Option-Dividend Option,10.5146
2014-02-13,122633,HDFC FMP 372D May 2013 (1)-Regular Option-Quarterly Dividend Option,10.1041
2014-02-13,122634,HDFC FMP 372D May 2013 (1)-Regular Option-Flexi Option,10.5146
2014-02-13,122635,HDFC FMP 372D May 2013 (1)-Direct Option-Growth Option,10.5183
2014-02-13,122636,HDFC FMP 372D May 2013 (1)-Direct Option-Dividend Option,10.5183
2014-02-13,122637,HDFC FMP 372D May 2013 (1)-Direct Option-Quarterly Dividend Option,10.1047
2014-02-13,122638,HDFC FMP 372D May 2013 (1)-Direct Option-Flexi Option,10.5183
2014-02-13,122639,Parag Parikh Flexi Cap Fund - Direct Plan - Growth,10.6896
2014-02-13,122640,Parag Parikh Flexi Cap Fund - Regular Plan - Growth,10.6537
2014-02-13,122641,UTI FIIF Half Yearly Plan I - Direct Plan - IDCW,10.1738
2014-02-13,122642,UTI Fixed  Income Interval Fund ( Half Yearly Plan - I) - Direct Plan - Growth Option,16.4932
2014-02-13,122643,Aditya Birla Sun Life Floating Rate Fund-Regular - DAILY IDCW,100.3952
2014-02-13,122644,Aditya Birla Sun Life Floating Rate Fund-Regular Plan-Growth,151.1105
2014-02-13,122645,Aditya Birla Sun Life Floating Rate Fund-Direct - daily IDCW,100.3918
2014-02-13,122646,Aditya Birla Sun Life Floating Rate Fund-Direct Plan-Growth,151.3902
2014-02-13,122647,Aditya Birla Sun Life Floating Rate Fund-REGULAR - WEEKLY IDCW,100.0441
2014-02-13,122648,Aditya Birla Sun Life Floating Rate Fund-Direct - weekly IDCW,100.0453
2014-02-13,122649,Aditya Birla Sun Life Floating Rate Fund-RETAIL - WEEKLY IDCW,100.0427
2014-02-13,122650,Aditya Birla Sun Life Floating Rate Fund-Retail Plan-Growth,218.6126
2014-02-13,122651,ICICI Prudential Savings Fund - Direct Plan - Monthly IDCW,100.6629
2014-02-13,122652,Reliance Yearly Interval Fund - Series 8 - Growth Plan - Growth Option,10.4992
2014-02-13,122653,Reliance Yearly Interval Fund - Series 8 - Direct Plan - Growth Plan - Growth Option,10.5027
2014-02-13,122654,Reliance Yearly Interval Fund - Series 8 - Direct Plan - Dividend Plan - Dividend Option,10.5027
2014-02-13,122655,Reliance Yearly Interval Fund - Series 8 - Dividend Plan - Dividend Option,10.4992
2014-02-13,122657,ICICI Prudential Multiple Yield Fund - Series 4 - 1825 Days - Plan B - Direct Plan - Dividend,10.5886
2014-02-13,122658,ICICI Prudential Multiple Yield Fund - Series 4 - 1825 Days - Plan B - Cumulative,10.5061
2014-02-13,122659,ICICI Prudential Multiple Yield Fund - Series 4 - 1825 Days - Plan B - Direct Plan - Cumulative,10.5886
2014-02-13,122660,ICICI Prudential Multiple Yield Fund - Series 4 - 1825 Days - Plan B -Dividend,10.5061
2014-02-13,122661,ICICI Prudential Multiple Yield Fund - Series 4 - 1100 Days - Plan C - Direct Plan - Cumulative,10.621
2014-02-13,122662,ICICI Prudential Multiple Yield Fund - Series 4 - 1100 Days - Plan C - Cumulative,10.5393
2014-02-13,122663,ICICI Prudential Multiple Yield Fund - Series 4 - 1100 Days - Plan C - Dividend,10.5393
2014-02-13,122664,ICICI Prudential Multiple Yield Fund - Series 4 - 1100 Days - Plan C - Direct Plan - Dividend,10.621
2014-02-13,122673,ICICI Prudential Long Term Bond Fund - Bonus,36.6549
2014-02-13,122674,ICICI Prudential Short Term Fund - Bonus,25.2628
2014-02-13,122675,DWS Insta Cash Plus Fund - Direct Plan -  Annual Bonus Option,164.2988
2014-02-13,122677,DWS Ultra Short Term Fund - Direct Plan - Annual Bonus,15.1186
2014-02-13,122683,DWS Short Maturity Fund - Direct Plan - Annual Bonus,15.0826
2014-02-13,122684,DWS Short Maturity Fund - Annual Bonus,14.943
2014-02-13,122688,DWS Premier Bond Fund - Annual Bonus,20.2407
2014-02-13,122691,ICICI Prudential Fixed Maturity Plan-Series 68-368 Days Plan D - Direct Plan - Dividend,10.4668
2014-02-13,122692,ICICI Prudential Fixed Maturity Plan-Series 68-368 Days Plan D - Regular Plan - Cumulative,10.4642
2014-02-13,122693,ICICI Prudential Fixed Maturity Plan-Series 68-368 Days Plan D - Regular Plan - Dividend,10.4642
2014-02-13,122694,ICICI Prudential Fixed Maturity Plan-Series 68-368 Days Plan D - Direct Plan - Cumulative,10.4668
2014-02-13,122695,DSP BlackRock Dual Advantage Fund - Series 16 - 36M - Regular Plan - Growth Option,10.4821
2014-02-13,122696,DSP BlackRock Dual Advantage Fund - Series 16 - 36M - Regular Plan - Dividend Payout Option,10.4821
2014-02-13,122698,DSP BlackRock Dual Advantage Fund - Series 16 - 36M - Direct Plan - Growth Option,10.5144
2014-02-13,122699,Reliance Dual Advantage Fixed Tenure Fund III - Plan D - Dividend Payout Option,10.4626
2014-02-13,122700,Reliance Dual Advantage Fixed Tenure Fund III - Plan D - Direct Plan - Dividend Payout Option,10.527
2014-02-13,122701,Reliance Dual Advantage Fixed Tenure Fund III - Plan D - Growth Option,10.4626
2014-02-13,122702,Reliance Dual Advantage Fixed Tenure Fund III - Plan D - Direct Plan - Growth Option,10.527
2014-02-13,122703,JPMorgan India Fixed Maturity Plan - Series 21 - Regular Plan - Dividend Option,10.4944
2014-02-13,122704,JPMorgan India Fixed Maturity Plan - Series 21 - Direct Plan - Dividend Option,10.4979
2014-02-13,122705,JPMorgan India Fixed Maturity Plan - Series 21 - Regular Plan - Growth Option,10.4944
2014-02-13,122706,JPMorgan India Fixed Maturity Plan - Series 21 - Direct Plan - Growth Option,10.4979
2014-02-13,122711,360 ONE Dynamic Bond Fund Regular Plan Bonus,9.6812
2014-02-13,122712,360 ONE Dynamic Bond Fund Regular Plan Quarterly Dividend,9.6812
2014-02-13,122715,360 ONE Dynamic Bond Fund Direct Plan Growth,9.7125
2014-02-13,122719,360 ONE Dynamic Bond Fund Regular Plan Monthly Dividend,9.6812
2014-02-13,122720,360 ONE Dynamic Bond Fund Regular Plan Half Yearly Dividend,9.6812
2014-02-13,122721,360 ONE Dynamic Bond Fund Direct Plan Monthly Dividend,9.7125
2014-02-13,122722,360 ONE Dynamic Bond Fund Direct Plan Half Yearly Dividend,9.7125
2014-02-13,122726,Reliance Yearly Interval Fund - Series 9 - Direct Plan - Growth Plan - Growth Option,10.4663
2014-02-13,122727,Reliance Yearly Interval Fund - Series 9 - Dividend Plan - Dividend Option,10.4656
2014-02-13,122729,Reliance Yearly Interval Fund - Series 9 - Growth Plan - Growth Option,10.4656
2014-02-13,122730,IDFC FTP - Series 20(366 Days)-Regular Plan-Half yearly Dividend,10.4528
2014-02-13,122731,IDFC FTP - Series 20(366 Days)-Regular Plan-Periodic Dividend,10.464
2014-02-13,122732,IDFC FTP - Series 20(366 Days)-Direct Plan-Growth,10.4675
2014-02-13,122736,IDFC FTP - Series 20(366 Days)-Regular Plan-Quarterly Dividend,10.2876
2014-02-13,122737,IDFC FTP - Series 20(366 Days)-Regular Plan-Growth,10.464
2014-02-13,122740,Tata FMP Series 42 Scheme I- Plan A -Growth Option,10.4564
2014-02-13,122741,Tata FMP Series 42 Scheme I- Direct Plan -Growth Option,10.4627
2014-02-13,122742,Tata FMP Series 42 Scheme I- Plan A -Periodic Dividend,10.4564
2014-02-13,122743,Tata FMP Series 42 Scheme I- Direct Plan -Periodic Dividend,10.4627
2014-02-13,122744,Tata Dual Advantage Fund Scheme A-Plan A:Growth,10.3918
2014-02-13,122745,Tata Dual Advantage Fund Scheme A-Plan A:Dividend,10.3919
2014-02-13,122746,Tata Dual Advantage Fund Scheme A-Direct Plan:Growth,10.5971
2014-02-13,122747,Tata Dual Advantage Fund Scheme A-Direct Plan :Dividend,10.5923
2014-02-13,122748,ICICI Prudential Savings Fund - Fortnightly IDCW,100.6982
2014-02-13,122749,L&T FMP - Series VIII - Plan A - Growth - Regular Plan,10.4942
2014-02-13,122750,L&T FMP - Series VIII - Plan A - Dividend Payout - Regular Plan,10.4942
2014-02-13,122751,L&T FMP - Series VIII - Plan A - Growth - Direct Plan,10.4977
2014-02-13,122752,L&T FMP - Series VIII - Plan A - Dividend Payout-Direct Plan,10.4977
2014-02-13,122753,ICICI Prudential Multiple Yield Fund - Series 4 - 1825 Days - Plan D - Direct Plan - Dividend,10.6399
2014-02-13,122754,ICICI Prudential Multiple Yield Fund - Series 4 - 1825 Days - Plan D - Direct Plan - Cumulative,10.6399
2014-02-13,122755,ICICI Prudential Multiple Yield Fund - Series 4 - 1825 Days - Plan D - Cumulative,10.5546
2014-02-13,122756,ICICI Prudential Multiple Yield Fund - Series 4 - 1825 Days - Plan D -Dividend,10.5546
2014-02-13,122757,UTI FTIF Series XV -V (366 DAYS) - Annual Div Option,10.5017
2014-02-13,122758,UTI FTIF Series XV -V (366 DAYS) - Annual Div Option - Direct,10.5052
2014-02-13,122759,UTI FTIF Series XV -V (366 DAYS) - Maturity Div Option - Direct,10.5052
2014-02-13,122760,UTI FTIF Series XV -V (366 DAYS) - Growth Option,10.5016
2014-02-13,122761,UTI FTIF Series XV -V (366 DAYS) - Growth Option -Direct,10.5052
2014-02-13,122762,UTI FTIF Series XV -V (366 DAYS) - Quarterly Div Option,10.1062
2014-02-13,122763,UTI FTIF Series XV -V (366 DAYS) - Quarterly Div Option - Direct,10.1069
2014-02-13,122764,UTI FTIF Series XV -V (366 DAYS) - Maturity Div Option,10.5016
2014-02-13,122765,NIPPON INDIA AGGRESSIVE HYBRID FUND - QUARTERLY IDCW Option,10.7593
2014-02-13,122766,NIPPON INDIA AGGRESSIVE HYBRID FUND - DIRECT Plan - QUARTERLY IDCW Option,10.4782
2014-02-13,122768,Kotak FMP Series 104 Direct Dividend,10.4932
2014-02-13,122769,Kotak FMP Series 104 Direct Growth,10.4932
2014-02-13,122770,Kotak FMP Series 104 Growth,10.4898
2014-02-13,122771,Kotak FMP Series 104 Dividend,10.4898
2014-02-13,122772,ICICI Prudential Fixed Maturity Plan-Series 68-369 Days Plan E - Regular Plan - Dividend,10.4571
2014-02-13,122773,ICICI Prudential Fixed Maturity Plan-Series 68-369 Days Plan E - Direct Plan - Cumulative,10.4597
2014-02-13,122774,ICICI Prudential Fixed Maturity Plan-Series 68-369 Days Plan E - Direct Plan - Dividend,10.4597
2014-02-13,122775,ICICI Prudential Fixed Maturity Plan-Series 68-369 Days Plan E - Regular Plan - Cumulative,10.4571
2014-02-13,122776,ICICI Prudential Fixed Maturity Plan-Series 68-745 Days Plan F - Direct Plan - Cumulative,10.4001
2014-02-13,122777,ICICI Prudential Fixed Maturity Plan-Series 68-745 Days Plan F - Direct Plan - Dividend,10.4001
2014-02-13,122778,ICICI Prudential Fixed Maturity Plan-Series 68-745 Days Plan F - Cumulative,10.3896
2014-02-13,122779,ICICI Prudential Fixed Maturity Plan-Series 68-745 Days Plan F - Dividend,10.3896
2014-02-13,122780,LIC NOMURA MF FIXED MATURITY PLAN SERIES 66 - DIRECT PLAN- DIVIDEND PAYOUT,10.4423
2014-02-13,122781,LIC NOMURA MF FIXED MATURITY PLAN SERIES 66 - DIRECT PLAN - GROWTH,10.4423
2014-02-13,122782,LIC NOMURA MF FIXED MATURITY PLAN SERIES 66 - DIVIDEND PAYOUT,10.4356
2014-02-13,122783,LIC NOMURA MF FIXED MATURITY PLAN SERIES 66 - GROWTH,10.4357
2014-02-13,122784,Invesco India Arbitrage Fund - Direct Plan - Bonus Option,16.3598
2014-02-13,122785,Invesco India Arbitrage Fund - Bonus Option,16.2292
2014-02-13,122786,Invesco India Liquid Fund - Bonus Option,1743.1728
2014-02-13,122787,Religare Invesco Liquid Fund - Direct Plan - Bonus Option,1744.2754
2014-02-13,122788,SBI DEBT FUND SERIES - 366 DAYS - 30 - DIRECT PLAN - DIVIDEND,10.4778
2014-02-13,122789,SBI DEBT FUND SERIES - 366 DAYS - 30 - REGULAR PLAN - GROWTH,10.4744
2014-02-13,122790,SBI DEBT FUND SERIES - 366 DAYS - 30 - DIRECT PLAN - GROWTH,10.4778
2014-02-13,122791,SBI DEBT FUND SERIES - 366 DAYS - 30 - REGULAR PLAN - DIVIDEND,10.4744
2014-02-13,122792,Religare Invesco Overnight Fund - Bonus Option,1488.846
2014-02-13,122793,Religare Invesco Overnight Fund - Direct Plan - Bonus Option,1493.7054
2014-02-13,122794,Religare Invesco Credit Opportunities Fund - Bonus Option,1439.3847
2014-02-13,122795,Religare Invesco Credit Opportunities Fund - Direct Plan - Bonus Option,1443.6026
2014-02-13,122797,Religare Invesco Short Term Fund - Direct Plan - Bonus Option,1690.6599
2014-02-13,122798,Religare Invesco GILT Fund - Long Duration Plan - Direct Plan - Bonus Option,1287.7855
2014-02-13,122799,Invesco India GILT Fund - Bonus Option,1281.4956
2014-02-13,122800,Religare Invesco GILT Fund - Short Duration Plan - Bonus Option,1407.0086
2014-02-13,122801,Religare Invesco GILT Fund - Short Duration Plan - Direct Plan - Bonus Option,1414.932
2014-02-13,122802,Invesco India Medium Term Bond Fund - Bonus Option,1259.2092
2014-02-13,122803,Religare Invesco Medium Term Bond Fund - Direct Plan - Bonus Option,1269.5086
2014-02-13,122805,Religare Invesco Bank Debt Fund - Direct Plan - Bonus Option,1093.7939
2014-02-13,122806,Invesco India Bank Debt Fund - Bonus Option,1081.4117
2014-02-13,122812,SBI DEBT FUND SERIES - 366 DAYS - 31 - DIRECT PLAN - DIVIDEND,10.4662
2014-02-13,122813,SBI DEBT FUND SERIES - 366 DAYS - 31 - DIRECT PLAN - GROWTH,10.4662
2014-02-13,122814,SBI DEBT FUND SERIES - 366 DAYS - 31 - REGULAR PLAN - DIVIDEND,10.4628
2014-02-13,122815,SBI DEBT FUND SERIES - 366 DAYS - 31 - REGULAR PLAN - GROWTH,10.4628
2014-02-13,122816,Union KBC Capital Protection Oriented Fund - Series 3 - Regular Plan - Growth Option,10.2581
2014-02-13,122817,Union KBC Capital Protection Oriented Fund - Series 3 - Regular Plan - Dividend Option,10.2581
2014-02-13,122818,Union KBC Capital Protection Oriented Fund - Series 3 - Direct Plan - Dividend Option,10.3009
2014-02-13,122819,Union KBC Capital Protection Oriented Fund - Series 3 - Direct Plan - Growth Option,10.3009
2014-02-13,122820,HDFC FMP 369D June 2013 (1)-Regular Option-Growth Option,10.4548
2014-02-13,122821,HDFC FMP 369D June 2013 (1)-Regular Option-Dividend Option,10.4548
2014-02-13,122823,HDFC FMP 369D June 2013 (1)-Direct Option-Growth Option,10.4581
2014-02-13,122824,HDFC FMP 369D June 2013 (1)-Direct Option-Dividend Option,10.4581
2014-02-13,122825,HDFC FMP 369D June 2013 (1)-Regular Option-Quarterly Dividend Option,10.1011
2014-02-13,122828,UTI FTIF Series XV -VI (368 DAYS) - Growth Option,10.4572
2014-02-13,122829,UTI FTIF Series XV -VI (368 DAYS) - Growth Option - Direct,10.4605
2014-02-13,122830,UTI FTIF Series XV -VI (368 DAYS) - Annual Dividend Option,10.4572
2014-02-13,122831,UTI FTIF Series XV -VI (368 DAYS) - Annual Div Option - Direct,10.4605
2014-02-13,122832,UTI FTIF Series XV -VI (368 DAYS) - Quarterly Dividend Option,10.1041
2014-02-13,122833,UTI FTIF Series XV -VI (368 DAYS) - Quarterly Div Option - Direct,10.1048
2014-02-13,122834,UTI FTIF Series XV -VI (368 DAYS) - Maturity Dividend Option,10.4572
2014-02-13,122835,UTI FTIF Series XV -VI (368 DAYS) - Maturity Div Option - Direct,10.4605
2014-02-13,122836,ICICI Prudential Interval Fund - Series VI - Annual Interval Plan - F - Direct Plan - Cumulative,10.4152
2014-02-13,122838,ICICI Prudential Interval Fund - Series VI - Annual Interval Plan - F - Regular Plan - Cumulative,10.4132
2014-02-13,122839,ICICI Prudential Interval Fund - Series VI - Annual Interval Plan - F - Regular Plan - Dividend,10.4132
2014-02-13,122840,DSP BlackRock FMP - Series 103 -12M - Regular Plan - Growth Option,10.4282
2014-02-13,122841,DSP BlackRock FMP - Series 103 -12M - Direct Plan - Dividend Payout - Quarterly Payout,10.4314
2014-02-13,122842,DSP BlackRock FMP - Series 103 -12M - Regular Plan - Dividend Payout - Quarterly Payout,10.4282
2014-02-13,122843,DSP BlackRock FMP - Series 103 -12M - Regular Plan - Dividend Payout - Regular Payout,10.4282
2014-02-13,122844,DSP BlackRock FMP - Series 103 -12M - Direct Plan - Growth Option,10.4314
2014-02-13,122845,DSP BlackRock FMP - Series 103 -12M - Direct Plan - Dividend Payout - Regular Payout,10.4314
2014-02-13,122846,Reliance Fixed Horizon Fund - XXIV - Series 1 - Growth Option,10.416
2014-02-13,122847,Reliance Fixed Horizon Fund - XXIV - Series 1 - Direct Plan - Growth Option,10.4191
2014-02-13,122848,Reliance Fixed Horizon Fund - XXIV - Series 1 - Dividend Payout Option,10.416
2014-02-13,122850,ICICI Prudential Multiple Yield Fund - Series 4 - 1100 Days - Plan E - Direct Plan - Cumulative,10.8241
2014-02-13,122851,ICICI Prudential Multiple Yield Fund - Series 4 - 1100 Days - Plan E -Dividend,10.7489
2014-02-13,122852,ICICI Prudential Multiple Yield Fund - Series 4 - 1100 Days - Plan E - Direct Plan - Dividend,10.8241
2014-02-13,122853,ICICI Prudential Multiple Yield Fund - Series 4 - 1100 Days - Plan E - Cumulative,10.7489
2014-02-13,122854,BNP Paribas Capital Protection Oriented Fund Series II - Direct Plan - Growth Option,10.3768
2014-02-13,122855,BNP Paribas Capital Protection Oriented Fund Series II - Dividend on Maturity Option,10.3623
2014-02-13,122856,BNP Paribas Capital Protection Oriented Fund Series II - Growth Option,10.3623
2014-02-13,122857,BNP Paribas Capital Protection Oriented Fund Series II - Direct Plan - Dividend on maturity Option,10.3766
2014-02-13,122858,IDFC FTP - Series 21(370 Days)- Direct Plan-Growth,10.414
2014-02-13,122863,IDFC FTP - Series 21(370 Days)- Regular Plan-Growth,10.4017
2014-02-13,122864,IDFC FTP - Series 21(370 Days)- Regular Plan-Quarterly Dividend,10.2476
2014-02-13,122865,IDFC FTP - Series 21(370 Days)- Regular Plan-Half Yearly Dividend,10.4017
2014-02-13,122866,IDFC FTP - Series 21(370 Days)- Regular Plan-Periodic Dividend,10.4017
2014-02-13,122868,BANDHAN Dynamic Bond Fund - Regular Plan B - Half Yearly IDCW,9.9029
2014-02-13,122869,HDFC FMP 370D July 2013 (1)-Regular Option-Growth Option,10.4118
2014-02-13,122870,HDFC FMP 370D July 2013 (1)-Regular Option-Dividend Option,10.4118
2014-02-13,122871,HDFC FMP 370D July 2013 (1)-Regular Option-Quarterly Dividend Option,10.1005
2014-02-13,122872,HDFC FMP 370D July 2013 (1)-Regular Option-Flexi Option,10.4118
2014-02-13,122873,HDFC FMP 370D July 2013 (1)-Direct Option-Quarterly Dividend Option,10.1012
2014-02-13,122874,HDFC FMP 370D July 2013 (1)-Direct Option-Dividend Option,10.4149
2014-02-13,122875,HDFC FMP 370D July 2013 (1)-Direct Option-Flexi Option,10.4149
2014-02-13,122876,HDFC FMP 370D July 2013 (1)-Direct Option-Growth Option,10.4149
2014-02-13,122891,ICICI Prudential Floating Interest Fund - Quarterly IDCW,101.2451
2014-02-13,122892,ICICI Prudential Fixed Maturity Plan-Series 68-368 Days Plan G - Direct Plan - Cumulative,10.5121
2014-02-13,122893,ICICI Prudential Fixed Maturity Plan-Series 68-368 Days Plan G - Cumulative,10.5091
2014-02-13,122894,ICICI Prudential Fixed Maturity Plan-Series 68-368 Days Plan G - Dividend,10.5091
2014-02-13,122895,ICICI Prudential Fixed Maturity Plan-Series 68-368 Days Plan G - Direct Plan - Dividend,10.5121
2014-02-13,122896,ICICI Prudential Fixed Maturity Plan-Series 68-745 Days Plan H - Direct Plan - Cumulative,10.5059
2014-02-13,122898,ICICI Prudential Fixed Maturity Plan-Series 68-745 Days Plan H - Cumulative,10.4912
2014-02-13,122900,Reliance Fixed Horizon Fund - XXIV - Series 2 - Growth Option,10.5479
2014-02-13,122901,Reliance Fixed Horizon Fund - XXIV - Series 2 - Dividend Payout Option,10.5479
2014-02-13,122902,Reliance Fixed Horizon Fund - XXIV - Series 2 - Direct Plan - Growth Option,10.5683
2014-02-13,122903,Reliance Fixed Horizon Fund - XXIV - Series 2 - Direct Plan - Dividend Payout Option,10.5683
2014-02-13,122904,ICICI Prudential Savings Fund - Direct Plan - Fortnightly IDCW,100.8575
2014-02-13,122905,SBI DEBT FUND SERIES - 366 DAYS - 32 - DIRECT PLAN - GROWTH,10.4068
2014-02-13,122906,SBI DEBT FUND SERIES - 366 DAYS - 32 - REGULAR PLAN - GROWTH,10.4037
2014-02-13,122907,SBI DEBT FUND SERIES - 366 DAYS - 32 - DIRECT PLAN - DIVIDEND,10.4068
2014-02-13,122908,SBI DEBT FUND SERIES - 366 DAYS - 32 - REGULAR PLAN - DIVIDEND,10.4037
2014-02-13,122909,ICICI Prudential Short Term Fund - Direct Plan - Bonus,25.4184
2014-02-13,122910,Reliance Dual Advantage Fixed Tenure Fund IV - Plan A - Growth Option,10.669
2014-02-13,122911,Reliance Dual Advantage Fixed Tenure Fund IV - Plan A - Direct Plan- Dividend Payout option,10.7236
2014-02-13,122912,Reliance Dual Advantage Fixed Tenure Fund IV - Plan A - Dividend Option,10.669
2014-02-13,122913,Reliance Dual Advantage Fixed Tenure Fund IV - Plan A - Direct Plan -Growth Option,10.7236
2014-02-13,122914,UTI FTIF Series XV -VII (369 DAYS) - Quarterly Div Option,10.1039
2014-02-13,122915,UTI FTIF Series XV -VII (369 DAYS) - Quarterly Div Option - Direct,10.105
2014-02-13,122917,UTI FTIF Series XV -VII (369 DAYS) - Maturity Div Option - Direct,10.4316
2014-02-13,122918,UTI FTIF Series XV -VII (369 DAYS) -Growth Option,10.4284
2014-02-13,122919,UTI FTIF Series XV -VII (369 DAYS) -Growth Option - Direct,10.4316
2014-02-13,122920,UTI FTIF Series XV -VII (369 DAYS) - Maturity Div Option,10.4284
2014-02-13,122921,UTI FTIF Series XV -VII (369 DAYS) - Annual Div Option,10.4284
2014-02-13,122923,HSBC Floating Rate Fund - Long Term -Dividend -Daily,10.0179
2014-02-13,122924,HDFC FMP 370D July 2013 (2)-Direct Option-Dividend Option,10.548
2014-02-13,122925,HDFC FMP 370D July 2013 (2)-Regular Option-Dividend Option,10.5449
2014-02-13,122926,HDFC FMP 370D July 2013 (2)-Regular Option-Growth Option,10.5449
2014-02-13,122927,HDFC FMP 370D July 2013 (2)-Regular Option-Quarterly Dividend Option,10.1132
2014-02-13,122928,HDFC FMP 370D July 2013 (2)-Direct Option-Growth Option,10.548
2014-02-13,122929,HDFC FMP 370D July 2013 (2)-Regular Option-Flexi Option,10.5449
2014-02-13,122930,HDFC FMP 370D July 2013 (2)-Direct Option-Flexi Option,10.548
2014-02-13,122931,HDFC FMP 370D July 2013 (2)-Direct Option-Quarterly Dividend Option,10.1138
2014-02-13,122933,Birla Sun Life Interval Income Fund - Annual Plan VIII-Direct Plan-Growth,10.4201
2014-02-13,122934,Birla Sun Life Interval Income Fund - Annual Plan VIII-Regular Plan-Normal Dividend,10.4182
2014-02-13,122936,Birla Sun Life Interval Income Fund - Annual Plan VIII-Regular Plan-Growth,10.4182
2014-02-13,122938,DSP BlackRock FMP - Series 104 -12M (July 2016 Maturity) - Regular Plan - Growth Option,10.4753
2014-02-13,122939,DSP BlackRock FMP - Series 104 -12M (July 2016 Maturity) - Regular Plan - Dividend Payout - Quarterly Payout,10.4753
2014-02-13,122940,DSP BlackRock FMP - Series 104 -12M (July 2016 Maturity) - Regular Plan - Dividend Payout - Regular Payout,10.4753
2014-02-13,122941,DSP BlackRock FMP - Series 104 -12M (July 2016 Maturity) - Direct Plan - Growth Option,10.4782
2014-02-13,122942,DSP BlackRock FMP - Series 104 -12M (July 2016 Maturity) - Direct Plan - Dividend Payout - Quarterly Payout,10.4782
2014-02-13,122943,DSP BlackRock FMP - Series 104 -12M (July 2016 Maturity) - Direct Plan - Dividend Payout - Regular Payout,10.4782
2014-02-13,122944,Birla Sun Life Fixed Term Plan - Series HB (366 days) - Direct Plan-Normal Dividend,10.5085
2014-02-13,122945,Birla Sun Life Fixed Term Plan - Series HB (366 days) - Regular Plan-Growth,10.5071
2014-02-13,122946,Birla Sun Life Fixed Term Plan - Series HB (366 days) - Direct Plan-Quarterly Dividend,10.4333
2014-02-13,122947,Birla Sun Life Fixed Term Plan - Series HB (366 days) - Direct Plan-Growth,10.5085
2014-02-13,122948,Birla Sun Life Fixed Term Plan - Series HB (366 days) - Regular Plan-Normal Dividend,10.5071
2014-02-13,122949,Birla Sun Life Fixed Term Plan - Series HB (366 days) - Regular Plan-Quarterly Dividend,10.4322
2014-02-13,122950,Axis Hybrid Fund - Series 5 (1346 Days) - Regular Plan - Growth,10.2434
2014-02-13,122951,Axis Hybrid Fund - Series 5 (1346 Days) - Direct Plan - Growth,10.3007
2014-02-13,122952,Axis Hybrid Fund - Series 5 (1346 Days)- Direct Plan - Dividend,10.3007
2014-02-13,122953,Axis Hybrid Fund - Series 5 (1346 Days) - Regular Plan - Dividend,10.2432
2014-02-13,122954,ICICI Prudential Capital Protection Oriented Fund IV - PLAN A - 60 Months - Direct Plan - Cumulative,10.8317
2014-02-13,122956,ICICI Prudential Capital Protection Oriented Fund IV - PLAN A - 60 Months - Cumulative,10.7591
2014-02-13,122957,ICICI Prudential Capital Protection Oriented Fund IV - PLAN A - 60 Months - Dividend,10.7591
2014-02-13,122958,DWS FIXED MATURITY PLAN - SERIES 31 - DIRECT PLAN - DIVIDEND PAYOUT,10.5689
2014-02-13,122960,DWS FIXED MATURITY PLAN - SERIES 31- DIRECT PLAN - ANNUAL DIVIDEND PAYOUT,10.5689
2014-02-13,122961,DWS FIXED MATURITY PLAN - SERIES 31- DIRECT PLAN - GROWTH,10.5689
2014-02-13,122962,DWS FIXED MATURITY PLAN - SERIES 31 - REGULAR PLAN - DIVIDEND PAYOUT,10.5545
2014-02-13,122963,DWS FIXED MATURITY PLAN - SERIES 31- REGULAR PLAN - GROWTH,10.5545
2014-02-13,122966,DWS FIXED MATURITY PLAN - SERIES 31- REGULAR PLAN - QUARTERLY DIVIDEND,10.3526
2014-02-13,122967,DWS FIXED MATURITY PLAN - SERIES 31- REGULAR PLAN - ANNUAL DIVIDEND PAYOUT,10.5546
2014-02-13,122968,IDFC FTP - Series 23 (365 Days)-Regular Plan_Growth,10.57
2014-02-13,122971,IDFC FTP - Series 23 (365 Days) -Regular Plan_Quarterly Dividend,10.3108
2014-02-13,122975,IDFC FTP - Series 23 (365 Days) -Regular Plan_Periodic Dividend,10.57
2014-02-13,122976,IDFC FTP - Series 23 (365 Days) -Direct Plan_Growth,10.5847
2014-02-13,122978,DWS Cash Opportunities Fund - Direct Plan -  Annual  Bonus,16.8849
2014-02-13,122979,DWS Cash Opportunities Fund  -  Annual  Bonus,16.8632
2014-02-13,122982,ICICI Prudential Savings Fund - Direct Plan - Quarterly IDCW,101.8421
2014-02-13,122983,HDFC FMP 371D July 2013 (1)-Regular Option-Growth Option,10.5493
2014-02-13,122984,HDFC FMP 371D July 2013 (1)-Regular Option-Dividend Option,10.5493
2014-02-13,122985,HDFC FMP 371D July 2013 (1)-Direct Option-Dividend Option,10.5523
2014-02-13,122986,HDFC FMP 371D July 2013 (1)-Direct Option-Flexi Option,10.5523
2014-02-13,122987,HDFC FMP 371D July 2013 (1)-Regular Option-Quarterly Dividend Option,10.1236
2014-02-13,122988,HDFC FMP 371D July 2013 (1)-Regular Option-Flexi Option,10.5493
2014-02-13,122989,HDFC FMP 371D July 2013 (1)-Direct Option-Growth Option,10.5523
2014-02-13,122990,HDFC FMP 371D July 2013 (1)-Direct Option-Quarterly Dividend Option,10.1242
2014-02-13,122991,SBI DEBT FUND SERIES - 366 DAYS - 33 - DIRECT PLAN - DIVIDEND,10.4807
2014-02-13,122992,SBI DEBT FUND SERIES - 366 DAYS - 33 - REGULAR PLAN - GROWTH,10.4777
2014-02-13,122993,SBI DEBT FUND SERIES - 366 DAYS - 33 - REGULAR PLAN - DIVIDEND,10.4777
2014-02-13,122994,SBI DEBT FUND SERIES - 366 DAYS - 33 - DIRECT PLAN - GROWTH,10.4807
2014-02-13,122995,ICICI Prudential Savings Fund - Quarterly IDCW,101.7576
2014-02-13,122996,ICICI Prudential Fixed Maturity Plan-Series 68-745 Days Plan J - Direct Plan - Cumulative,10.5763
2014-02-13,122998,ICICI Prudential Fixed Maturity Plan-Series 68-745 Days Plan J - Cumulative,10.5617
2014-02-13,122999,ICICI Prudential Fixed Maturity Plan-Series 68-745 Days Plan J - Dividend,10.5617
2014-02-13,123000,ICICI Prudential Fixed Maturity Plan-Series 68-369 Days Plan I - Direct Plan - Cumulative,10.5844
2014-02-13,123001,ICICI Prudential Fixed Maturity Plan-Series 68-369 Days Plan I - Direct Plan - Dividend,10.5844
2014-02-13,123002,ICICI Prudential Fixed Maturity Plan-Series 68-369 Days Plan I - Cumulative,10.5814
2014-02-13,123003,ICICI Prudential Fixed Maturity Plan-Series 68-369 Days Plan I - Dividend,10.5814
2014-02-13,123004,ICICI Prudential Nifty 100 ETF,59.9433
2014-02-13,123005,Aditya Birla Sun Life Fixed Term Plan - Series HC (1099 days) - Direct Plan-Normal Dividend,10.5282
2014-02-13,123006,Aditya Birla Sun Life Fixed Term Plan - Series HC (1099 days) - Direct Plan-Quarterly Dividend,10.455
2014-02-13,123007,Aditya Birla Sun Life Fixed Term Plan - Series HC (1099 days) - Direct Plan-Growth,10.5282
2014-02-13,123008,Aditya Birla Sun Life Fixed Term Plan - Series HC (1099 days) - Regular Plan-Normal Dividend,10.5219
2014-02-13,123009,Aditya Birla Sun Life Fixed Term Plan - Series HC (1099 days) - Regular Plan-Quarterly Dividend,10.4495
2014-02-13,123010,Aditya Birla Sun Life Fixed Term Plan - Series HC (1099 days) - Regular Plan-Growth,10.5219
2014-02-13,123011,JPMorgan US Value Equity Offshore Fund - Regular Plan - Growth Option,10.5761
2014-02-13,123012,JPMorgan US Value Equity Offshore Fund - Direct Plan - Growth Option,10.6346
2014-02-13,123013,IDFC FTP-S 24 (729 days) -Regular Plan_Growth,10.5155
2014-02-13,123015,IDFC FTP-S 24 (729 days) -Regular Plan_Quarterly Dividend,10.2646
2014-02-13,123016,IDFC FTP-S 24 (729 days) -Regular Plan_Half Yearly Dividend,10.4296
2014-02-13,123017,IDFC FTP-S 24 (729 days) -Regular Plan_Periodic Dividend,10.5154
2014-02-13,123018,IDFC FTP-S 24(729 days) -Direct Plan_Growth,10.5183
2014-02-13,123020,IDFC FTP-S 24 (729 days) -Direct Plan_Periodic Dividend,10.5183
2014-02-13,123028,IDFC FTP -S 25 (729 days)_Regular Plan_Growth,10.4968
2014-02-13,123030,IDFC FTP -S 25 (729 days)_Direct Plan_Growth,10.4995
2014-02-13,123031,DSP BlackRock FMP - Series 105 -12M (Maturity Date 04-Aug-2016) - Regular Plan - Growth Option,10.5146
2014-02-13,123032,DSP BlackRock FMP - Series 105 -12M (Maturity Date 04-Aug-2016) - Regular Plan - Dividend Payout - Quarterly Payout,10.5146
2014-02-13,123033,DSP BlackRock FMP - Series 105 -12M (Maturity Date 04-Aug-2016) - Regular Plan - Dividend Payout - Regular Payout,10.5146
2014-02-13,123034,DSP BlackRock FMP - Series 105 -12M (Maturity Date 04-Aug-2016) - Direct Plan - Growth Option,10.5174
2014-02-13,123035,DSP BlackRock FMP - Series 105 -12M (Maturity Date 04-Aug-2014) - Direct Plan - Dividend Payout - Quarterly Payout,10.5174
2014-02-13,123036,DSP BlackRock FMP - Series 105 -12M (Maturity Date 04-Aug-2016) - Direct Plan - Dividend Payout - Regular Payout,10.5174
2014-02-13,123037,BNP Paribas Fixed Term Fund - Series 26 A - Growth option,10.5225
2014-02-13,123040,BNP Paribas Fixed Term Fund Series - 26 A - Dividend Payout - Calendar Quarterly,10.1553
2014-02-13,123043,BNP Paribas Fixed Term Fund Series - 26 A - Direct Plan - Growth Option,10.5311
2014-02-13,123051,Reliance Fixed Horizon Fund - XXIV - Series 3-Direct Plan - Growth Option,10.5464
2014-02-13,123052,Reliance Fixed Horizon Fund - XXIV - Series 3-Growth Option,10.5435
2014-02-13,123053,Reliance Fixed Horizon Fund - XXIV - Series 3-Dividend payout Option,10.5435
2014-02-13,123054,Reliance Fixed Horizon Fund - XXIV - Series 3-Direct Plan - Dividend Payout Option,10.5464
2014-02-13,123062,Axis Hybrid Fund Series 6 (1324 Days) - Direct - Dividend,10.4645
2014-02-13,123063,Axis Hybrid Fund Series 6 (1324 Days) - Regular - Growth,10.4125
2014-02-13,123064,Axis Hybrid Fund Series 6 (1324 Days) - Regular - Dividend,10.4124
2014-02-13,123065,Axis Hybrid Fund Series 6 (1324 Days) - Direct - Growth,10.4645
2014-02-13,123070,Reliance Fixed Horizon Fund - XXIV - Series 4-Growth Option,10.5153
2014-02-13,123071,Reliance Fixed Horizon Fund - XXIV - Series 4-Dividend payout Option,10.5153
2014-02-13,123072,Reliance Fixed Horizon Fund - XXIV - Series 4-Direct Plan - Growth Option,10.5208
2014-02-13,123073,Reliance Fixed Horizon Fund - XXIV - Series 4-Direct Plan - Dividend Payout Option,10.5208
2014-02-13,123074,ICICI Prudential Fixed Maturity Plan-Series 68-369 Days Plan K - Direct Plan - Cumulative,10.5302
2014-02-13,123075,ICICI Prudential Fixed Maturity Plan-Series 68-369 Days Plan K - Direct Plan - Dividend,10.5302
2014-02-13,123076,ICICI Prudential Fixed Maturity Plan-Series 68-369 Days Plan K - Cumulative,10.5274
2014-02-13,123077,ICICI Prudential Fixed Maturity Plan-Series 68-369 Days Plan K - Dividend,10.5274
2014-02-13,123078,IDBI FMP-Series III-24 Months (July 2013) - F- Growth Direct,10.5435
2014-02-13,123079,IDBI FMP-Series III-24 Months (July 2013) - F- Growth Regular,10.5275
2014-02-13,123080,IDBI FMP-Series III-24 Months (July 2013) - F- Dividend Direct,10.5435
2014-02-13,123081,IDBI FMP-Series III-24 Months (July 2013) - F- Dividend Regular,10.5275
2014-02-13,123082,Invesco India Fixed Maturity Plan - Series XIX - Plan C (367 Days) - Growth,10.5444
2014-02-13,123083,Invesco India Fixed Maturity Plan - Series XIX - Plan C (367 Days) - Direct Plan - Growth,10.5473
2014-02-13,123084,Religare Invesco Fixed Maturity Plan - Series XIX - Plan C (367 Days) - Dividend Payout,10.5444
2014-02-13,123085,Religare Invesco Fixed Maturity Plan - Series XIX - Plan C (367 Days) - Direct Plan - Dividend Payout,10.5473
2014-02-13,123086,Religare Invesco Fixed Maturity Plan - Series XIX - Plan D (224 Days) - Growth,10.5596
2014-02-13,123087,Religare Invesco Fixed Maturity Plan - Series XIX - Plan D (224 Days) - Direct Plan - Growth,10.564
2014-02-13,123088,Religare Invesco Fixed Maturity Plan - Series XIX - Plan D (224 Days) - Dividend Payout,10.5596
2014-02-13,123089,Religare Invesco Fixed Maturity Plan - Series XIX - Plan D (224 Days) - Direct Plan - Dividend Payout,10.564
2014-02-13,123090,Indiabulls FMP Series III - 370 Days July 2013 (3) - Direct Plan - Growth Option,10.5141
2014-02-13,123092,Indiabulls FMP Series III - 370 Days July 2013 (3) - Regular Plan - Growth Option,10.5084
2014-02-13,123098,Pramerica Fixed Duration Fund - Series 6 - Regular Plan - Dividend Payout,1050.0168
2014-02-13,123099,Pramerica Fixed Duration Fund - Series 6 - Regular Plan - Growth,1050.0167
2014-02-13,123101,Pramerica Fixed Duration Fund - Series 6 - Direct Plan - Growth,1051.4345
2014-02-13,123102,JPMorgan India Fixed Maturity Plan - Series 22 - Direct Plan - Growth Option,10.4553
2014-02-13,123104,JPMorgan India Fixed Maturity Plan - Series 22 - Regular Plan - Growth Option,10.42
2014-02-13,123105,JPMorgan India Fixed Maturity Plan - Series 22 - Regular Plan - Dividend Option,10.42
2014-02-13,123106,Kotak FMP Series 105 Direct Dividend,10.5661
2014-02-13,123107,Kotak FMP Series 105 Growth,10.5625
2014-02-13,123108,Kotak FMP Series 105 Direct Growth,10.5661
2014-02-13,123109,Kotak FMP Series 105 Dividend,10.5626
2014-02-13,123110,ICICI Prudential Fixed Maturity Plan-Series 68-704 Days Plan L - Direct Plan - Cumulative,10.5769
2014-02-13,123111,ICICI Prudential Fixed Maturity Plan-Series 68-704 Days Plan L - Dividend,10.5632
2014-02-13,123112,ICICI Prudential Fixed Maturity Plan-Series 68-704 Days Plan L - Direct Plan - Dividend,10.5769
2014-02-13,123113,ICICI Prudential Fixed Maturity Plan-Series 68-704 Days Plan L - Cumulative,10.5632
2014-02-13,123114,Aditya Birla Sun Life Interval Income Fund - Annual Plan IX-Direct Plan-Normal Dividend,10.5228
2014-02-13,123115,Aditya Birla Sun Life Interval Income Fund - Annual Plan IX-Direct Plan-Growth,10.5228
2014-02-13,123116,Aditya Birla Sun Life Interval Income Fund - Annual Plan IX-Regular Plan-Growth,10.5211
2014-02-13,123117,Aditya Birla Sun Life Interval Income Fund - Annual Plan IX-Regular Plan-Normal Dividend,10.5211
2014-02-13,123118,Aditya Birla Sun Life Interval Income Fund - Annual Plan IX-Direct Plan-Quarterly Dividend,10.446
2014-02-13,123119,Aditya Birla Sun Life Interval Income Fund - Annual Plan IX-Regular Plan-Quarterly Dividend,10.4446
2014-02-13,123120,Morgan Stanley Ultra Short Term Fund - Regular Growth,1057.6471
2014-02-13,123121,UTI FTIF Series XV -VIII (368 DAYS) - Growth Option,10.5225
2014-02-13,123122,UTI FTIF Series XV -VIII (368 DAYS) - Growth Option - Direct,10.5254
2014-02-13,123123,UTI FTIF Series XV -VIII (368 DAYS) - Annual Div Option,10.5225
2014-02-13,123124,UTI FTIF Series XV -VIII (368 DAYS) - Quarterly Div Option - Direct,10.1121
2014-02-13,123125,UTI FTIF Series XV -VIII (368 DAYS) - Annual Div Option - Direct,10.5254
2014-02-13,123126,UTI FTIF Series XV -VIII (368 DAYS) - Maturity Div Option,10.5225
2014-02-13,123127,UTI FTIF Series XV -VIII (368 DAYS) - Maturity Div Option - Direct,10.5254
2014-02-13,123128,UTI FTIF Series XV -VIII (368 DAYS) - Quarterly Div Option,10.1114
2014-02-13,123129,UTI FTIF Series XV -IX (366 DAYS)- Growth Option,10.4885
2014-02-13,123130,UTI FTIF Series XV -IX (366 DAYS)- Annual Div Option,10.4884
2014-02-13,123131,UTI FTIF Series XV -IX (366 DAYS) - Annual Div Option - Direct,10.4914
2014-02-13,123132,UTI FTIF Series XV -IX (366 DAYS)- Quarterly Div Option,10.0973
2014-02-13,123133,UTI FTIF Series XV -IX (366 DAYS)- Maturity Div Option - Direct,10.4914
2014-02-13,123134,UTI FTIF Series XV -IX (366 DAYS)- Growth Option - Direct,10.4914
2014-02-13,123135,UTI FTIF Series XV -IX (366 DAYS) - Quarterly Div Option - Direct,10.098
2014-02-13,123136,UTI FTIF Series XV -IX (366 DAYS) - Maturity Div Option,10.4884
2014-02-13,123137,Morgan Stanley Ultra Short Term Fund-Regular Daily Dividend,1003.6728
2014-02-13,123138,Morgan Stanley Ultra Short Term Fund-Regular Weekly Dividend,1009.427
2014-02-13,123139,Morgan Stanley Ultra Short Term Fund-Regular Monthly Dividend,1015.9525
2014-02-13,123140,Morgan Stanley Ultra Short Term Fund-Direct-Daily Dividend,1014.5425
2014-02-13,123141,Morgan Stanley Ultra Short Term Fund-Direct Growth,1060.5779
2014-02-13,123142,Morgan Stanley Ultra Short Term Fund-Direct Weekly Dividend,1016.3754
2014-02-13,123143,Morgan Stanley Ultra Short Term Fund-Direct Monthly Dividend,1020.9824
2014-02-13,123144,DSP BlackRock FMP - Series 107 -12M (Maturity Date 11-Aug-2016) - Direct Plan - Growth Option,10.4992
2014-02-13,123145,DSP BlackRock FMP - Series 107 -12M (Maturity Date 11-Aug-2016) - Direct Plan - Dividend Payout - Quarterly Payout,10.4992
2014-02-13,123146,DSP BlackRock FMP - Series 107 -12M (Maturity Date 11-Aug-2016) - Regular Plan - Dividend Payout - Quarterly Payout,10.4966
2014-02-13,123147,DSP BlackRock FMP - Series 107 -12M (Maturity Date 11-Aug-2016) - Direct Plan - Dividend Payout - Regular Payout,10.4992
2014-02-13,123148,DSP BlackRock FMP - Series 107 -12M (Maturity Date 11-Aug-2016) - Regular Plan - Growth Option,10.4966
2014-02-13,123149,DSP BlackRock FMP - Series 107 -12M (Maturity Date 11-Aug-2016) - Regular Plan - Dividend Payout - Regular Payout,10.4966
2014-02-13,123150,Reliance Fixed Horizon Fund - XXIV - Series 5 - Growth Option,10.5438
2014-02-13,123151,Reliance Fixed Horizon Fund - XXIV - Series 5 - Direct Plan - Growth Option,10.5552
2014-02-13,123152,Reliance Fixed Horizon Fund - XXIV - Series 5 - Dividend Payout Option,10.5438
2014-02-13,123153,Reliance Fixed Horizon Fund - XXIV - Series 5 - Direct Plan - Dividend Payout Option,10.5552
2014-02-13,123154,Tata FMP Series 43 Scheme A - Plan A -Dividend Option ( Payout),10.5137
2014-02-13,123155,Tata FMP Series 43 Scheme A - Direct Plan - Dividend Option ( Payout),10.5191
2014-02-13,123156,Tata FMP Series 43 Scheme A - Direct Plan -Growth Option,10.5191
2014-02-13,123157,Tata FMP Series 43 Scheme A- Plan A -Growth Option,10.5137
2014-02-13,123158,Tata FMP Series 43 Scheme B- Plan A -Growth Option,10.6143
2014-02-13,123159,Tata FMP Series 43 Scheme B - Direct Plan -Growth Option,10.6272
2014-02-13,123160,Tata FMP Series 43 Scheme B - Direct Plan - Dividend Option ( Payout),10.6272
2014-02-13,123161,Tata FMP Series 43 Scheme B - Plan A -Dividend Option ( Payout),10.6143
2014-02-13,123162,Principal Pnb FMP Series B5 - Regular Plan Growth option,10.512
2014-02-13,123167,SBI DEBT FUND SERIES - 366 DAYS - 34 - DIRECT PLAN - DIVIDEND,10.5029
2014-02-13,123168,SBI DEBT FUND SERIES - 366 DAYS - 34 - REGULAR PLAN - GROWTH,10.495
2014-02-13,123169,SBI DEBT FUND SERIES - 366 DAYS - 34 - DIRECT PLAN - GROWTH,10.5029
2014-02-13,123170,SBI DEBT FUND SERIES - 366 DAYS - 34 - REGULAR PLAN - DIVIDEND,10.495
2014-02-13,123171,HDFC FMP 370D July 2013 (3)-Regular Option-Growth Option,10.5171
2014-02-13,123172,HDFC FMP 370D July 2013 (3)-Regular Option-Quarterly Dividend Option,10.1104
2014-02-13,123173,HDFC FMP 370D July 2013 (3)-Regular Option-Flexi Option,10.5171
2014-02-13,123174,HDFC FMP 370D July 2013 (3)-Direct Option-Growth Option,10.5199
2014-02-13,123175,HDFC FMP 370D July 2013 (3)-Direct Option-Dividend Option,10.5199
2014-02-13,123176,HDFC FMP 370D July 2013 (3)-Direct Option-Flexi Option,10.5199
2014-02-13,123177,HDFC FMP 370D July 2013 (3)-Direct Option-Quarterly Dividend Option,10.1113
2014-02-13,123178,HDFC FMP 370D July 2013 (3)-Regular Option-Dividend Option,10.5171
2014-02-13,123179,IDBI FMP - Series III - 366 days (July 2013) - G- Growth Direct,10.5053
2014-02-13,123180,IDBI FMP - Series III - 366 days (July 2013) - G- Dividend Regular,10.5026
2014-02-13,123181,IDBI FMP - Series III - 366 days (July 2013) - G- Dividend Direct,10.5053
2014-02-13,123182,IDBI FMP - Series III - 366 days (July 2013) - G- Growth Regular,10.5026
2014-02-13,123183,ICICI Prudential Regular Savings Fund - Direct Plan - Bonus,23.9842
2014-02-13,123184,ICICI Prudential Fixed Maturity Plan-Series 69-366 Days Plan A - Direct Plan - Cumulative,10.5374
2014-02-13,123185,ICICI Prudential Fixed Maturity Plan-Series 69-366 Days Plan A - Direct Plan - Dividend,10.5374
2014-02-13,123186,ICICI Prudential Fixed Maturity Plan-Series 69-366 Days Plan A - Cumulative,10.5346
2014-02-13,123187,ICICI Prudential Fixed Maturity Plan-Series 69-366 Days Plan A - Dividend,10.5346
2014-02-13,123188,Kotak FMP Series 106 Direct Dividend,10.5522
2014-02-13,123189,Kotak FMP Series 106 Direct Growth,10.5522
2014-02-13,123190,Kotak FMP Series 106 Growth,10.5482
2014-02-13,123191,Kotak FMP Series 106 Dividend,10.548
2014-02-13,123192,Kotak FMP Series 107 Dividend,10.5628
2014-02-13,123193,Kotak FMP Series 107 Direct Growth,10.5671
2014-02-13,123194,Kotak FMP Series 107 Growth,10.5628
2014-02-13,123195,Kotak FMP Series 107 Direct Dividend,10.5671
2014-02-13,123196,HDFC FMP 1143D July 2013 (1)-Regular Option-Dividend Option,10.5094
2014-02-13,123197,HDFC FMP 1143D July 2013 (1)-Regular Option-Quarterly Dividend Option,10.1521
2014-02-13,123198,HDFC FMP 1143D July 2013 (1)-Regular Option-Flexi Option,10.5094
2014-02-13,123199,HDFC FMP 1143D July 2013 (1)-Direct Option-Flexi Option,10.5204
2014-02-13,123200,HDFC FMP 1143D July 2013 (1)-Direct Option-Dividend Option,10.5204
2014-02-13,123201,HDFC FMP 1143D July 2013 (1)-Direct Option-Quarterly Dividend Option,10.1548
2014-02-13,123202,HDFC FMP 1143D July 2013 (1)-Regular Option-Growth Option,10.5094
2014-02-13,123203,HDFC FMP 1143D July 2013 (1)-Direct Option-Growth Option,10.5204
2014-02-13,123205,Reliance Fixed Horizon Fund - XXIV - Series 6 - Direct Plan - Growth Option,10.6091
2014-02-13,123206,Reliance Fixed Horizon Fund - XXIV - Series 6 - Dividend Payout Option,10.5964
2014-02-13,123207,Reliance Fixed Horizon Fund - XXIV - Series 6 - Direct Plan - Dividend Payout Option,10.6091
2014-02-13,123208,Reliance Fixed Horizon Fund - XXIV - Series 6 - Growth Option,10.5964
2014-02-13,123209,Principal Pnb FMP Series B5 - Direct Plan - Dividend Payout,10.5147
2014-02-13,123210,Principal Pnb FMP Series B5 - Direct Plan - Growth Option,10.5147
2014-02-13,123211,Reliance Fixed Horizon Fund - XXIV - Series 7 - Direct Plan - Growth Option,10.6183
2014-02-13,123212,Reliance Fixed Horizon Fund - XXIV - Series 7 - Direct Plan - Dividend Payout Option,10.6183
2014-02-13,123213,Reliance Fixed Horizon Fund - XXIV - Series 7 - Growth Option,10.5978
2014-02-13,123214,Reliance Fixed Horizon Fund - XXIV - Series 7 - Dividend Payout Option,10.5978
2014-02-13,123215,Sundaram Hybrid Fund Series A Regular Plan Growth,10.4601
2014-02-13,123216,Sundaram Hybrid Fund Series A Regular Plan Half Yearly Dividend Payout,10.4601
2014-02-13,123217,Sundaram Hybrid Fund Series A Regular Plan Yearly Dividend Payout,10.4601
2014-02-13,123218,Sundaram Hybrid Fund Series A Direct Plan Growth,10.5421
2014-02-13,123220,Sundaram Hybrid Fund Series A Direct Plan Yearly Dividend Payout,10.5421
2014-02-13,123230,Principal Pnb FMP Series B5 - Regular Plan - Dividend Payout,10.512
2014-02-13,123231,Aditya Birla Sun Life Fixed Term Plan - Series HI (1099 days) - Direct Plan-Normal Dividend,10.505
2014-02-13,123232,Aditya Birla Sun Life Fixed Term Plan - Series HI (1099 days) - Regular Plan-Quarterly Dividend,10.431
2014-02-13,123233,Aditya Birla Sun Life Fixed Term Plan - Series HI (1099 days) - Regular Plan-Growth,10.5034
2014-02-13,123235,Aditya Birla Sun Life Fixed Term Plan - Series HI (1099 days) - Direct Plan-Growth,10.505
2014-02-13,123236,Aditya Birla Sun Life Fixed Term Plan - Series HI (1099 days) - Regular Plan-Normal Dividend,10.5068
2014-02-13,123238,DWS FIXED MATURITY PLAN - SERIES 32 - REGULAR PLAN - DIVIDEND PAYOUT,10.5263
2014-02-13,123239,DWS FIXED MATURITY PLAN - SERIES 32- REGULAR PLAN - ANNUAL DIVIDEND PAYOUT,10.5263
2014-02-13,123242,DWS FIXED MATURITY PLAN - SERIES 32- REGULAR PLAN - GROWTH,10.5263
2014-02-13,123244,DWS FIXED MATURITY PLAN - SERIES 32- REGULAR PLAN - QUARTERLY DIVIDEND,10.3245
2014-02-13,123245,DWS FIXED MATURITY PLAN - SERIES 32- DIRECT PLAN - GROWTH,10.5422
2014-02-13,123247,DSP BlackRock FTP - Series 31 - 36M - Regular Plan - Dividend Payout Option,10.6155
2014-02-13,123248,DSP BlackRock FTP - Series 31 - 36M - Direct Plan - Growth Option,10.6409
2014-02-13,123249,DSP BlackRock FTP - Series 31 - 36M - Direct Plan - Dividend Payout Option,10.6409
2014-02-13,123250,DSP BlackRock FTP - Series 31 - 36M - Regular Plan - Growth Option,10.6155
2014-02-13,123251,HSBC Fixed Term Series 91-Dividend,10.4793
2014-02-13,123252,HSBC Fixed Term Series 91-Dividend Direct,10.4968
2014-02-13,123253,HSBC Fixed Term Series 91-Growth,10.4793
2014-02-13,123254,HSBC Fixed Term Series 91-Growth Direct,10.4968
2014-02-13,123255,ICICI Prudential Fixed Maturity Plan-Series 69-219 Days Plan C - Direct Plan - Dividend,10.5581
2014-02-13,123256,ICICI Prudential Fixed Maturity Plan-Series 69-219 Days Plan C - Regular Plan - Cumulative,10.5531
2014-02-13,123257,ICICI Prudential Fixed Maturity Plan-Series 69-219 Days Plan C - Regular Plan - Dividend,10.5531
2014-02-13,123258,ICICI Prudential Fixed Maturity Plan-Series 69-219 Days Plan C - Direct Plan - Cumulative,10.5581
2014-02-13,123259,ICICI Prudential Fixed Maturity Plan-Series 69-698 Days Plan B - Direct Plan - Cumulative,10.5301
2014-02-13,123261,ICICI Prudential Fixed Maturity Plan-Series 69-698 Days Plan B - Cumulative,10.5165
2014-02-13,123262,ICICI Prudential Fixed Maturity Plan-Series 69-698 Days Plan B - Dividend,10.5165
2014-02-13,123263,BOI AXA FIXED MATURITY PLAN SERIES 4 DIRECT PLAN GROWTH,10.5451
2014-02-13,123264,BOI AXA FIXED MATURITY PLAN SERIES 4 DIRECT PLAN DIVIDEND PAYOUT,10.5451
2014-02-13,123265,BOI AXA FIXED MATURITY PLAN SERIES 4 REGULAR PLAN GROWTH,10.5391
2014-02-13,123266,BOI AXA FIXED MATURITY PLAN SERIES 4 REGULAR PLAN DIVIDEND PAYOUT,10.5391
2014-02-13,123271,IDFC FTP -S 25 (729 days) _Regular Plan_Half yearly Dividend,10.4072
2014-02-13,123273,DSP BlackRock FMP - Series 108 -12M (Maturity Date 18-Aug-2016) - Regular Plan - Growth Option,10.5146
2014-02-13,123274,DSP BlackRock FMP - Series 108 -12M (Maturity Date 18-Aug-2016) - Regular Plan - Dividend Payout - Quarterly Payout,10.5146
2014-02-13,123275,DSP BlackRock FMP - Series 108 -12M (Maturity Date 18-Aug-2016) - Direct Plan - Growth Option,10.5172
2014-02-13,123276,DSP BlackRock FMP - Series 108 -12M (Maturity Date 18-Aug-2016) - Direct Plan - Dividend Payout - Quarterly Payout,10.5172
2014-02-13,123278,DSP BlackRock FMP - Series 108 -12M (Maturity Date 18-Aug-2016) - Regular Plan - Dividend Payout - Regular Payout,10.5146
2014-02-13,123279,ICICI Prudential Fixed Maturity Plan-Series 69-693 Days Plan D - Dividend,10.5821
2014-02-13,123280,ICICI Prudential Fixed Maturity Plan-Series 69-693 Days Plan D - Direct Plan - Cumulative,10.5947
2014-02-13,123281,ICICI Prudential Fixed Maturity Plan-Series 69-693 Days Plan D - Direct Plan - Dividend,10.5947
2014-02-13,123282,ICICI Prudential Fixed Maturity Plan-Series 69-693 Days Plan D - Cumulative,10.5821
2014-02-13,123284,DSP BlackRock Dual Advantage Fund - Series 17 - 35M - Regular Plan - Growth Option (Maturity Date 10-Oct-2016),11.0266
2014-02-13,123285,DSP BlackRock Dual Advantage Fund - Series 17 - 35M - Regular Plan - Dividend Payout Option (Maturity Date 10-Oct-2016),11.0266
2014-02-13,123286,DSP BlackRock Dual Advantage Fund - Series 17 - 35M - Direct Plan - Growth Option (Maturity Date 10-Oct-2016),11.2651
2014-02-13,123287,DSP Savings Fund - Regular Plan - IDCW - Daily,10.0564
2014-02-13,123288,DSP Savings Fund - Direct Plan -  IDCW - Daily,10.04
2014-02-13,123289,L&T FMP- Series VIII-Plan B - Dividend-Direct Plan,10.5606
2014-02-13,123290,L&T FMP- Series VIII-Plan B - Growth Option - Regular Plan,10.5577
2014-02-13,123291,L&T FMP- Series VIII-Plan B - Dividend Option - Regular Plan,10.5577
2014-02-13,123292,L&T FMP- Series VIII-Plan B - Growth - Direct Plan,10.5606
2014-02-13,123293,L&T FMP - Series VIII - Plan C - Growth Option - Regular Plan,10.4781
2014-02-13,123294,L&T FMP-Series VIII-Plan D -  Regular Plan - Growth Option,10.5103
2014-02-13,123299,DSP BlackRock FMP - Series 109 -12M (Maturity Date 18-Aug-2016) - Regular Plan - Growth Option,10.5149
2014-02-13,123300,DSP BlackRock FMP - Series 109 -12M (Maturity Date 18-Aug-2016) - Regular Plan - Dividend Payout - Quarterly Payout,10.5149
2014-02-13,123301,DSP BlackRock FMP - Series 109 -12M (Maturity Date 18-Aug-2016) - Regular Plan - Dividend Payout - Regular Payout,10.5149
2014-02-13,123302,DSP BlackRock FMP - Series 109 -12M (Maturity Date 18-Aug-2016) - Direct Plan - Growth Option,10.5303
2014-02-13,123305,JPMorgan India Annual Interval Fund - Direct Plan - Growth Option,10.5369
2014-02-13,123306,JPMorgan India Annual Interval Fund - Regular Plan - Dividend Option,10.5281
2014-02-13,123308,JPMorgan India Annual Interval Fund - Regular Plan - Growth Option,10.5281
2014-02-13,123309,BNP Paribas Fixed Term Fund - Series 26 C - Growth option,10.5176
2014-02-13,123312,BNP Paribas Fixed Term Fund Series - 26 C - Direct Plan - Growth Option,10.5343
2014-02-13,123313,BNP Paribas Fixed Term Fund Series - 26 C - Dividend Payout - Calendar Quarterly,10.1797
2014-02-13,123314,BNP Paribas Fixed Term Fund Series - 26 C - Dividend Payout - Yearly,10.5176
2014-02-13,123315,BNP Paribas Fixed Term Fund Series - 26 C - Dividend Payout - On Maturity,10.5176
2014-02-13,123321,SBI DEBT FUND SERIES - 366 DAYS - 35 - DIRECT PLAN - DIVIDEND,10.4975
2014-02-13,123322,SBI DEBT FUND SERIES - 366 DAYS - 35 - REGULAR PLAN - GROWTH,10.4901
2014-02-13,123323,SBI DEBT FUND SERIES - 366 DAYS - 35 - REGULAR PLAN - DIVIDEND,10.4901
2014-02-13,123324,SBI DEBT FUND SERIES - 366 DAYS - 35 - DIRECT PLAN - GROWTH,10.4975
2014-02-13,123326,Kotak FMP Series 108 Direct Growth,10.5547
2014-02-13,123327,Kotak FMP Series 108 Dividend,10.5112
2014-02-13,123328,Kotak FMP Series 108 Growth,10.5112
2014-02-13,123331,Pramerica Fixed Duration Fund - Series 7 - Direct Plan - Growth,1050.3095
2014-02-13,123332,Pramerica Fixed Duration Fund - Series 7 - Regular Plan - Growth,1050.0362
2014-02-13,123341,Reliance Fixed Horizon Fund - XXIV - Series 8-Growth Option,10.664
2014-02-13,123342,Reliance Fixed Horizon Fund - XXIV - Series 8-Dividend Payout Option,10.664
2014-02-13,123344,Reliance Fixed Horizon Fund - XXIV - Series 8-Direct Plan-Growth Option,10.6748
2014-02-13,123345,HDFC FMP 370D August 2013 (1)-Direct Option-Growth Option,10.5052
2014-02-13,123347,HDFC FMP 370D August 2013 (1)-Direct Option-Dividend Option,10.5052
2014-02-13,123348,HDFC FMP 370D August 2013 (1)-Direct Option-Quarterly Dividend Option,10.117
2014-02-13,123349,HDFC FMP 370D August 2013 (1)-Regular Option-Growth Option,10.5027
2014-02-13,123350,HDFC FMP 370D August 2013 (1)-Regular Option-Dividend Option,10.5027
2014-02-13,123351,HDFC FMP 370D August 2013 (1)-Regular Option-Quarterly Dividend Option,10.1162
2014-02-13,123352,HDFC FMP 370D August 2013 (1)-Regular Option-Flexi Option,10.5027
2014-02-13,123353,IDFC FTP - S 26 (489 days) _Direct Plan Growth,10.5803
2014-02-13,123357,IDFC FTP - S 26 (489 days)_Regular Plan Quarterly Dividend,10.4003
2014-02-13,123359,IDFC FTP - S 26 (489 days) _Regular Plan Half yearly Dividend,10.4882
2014-02-13,123360,IDFC FTP - S 26 (489 days) _Regular Plan Growth,10.5654
2014-02-13,123363,ICICI Prudential Fixed Maturity Plan-Series 69-433 Days Plan E - Direct Plan - Cumulative,10.5733
2014-02-13,123364,ICICI Prudential Fixed Maturity Plan-Series 69-433 Days Plan E - Cumulative,10.5608
2014-02-13,123366,ICICI Prudential Fixed Maturity Plan-Series 69-433 Days Plan E - Dividend,10.5608
2014-02-13,123367,ICICI Prudential Fixed Maturity Plan-Series 69-1093 Days Plan F - Cumulative,10.5501
2014-02-13,123368,ICICI Prudential Fixed Maturity Plan-Series 69-1093 Days Plan F - Dividend,10.5501
2014-02-13,123370,ICICI Prudential Fixed Maturity Plan-Series 69-1093 Days Plan F - Direct Plan - Cumulative,10.5848
2014-02-13,123371,Reliance Fixed Horizon Fund - XXIV - Series 9 -Direct Plan-Dividend Payout Option,10.5659
2014-02-13,123372,Reliance Fixed Horizon Fund - XXIV - Series 9-Growth Option,10.5379
2014-02-13,123373,Reliance Fixed Horizon Fund - XXIV - Series 9 -Dividend Payout Option,10.5379
2014-02-13,123374,Reliance Fixed Horizon Fund - XXIV - Series 9 -Direct Plan -Growth Option,10.5659
2014-02-13,123375,Invesco India Fixed Maturity Plan - Series XIX - Plan E (3 Years) - Growth Option,10.5601
2014-02-13,123376,Invesco India Fixed Maturity Plan - Series XIX - Plan E (3 Years) Direct Plan -Growth Option,10.5855
2014-02-13,123378,Invesco India Fixed Maturity Plan - Series XIX - Plan E (3 Years) - Dividend Payout Option,10.5601
2014-02-13,123383,DWS FIXED MATURITY PLAN - SERIES 33 - REGULAR PLAN - DIVIDEND PAYOUT,10.5518
2014-02-13,123385,DWS FIXED MATURITY PLAN - SERIES 33- REGULAR PLAN - GROWTH,10.5518
2014-02-13,123390,DWS FIXED MATURITY PLAN - SERIES 33- DIRECT PLAN - GROWTH,10.5646
2014-02-13,123391,DWS FIXED MATURITY PLAN - SERIES 33- REGULAR PLAN - ANNUAL DIVIDEND PAYOUT,10.5518
2014-02-13,123393,HDFC FMP 371D August 2013 (1)-Regular Option-Growth Option,10.5114
2014-02-13,123394,HDFC FMP 371D August 2013 (1)-Regular Option-Flexi Option,10.5114
2014-02-13,123395,HDFC FMP 371D August 2013 (1)-Direct Option-Growth Option,10.5252
2014-02-13,123396,HDFC FMP 371D August 2013 (1)-Direct Option-Flexi Option,10.5252
2014-02-13,123397,HDFC FMP 371D August 2013 (1)-Regular Option-Dividend Option,10.5114
2014-02-13,123399,HDFC FMP 371D August 2013 (1)-Direct Option-Dividend Option,10.5252
2014-02-13,123400,HDFC FMP 371D August 2013 (1)-Direct Option-Quarterly Dividend Option,10.1291
2014-02-13,123401,HDFC FMP 1846D August 2013 (1) - Growth Option,10.5655
2014-02-13,123402,HDFC FMP 1846D August 2013 (1) - Growth Option - Direct Plan,10.5815
2014-02-13,123403,HDFC FMP 1846D August 2013 (1) - IDCW Option - Direct Plan,10.5815
2014-02-13,123405,HDFC FMP 1846D August 2013 (1)-Direct Option-Quarterly Dividend Option,10.2486
2014-02-13,123406,HDFC FMP 1846D August 2013 (1) - IDCW Option,10.5655
2014-02-13,123407,HDFC FMP 1846D August 2013 (1)-Regular Option-Flexi Option,10.5655
2014-02-13,123408,HDFC FMP 1846D August 2013 (1)-Regular Option-Quarterly Dividend Option,10.2447
2014-02-13,123409,HDFC FMP 1001D August 2013 (1)-Regular Option-Growth Option,10.5226
2014-02-13,123410,HDFC FMP 1001D August 2013 (1)-Regular Option-Dividend Option,10.5226
2014-02-13,123411,HDFC FMP 1001D August 2013 (1)-Regular Option-Quarterly Dividend Option,10.2072
2014-02-13,123412,HDFC FMP 1001D August 2013 (1)-Direct Option-Dividend Option,10.5327
2014-02-13,123414,HDFC FMP 1001D August 2013 (1)-Direct Option-Growth Option,10.5327
2014-02-13,123415,HDFC FMP 1001D August 2013 (1)-Direct Option-Quarterly Dividend Option,10.2099
2014-02-13,123416,HDFC FMP 1001D August 2013 (1)-Regular Option-Flexi Option,10.5226
2014-02-13,123417,L&T FMP-Series VIII-Plan D - Direct Plan-Growth,10.5131
2014-02-13,123418,L&T FMP-Series VIII-Plan D - Regular Plan - Dividend Option,10.5103
2014-02-13,123419,L&T FMP-Series VIII-Plan D-Direct Plan -Dividend,10.5131
2014-02-13,123420,IDBI FMP - Series III - 370 days (August 2013) - I-  Growth Direct,10.5486
2014-02-13,123421,IDBI FMP - Series III - 370 days (August 2013) - I-  Dividend Regular,10.546
2014-02-13,123422,IDBI FMP - Series III - 370 days (August 2013) - I-  Growth Regular,10.546
2014-02-13,123423,IDBI FMP - Series III - 370 days (August 2013) - I-  Dividend Direct,10.5486
2014-02-13,123424,Kotak FMP Series 109 Direct Dividend,10.5603
2014-02-13,123426,Kotak FMP Series 109 Direct Growth,10.5603
2014-02-13,123427,Kotak FMP Series 109 Growth,10.5575
2014-02-13,123428,Kotak FMP Series 110 Direct Dividend,10.5311
2014-02-13,123429,Kotak FMP Series 110 Dividend,10.5153
2014-02-13,123430,Kotak FMP Series 110 Growth,10.5153
2014-02-13,123431,Kotak FMP Series 110 Direct Growth,10.5311
2014-02-13,123433,Aditya Birla Sun Life Fixed Term Plan - Series HK (1100 days) - Direct Plan-Growth,10.5204
2014-02-13,123434,Aditya Birla Sun Life Fixed Term Plan - Series HK (1100 days) - Regular Plan-Quarterly Dividend,10.4482
2014-02-13,123436,Aditya Birla Sun Life Fixed Term Plan - Series HK (1100 days) - Regular Plan-Normal Dividend,10.5188
2014-02-13,123437,Aditya Birla Sun Life Fixed Term Plan - Series HK (1100 days) - Regular Plan-Growth,10.5188
2014-02-13,123438,Aditya Birla Sun Life Fixed Term Plan - Series HJ (1105 days) - Regular Plan-Normal Dividend,10.486
2014-02-13,123439,Aditya Birla Sun Life Fixed Term Plan - Series HJ (1105 days) - Regular Plan-Quarterly Dividend,10.4269
2014-02-13,123440,Aditya Birla Sun Life Fixed Term Plan - Series HJ (1105 days) - Direct Plan-Normal Dividend,10.4999
2014-02-13,123441,Aditya Birla Sun Life Fixed Term Plan - Series HJ (1105 days) - Direct Plan-Quarterly Dividend,10.4283
2014-02-13,123442,Aditya Birla Sun Life Fixed Term Plan - Series HJ (1105 days) - Direct Plan-Growth,10.4999
2014-02-13,123443,Aditya Birla Sun Life Fixed Term Plan - Series HJ (1105 days) - Regular Plan-Growth,10.4984
2014-02-13,123444,DSP BlackRock FMP - Series 110 -12M (Maturity Date 29-Aug-2014) - Regular Plan - Growth Option,10.5006
2014-02-13,123445,DSP BlackRock FMP - Series 110 -12M (Maturity Date 29-Aug-2016)- Regular Plan - Dividend Payout - Regular Payout,10.5006
2014-02-13,123446,DSP BlackRock FMP - Series 110 -12M (Maturity Date 29-Aug-2016) - Direct Plan - Growth Option,10.5031
2014-02-13,123447,DSP BlackRock FMP - Series 110 -12M (Maturity Date 29-Aug-2016) - Direct Plan - Dividend Payout - Quarterly Payout,10.5031
2014-02-13,123448,DSP BlackRock FMP - Series 110 -12M (Maturity Date 29-Aug-2016) - Direct Plan - Dividend Payout - Regular Payout,10.5031
2014-02-13,123449,DSP BlackRock FMP - Series 110 -12M (Maturity Date 29-Aug-2016) - Regular Plan - Dividend Payout - Quarterly Payout,10.5006
2014-02-13,123451,Reliance Dual Advantage Fixed Tenure Fund IV - Plan B - Direct Plan - Growth Option,10.4455
2014-02-13,123452,Reliance Dual Advantage Fixed Tenure Fund IV - Plan B - Growth Option,10.3993
2014-02-13,123453,Reliance Dual Advantage Fixed Tenure Fund IV - Plan B - Dividend Payout Option,10.3993
2014-02-13,123454,Reliance Fixed Horizon Fund - XXIV - Series 10 - Growth Option,10.58
2014-02-13,123455,Reliance Fixed Horizon Fund - XXIV - Series 10 - Dividend Payout Option,10.58
2014-02-13,123456,Reliance Fixed Horizon Fund - XXIV - Series 10 - Direct Plan - Dividend Payout Option,10.6027
2014-02-13,123457,Reliance Fixed Horizon Fund - XXIV - Series 10 - Direct Plan - Growth Option,10.6027
2014-02-13,123458,Reliance Fixed Horizon Fund - XXIV - Series 11 - Growth Option,10.5165
2014-02-13,123459,Reliance Fixed Horizon Fund - XXIV - Series 11 - Direct Plan - Growth Option,10.5186
2014-02-13,123460,Reliance Fixed Horizon Fund - XXIV - Series 11 - Dividend Payout Option,10.5165
2014-02-13,123461,Reliance Fixed Horizon Fund - XXIV - Series 11 - Direct Plan - Dividend Payout Option,10.5186
2014-02-13,123462,Sundaram Fixed Term Plan DP Regular Plan Quarterly Dividend Payout,10.5169
2014-02-13,123463,Sundaram Fixed Term Plan DP Direct Plan Growth,10.5329
2014-02-13,123464,Sundaram Fixed Term Plan DP Regular Plan Growth,10.517
2014-02-13,123465,Sundaram Fixed Term Plan DP Regular Plan Half Yearly Dividend Payout,10.518
2014-02-13,123468,Sundaram Fixed Term Plan DO Regular Plan Half Yearly Dividend Payout,10.4891
2014-02-13,123471,Sundaram Fixed Term Plan DO Regular Plan Growth,10.4906
2014-02-13,123473,Sundaram Fixed Term Plan DO Direct Plan Growth,10.4972
2014-02-13,123478,ICICI Prudential Fixed Maturity Plan-Series 69-366 Days Plan G - Direct Plan - Cumulative,10.5218
2014-02-13,123479,ICICI Prudential Fixed Maturity Plan-Series 69-366 Days Plan G - Direct Plan - Dividend,10.5218
2014-02-13,123480,ICICI Prudential Fixed Maturity Plan-Series 69-366 Days Plan G - Cumulative,10.5118
2014-02-13,123481,ICICI Prudential Fixed Maturity Plan-Series 69-366 Days Plan G - Dividend,10.5118
2014-02-13,123482,ICICI Prudential Fixed Maturity Plan-Series 69-1821 Days Plan H - Direct Plan - Cumulative,10.5472
2014-02-13,123484,ICICI Prudential Fixed Maturity Plan-Series 69-1821 Days Plan H - Cumulative,10.5143
2014-02-13,123485,ICICI Prudential Fixed Maturity Plan-Series 69-1821 Days Plan H - Dividend,10.5143
2014-02-13,123486,BOI AXA FIXED MATURITY PLAN - SERIES 5 PLAN -REGULAR GROWTH,10.5088
2014-02-13,123487,BOI AXA FIXED MATURITY PLAN - SERIES 5 PLAN -REGULAR DIVIDEND,10.5088
2014-02-13,123488,BOI AXA FIXED MATURITY PLAN - SERIES 5 PLAN -DIRECT DIVIDEND,10.5118
2014-02-13,123489,BOI AXA FIXED MATURITY PLAN - SERIES 5 PLAN -DIRECT GROWTH,10.5118
2014-02-13,123494,SBI DEBT FUND SERIES - 366 DAYS - 36 - DIRECT PLAN - GROWTH,10.5165
2014-02-13,123495,SBI DEBT FUND SERIES - 366 DAYS - 36 - REGULAR PLAN - GROWTH,10.5096
2014-02-13,123496,SBI DEBT FUND SERIES - 366 DAYS - 36 - REGULAR PLAN - DIVIDEND,10.5096
2014-02-13,123497,SBI DEBT FUND SERIES - 366 DAYS - 36 - DIRECT PLAN - DIVIDEND,10.5165
2014-02-13,123502,Reliance Fixed Horizon Fund - XXIV - Series 12-Growth Option,10.5241
2014-02-13,123503,Reliance Fixed Horizon Fund - XXIV - Series 12-Dividend Payout Option,10.4363
2014-02-13,123504,Reliance Fixed Horizon Fund - XXIV - Series 12 -Direct Plan -Growth Option,10.5339
2014-02-13,123505,Reliance Fixed Horizon Fund - XXIV - Series 12 -Direct Plan -Dividend Payout Option,10.4445
2014-02-13,123507,IDFC FTP - S 27 (728 days)Regular Plan Quarterly Dividend,10.299
2014-02-13,123508,IDFC FTP - S 27 (728 days)_Regular Plan Half yearly Dividend,10.4363
2014-02-13,123509,IDFC FTP - S 27 (366 days)_Regular Plan Growth,10.5039
2014-02-13,123510,IDFC FTP - S 27 (728 days)_Direct Plan Quarterly Dividend,10.3047
2014-02-13,123513,IDFC FTP - S 27 (366 days)_Direct Plan Growth,10.5167
2014-02-13,123514,IDFC FTP - S 27 (366 days)_Regular Plan Periodic Dividend,10.5039
2014-02-13,123516,DSP BlackRock FMP - Series 111 -12M (Maturity Date 29-Sep-2016) - Regular Plan - Dividend Payout - Quarterly Payout,10.5073
2014-02-13,123517,DSP BlackRock FMP - Series 111 -12M (Maturity Date 29-Sep-2016) - Direct Plan - Growth Option,10.5099
2014-02-13,123518,DSP BlackRock FMP - Series 111 -12M (Maturity Date 29-Sep-2016) - Direct Plan - Dividend Payout - Regular Payout,10.5099
2014-02-13,123519,DSP BlackRock FMP - Series 111 -12M (Maturity Date 29-Sep-2016) - Regular Plan - Growth Option,10.5073
2014-02-13,123520,DSP BlackRock FMP - Series 111 -12M (Maturity Date 29-Sep-2016) - Regular Plan - Dividend Payout - Regular Payout,10.5073
2014-02-13,123521,DSP BlackRock FMP - Series 111 -12M (Maturity Date 29-Sep-2016) - Direct Plan - Dividend Payout - Quarterly Payout,10.5099
2014-02-13,123526,HDFC FMP 370D August 2013 (2) - Regular Option - Dividend Option,10.5317
2014-02-13,123527,HDFC FMP 370D August 2013 (2) - Regular Option - Quarterly Dividend Option,10.1442
2014-02-13,123528,HDFC FMP 370D August 2013 (2) - Direct Option - Growth Option,10.5344
2014-02-13,123529,HDFC FMP 370D August 2013 (2) - Direct Option - Dividend Option,10.5344
2014-02-13,123530,HDFC FMP 370D August 2013 (2) - Regular Option - Growth Option,10.5317
2014-02-13,123531,HDFC FMP 370D August 2013 (2) - Regular Option - Flexi Option,10.5317
2014-02-13,123532,HDFC FMP 370D August 2013 (2) - Direct Option - Flexi Option,10.5344
2014-02-13,123533,HDFC FMP 370D August 2013 (2) - Direct Option - Quarterly Dividend Option,10.1449
2014-02-13,123534,HDFC CPO - I - 36M August 2013 - Regular Option - Growth Option,10.4844
2014-02-13,123535,HDFC CPO - I - 36M August 2013 - Direct Option - Dividend Option,10.5117
2014-02-13,123536,HDFC CPO - I - 36M August 2013 - Regular Option - Dividend Option,10.4844
2014-02-13,123537,HDFC CPO - I - 36M August 2013 - Direct Option - Growth Option,10.5117
2014-02-13,123538,Religare Invesco Fixed Maturity Plan - Series XIX - Plan F (370 Days) - Dividend Payout Option,10.4657
2014-02-13,123539,Religare Invesco Fixed Maturity Plan - Series XIX - Plan F (370 Days) - Direct Plan - Dividend Payout Option,10.4762
2014-02-13,123540,Invesco India Fixed Maturity Plan - Series XIX - Plan F (370 Days) - Growth Option,10.5134
2014-02-13,123541,Invesco India Fixed Maturity Plan - Series XIX - Plan F (370 Days) - Direct Plan - Growth Option,10.524
2014-02-13,123542,ICICI Prudential Blended Plan B - Direct Plan - Quarterly Dividend Option - I,10.4625
2014-02-13,123543,ICICI Prudential Fixed Maturity Plan-Series 69-1821 Days Plan I - Direct Plan - Cumulative,10.4113
2014-02-13,123544,ICICI Prudential Fixed Maturity Plan-Series 69-1821 Days Plan I - Direct Plan - Dividend,10.4113
2014-02-13,123545,ICICI Prudential Fixed Maturity Plan-Series 69-1821 Days Plan I - Cumulative,10.3824
2014-02-13,123546,ICICI Prudential Fixed Maturity Plan-Series 69-1821 Days Plan I - Dividend,10.3824
2014-02-13,123547,Tata FMP Series 43 Scheme C- Plan A -Growth Option,10.5507
2014-02-13,123548,Tata FMP Series 43 Scheme C - Plan A -Dividend Option ( Payout),10.5507
2014-02-13,123549,Tata FMP Series 43 Scheme C - Direct Plan -Growth Option,10.5607
2014-02-13,123550,Tata FMP Series 43 Scheme C - Direct Plan - Dividend Option ( Payout),10.5607
2014-02-13,123551,Tata FMP Series 43 Scheme D- Plan A -Growth Option,10.5098
2014-02-13,123552,Tata FMP Series 43 Scheme D - Direct Plan - Dividend Option ( Payout),10.5196
2014-02-13,123553,Tata FMP Series 43 Scheme D - Direct Plan -Growth Option,10.5196
2014-02-13,123554,Tata FMP Series 43 Scheme D - Plan A -Dividend Option ( Payout),10.5098
2014-02-13,123555,LIC NOMURA MF FIXED MATURITY PLAN SERIES 68 - REGULAR PLAN - DIVIDEND PAYOUT,10.5012
2014-02-13,123556,LIC NOMURA MF FIXED MATURITY PLAN SERIES 68 - REGULAR PLAN - GROWTH,10.5012
2014-02-13,123557,LIC NOMURA MF FIXED MATURITY PLAN SERIES 68 - DIRECT PLAN - DIVIDEND PAYOUT,10.51
2014-02-13,123558,LIC NOMURA MF FIXED MATURITY PLAN SERIES 68 - DIRECT PLAN - GROWTH,10.5064
2014-02-13,123559,ICICI Prudential Capital Protection Oriented Fund IV - PLAN C - 60 Months - Direct Plan - Cumulative,10.711
2014-02-13,123560,ICICI Prudential Capital Protection Oriented Fund IV - PLAN C - 60 Months - Direct Plan - Dividend,10.711
2014-02-13,123561,ICICI Prudential Capital Protection Oriented Fund IV - PLAN C - 60 Months - Cumulative,10.6572
2014-02-13,123562,ICICI Prudential Capital Protection Oriented Fund IV - PLAN C - 60 Months - Dividend,10.6572
2014-02-13,123567,Reliance Fixed Horizon Fund - XXIV - Series 13 -Growth Option,10.5059
2014-02-13,123568,Reliance Fixed Horizon Fund - XXIV - Series 13 -Dividend Payout Option,10.5059
2014-02-13,123569,Reliance Fixed Horizon Fund - XXIV - Series 13 -Direct Plan -Growth Option,10.533
2014-02-13,123571,JPMorgan India Fixed Maturity Plan - Series 23 - Regular Plan - Dividend Option,10.4959
2014-02-13,123572,JPMorgan India Fixed Maturity Plan - Series 23 - Direct Plan - Growth Option,10.5049
2014-02-13,123573,JPMorgan India Fixed Maturity Plan - Series 23 - Direct Plan - Dividend Option,10.5046
2014-02-13,123574,JPMorgan India Fixed Maturity Plan - Series 23 - Regular Plan - Growth Option,10.4959
2014-02-13,123579,Kotak FMP Series 111 Direct Growth,10.5541
2014-02-13,123581,Kotak FMP Series 111 Dividend,10.551
2014-02-13,123582,Kotak FMP Series 111 Growth,10.551
2014-02-13,123583,IDFC FTP - Series 28 (1098 days)_Regular Plan_Growth,10.5979
2014-02-13,123585,IDFC FTP - Series 28 (1098 days) _Regular Plan_Quarterly Dividend,10.5295
2014-02-13,123586,IDFC FTP - Series 28 (1098 days)_Regular Plan_Half Yearly Dividend,10.5573
2014-02-13,123587,IDFC FTP - Series 28 (1098 days) _Direct Plan_Growth,10.614
2014-02-13,123591,IDFC FTP - Series 28 (1098 days)_Regular Plan_Periodic Dividend,10.5979
2014-02-13,123597,ICICI Prudential Interval Fund II - Quarterly Interval Plan A - Direct Plan - Quarterly Dividend Payout,10.0035
2014-02-13,123598,L&T FMP - Series VIII - Plan C - Growth Option-Direct Plan,10.4941
2014-02-13,123599,L&T FMP - Series VIII - Plan C - Dividend Option-Direct Plan,10.4941
2014-02-13,123600,L&T FMP - Series VIII - Plan C - Dividend Option - Regular Plan,10.4781
2014-02-13,123601,Aditya Birla Sun Life Fixed Term Plan - Series HL (1463 days) - Direct Plan-Normal Dividend,10.5191
2014-02-13,123602,Aditya Birla Sun Life Fixed Term Plan - Series HL (1463 days) - Direct Plan-Growth,10.5191
2014-02-13,123603,Aditya Birla Sun Life Fixed Term Plan - Series HL (1463 days) - Regular Plan-Growth,10.5168
2014-02-13,123604,Aditya Birla Sun Life Fixed Term Plan - Series HL (1463 days) - Regular Plan-Quarterly Dividend,10.4496
2014-02-13,123605,Aditya Birla Sun Life Fixed Term Plan - Series HL (1463 days) - Regular Plan-Normal Dividend,10.5168
2014-02-13,123606,Aditya Birla Sun Life Fixed Term Plan - Series HL (1463 days) - Direct Plan-Quarterly Dividend,10.4516
2014-02-13,123609,Aditya Birla Sun Life Interval Income Fund - Annual Plan X-Direct Plan-Growth,10.5128
2014-02-13,123610,Aditya Birla Sun Life Interval Income Fund - Annual Plan X-Regular Plan-Normal Dividend,10.5084
2014-02-13,123611,Aditya Birla Sun Life Interval Income Fund - Annual Plan X-Regular Plan-Growth,10.5083
2014-02-13,123612,Aditya Birla Sun Life Interval Income Fund - Annual Plan X-Regular Plan-Quarterly Dividend,10.4432
2014-02-13,123613,HDFC FMP 370D August 2013 (3) - Direct Option - Quarterly Dividend Option,10.1478
2014-02-13,123614,HDFC FMP 370D August 2013 (3) - Regular Option - Dividend Option,10.5097
2014-02-13,123615,HDFC FMP 370D August 2013 (3) - Regular Option - Flexi Option,10.5097
2014-02-13,123616,HDFC FMP 370D August 2013 (3) - Regular Option - Quarterly Dividend Option,10.1471
2014-02-13,123617,HDFC FMP 370D August 2013 (3) - Direct Option - Growth Option,10.5122
2014-02-13,123618,HDFC FMP 370D August 2013 (3) - Direct Option - Dividend Option,10.5122
2014-02-13,123619,HDFC FMP 370D August 2013 (3) - Regular Option - Growth Option,10.5097
2014-02-13,123621,Kotak FMP Series 112 - Growth,10.5067
2014-02-13,123622,Kotak FMP Series 112 - Direct - Growth,10.5168
2014-02-13,123623,Kotak FMP Series 112 -Dividend,10.5067
2014-02-13,123625,ICICI Prudential Fixed Maturity Plan-Series 69-369 Days Plan J - Direct Plan - Dividend,10.5201
2014-02-13,123626,ICICI Prudential Fixed Maturity Plan-Series 69-369 Days Plan J - Dividend,10.5177
2014-02-13,123627,ICICI Prudential Fixed Maturity Plan-Series 69-369 Days Plan J - Direct Plan - Cumulative,10.5201
2014-02-13,123628,ICICI Prudential Fixed Maturity Plan-Series 69-369 Days Plan J - Cumulative,10.5177
2014-02-13,123635,IDBI Equity Advantage Fund - IDCW Direct,10.92
2014-02-13,123636,IDBI Equity Advantage Fund - IDCW Regular,10.89
2014-02-13,123637,IDBI Equity Advantage Fund - Growth Direct,10.92
2014-02-13,123638,IDBI Equity Advantage Fund - Growth Regular,10.89
2014-02-13,123645,ICICI Prudential Interval Fund II Quarterly Interval Plan A -  Quarterly Dividend Payout,10.0036
2014-02-13,123646,UTI Annual Interval Fund - I - Direct Plan - Growth Option,17.2584
2014-02-13,123647,SBI DEBT FUND SERIES - 36 MONTHS - 4 - DIRECT PLAN - DIVIDEND,10.5606
2014-02-13,123648,SBI DEBT FUND SERIES - 36 MONTHS - 4 - REGULAR PLAN - DIVIDEND,10.5525
2014-02-13,123649,SBI DEBT FUND SERIES - 36 MONTHS - 4 - DIRECT PLAN - GROWTH,10.5606
2014-02-13,123650,SBI DEBT FUND SERIES - 36 MONTHS - 4 - REGULAR PLAN - GROWTH,10.5525
2014-02-13,123651,ICICI Prudential Global Stable Equity Fund (FOF) - Growth,10.2
2014-02-13,123652,ICICI Prudential Global Stable Equity Fund (FOF) - Direct - IDCW,10.24
2014-02-13,123653,ICICI Prudential Global Stable Equity Fund (FOF) - IDCW,10.2
2014-02-13,123654,ICICI Prudential Global Stable Equity Fund (FOF) - Direct - Growth,10.24
2014-02-13,123663,UTI Annual Interval Fund - I - Direct Plan - Dividend Option,10.1492
2014-02-13,123664,UTI FTIF Series XV -X (368 DAYS) - Annual Div Option,10.4872
2014-02-13,123665,UTI FTIF Series XV -X (368 DAYS) - Annual Div Option- Direct,10.4925
2014-02-13,123666,UTI FTIF Series XV -X (368 DAYS) - Growth Option,10.4872
2014-02-13,123667,UTI FTIF Series XV -X (368 DAYS) - Growth Option -Direct,10.4925
2014-02-13,123668,UTI FTIF Series XV -X (368 DAYS) - Quarterly Div Option - Direct,10.1114
2014-02-13,123669,UTI FTIF Series XV -X (368 DAYS) - Quarterly Div Option,10.1104
2014-02-13,123670,UTI FTIF Series XV -X (368 DAYS) - Maturity Div Option,10.4872
2014-02-13,123671,UTI FTIF Series XV -X (368 DAYS) - Maturity Div Option - Direct,10.4925
2014-02-13,123673,DSP BlackRock FMP - Series 113 -12M (Maturity Date 29-Sep-2016) - Direct Plan - Growth Option,10.5149
2014-02-13,123674,DSP BlackRock FMP - Series 113 -12M (Maturity Date 29-Sep-2016) - Regular Plan - Dividend Payout - Regular Payout,10.5008
2014-02-13,123675,DSP BlackRock FMP - Series 113 -12M (Maturity Date 29-Sep-2016) - Regular Plan - Dividend Payout - Quarterly Payout,10.5008
2014-02-13,123676,DSP BlackRock FMP - Series 113 -12M (Maturity Date 29-Sep-2016) - Regular Plan - Growth Option,10.5008
2014-02-13,123677,DSP BlackRock FMP - Series 113 -12M (Maturity Date 29-Sep-2016) - Direct Plan - Dividend Payout - Regular Payout,10.5149
2014-02-13,123688,Kotak Banking and PSU Debt - Annual Dividend,16.7365
2014-02-13,123689,Kotak Banking and PSU Debt Direct - Annual Dividend,17.7199
2014-02-13,123690,Kotak Banking and PSU Debt - Growth,28.1284
2014-02-13,123691,Kotak Banking and PSU Debt - Monthly Payout of Income Distribution cum capital withdrawal option,10.6377
2014-02-13,123692,Kotak Banking and PSU Debt Direct - Monthly Payout of Income Distribution cum capital withdrawal option,10.8424
2014-02-13,123693,Kotak Banking and PSU Debt Direct - Growth,28.1724
2014-02-13,123694,IDFC FTP - Series 29(485 days)_Direct Plan_Growth,10.588
2014-02-13,123697,IDFC FTP - Series 29 (485 days)_Regular Plan_Quarterly Dividend,10.4688
2014-02-13,123702,IDFC FTP - Series 29 (485 days)_Regular Plan_Growth,10.5733
2014-02-13,123704,Groww Short Term Fund (formerly known as Indiabulls Short Term Fund) - Direct Plan - Growth Option,1043.6822
2014-02-13,123705,Groww Short Term Fund (formerly known as Indiabulls Short Term Fund)- Direct Plan- Weekly - Income Distribution cum capital withdrawal Option (Payout & Reinvestment),1008.716
2014-02-13,123707,Groww Short Term Fund (formerly known as Indiabulls Short Term Fund)- Direct Plan- Monthly - Income Distribution cum capital withdrawal Option (Payout & Reinvestment),1011.7262
2014-02-13,123708,Groww Short Term Fund (formerly known as Indiabulls Short Term Fund )- Regular Plan - Growth Option,1037.9797
2014-02-13,123709,Groww Short Term Fund (formerly known as Indiabulls Short Term Fund)- Regular Plan- Weekly - Income Distribution cum capital withdrawal Option (Payout & Reinvestment),1009.9768
2014-02-13,123711,Groww Short Term Fund (formerly known as Indiabulls Short Term Fund)- Regular Plan- Monthly - Income Distribution cum capital withdrawal Option (Payout & Reinvestment),1011.2805
2014-02-13,123712,BOI AXA FIXED MATURITY PLAN SERIES 6 REGULAR PLAN GROWTH,10.5252
2014-02-13,123714,BOI AXA FIXED MATURITY PLAN SERIES 6 REGULAR PLAN DIVIDEND PAYOUT,10.5252
2014-02-13,123715,BOI AXA FIXED MATURITY PLAN SERIES 6 DIRECT PLAN GROWTH,10.528
2014-02-13,123716,HSBC Fixed Term Series 94-Growth,10.5351
2014-02-13,123717,HSBC Fixed Term Series 94-Growth Direct,10.5485
2014-02-13,123718,HSBC Fixed Term Series 94-Dividend,10.5351
2014-02-13,123721,HSBC Fixed Term Series 95-Growth,10.6055
2014-02-13,123722,HSBC Fixed Term Series 95-Dividend,10.6055
2014-02-13,123723,HSBC Fixed Term Series 95-Growth Direct,10.6183
2014-02-13,123728,SBI DEBT FUND SERIES - 366 DAYS - 37 - DIRECT PLAN - DIVIDEND,10.5042
2014-02-13,123729,SBI DEBT FUND SERIES - 366 DAYS - 37 - DIRECT PLAN - GROWTH,10.5042
2014-02-13,123730,SBI DEBT FUND SERIES - 366 DAYS - 37 - REGULAR PLAN - GROWTH,10.4983
2014-02-13,123731,SBI DEBT FUND SERIES - 366 DAYS - 37 - REGULAR PLAN - DIVIDEND,10.4983
2014-02-13,123732,HDFC FMP 1875D August 2013 (1) - Direct Option - Growth Option,10.478
2014-02-13,123733,HDFC FMP 1875D August 2013 (1) - Regular Option - Growth Option,10.4594
2014-02-13,123734,HDFC FMP 1875D August 2013 (1) - Regular Option - Quarterly Dividend Option,10.1159
2014-02-13,123735,HDFC FMP 1875D August 2013 (1) - Direct Option - Dividend Option,10.478
2014-02-13,123736,HDFC FMP 1875D August 2013 (1) - Direct Option - Flexi Option,10.478
2014-02-13,123737,HDFC FMP 1875D August 2013 (1) - Direct Option - Quarterly Dividend Option,10.1213
2014-02-13,123738,HDFC FMP 1875D August 2013 (1) - Regular Option - Dividend Option,10.4594
2014-02-13,123740,Reliance Fixed Horizon Fund - XXIV - Series 15-Growth Option,10.5165
2014-02-13,123741,Reliance Fixed Horizon Fund - XXIV - Series 15-Dividend Payout Option,10.5165
2014-02-13,123742,Reliance Fixed Horizon Fund - XXIV - Series 15-Direct Plan -Growth Option,10.5213
2014-02-13,123743,Reliance Fixed Horizon Fund - XXIV - Series 15 -Direct Plan -Dividend Payout option,10.5213
2014-02-13,123748,Sundaram Fixed Term Plan DR Direct Plan Growth,10.5099
2014-02-13,123750,Sundaram Fixed Term Plan DR Regular Plan Growth,10.5023
2014-02-13,123755,Sundaram Fixed Term Plan DS Regular Plan Half Yearly Dividend Payout,10.5221
2014-02-13,123756,Sundaram Fixed Term Plan DS Regular Plan Quarterly Dividend Payout,10.5221
2014-02-13,123757,Sundaram Fixed Term Plan DS Direct Plan Growth,10.5362
2014-02-13,123759,Sundaram Fixed Term Plan DS Regular Plan Growth,10.5222
2014-02-13,123760,Sundaram Fixed Term Plan DT Direct Plan Growth,10.5895
2014-02-13,123761,Sundaram Fixed Term Plan DT Direct Plan Half Yearly Dividend Payout,10.5891
2014-02-13,123763,Sundaram Fixed Term Plan DT Regular Plan Growth,10.565
2014-02-13,123764,Sundaram Fixed Term Plan DT Regular Plan Half Yearly Dividend Payout,10.565
2014-02-13,123765,Sundaram Fixed Term Plan DT Regular Plan Quarterly Dividend Payout,10.565
2014-02-13,123780,IDFC FTP - Series 31 (729 days)_Regular Plan_Growth,10.5176
2014-02-13,123782,IDFC FTP - Series 31 (729 days)_Regular Plan_Quarterly Dividend,10.3446
2014-02-13,123786,IDFC FTP - Series 31 (729 days)_Regular Plan_Half yearly Dividend,10.4701
2014-02-13,123788,IDFC FTP - Series 31 (729 days)_Regular Plan_Periodic Dividend,10.5173
2014-02-13,123789,IDFC FTP - Series 31 (729 days)_Direct Plan_Growth,10.52
2014-02-13,123790,Kotak FMP Series 113 (1094 Days) - Growth,10.5447
2014-02-13,123791,Kotak FMP Series 113 (1094 Days) - Dividend,10.5447
2014-02-13,123792,Kotak FMP Series 113 (1094 Days) - Direct Growth,10.567
2014-02-13,123793,Kotak FMP Series 113 (1094 Days)  - Direct Dividend,10.567
2014-02-13,123802,Aditya Birla Sun Life Fixed Term Plan - Series HM (1098 days) - Direct Plan-Normal Dividend,10.5082
2014-02-13,123803,Aditya Birla Sun Life Fixed Term Plan - Series HM (1098 days) - Regular Plan-Growth,10.5005
2014-02-13,123804,Aditya Birla Sun Life Fixed Term Plan - Series HM (1098 days) - Direct Plan-Quarterly Dividend,10.4432
2014-02-13,123805,Aditya Birla Sun Life Fixed Term Plan - Series HM (1098 days) - Direct Plan-Growth,10.5081
2014-02-13,123806,Aditya Birla Sun Life Fixed Term Plan - Series HM (1098 days) - Regular Plan-Normal Dividend,10.5007
2014-02-13,123807,Aditya Birla Sun Life Fixed Term Plan - Series HM (1098 days) - Regular Plan-Quarterly Dividend,10.4367
2014-02-13,123808,Birla Sun Life Fixed Term Plan - Series HN (197 days) - Direct Plan-Dividend,10.5424
2014-02-13,123810,Birla Sun Life Fixed Term Plan - Series HN (197 days) - Regular Plan-Growth,10.5375
2014-02-13,123812,Birla Sun Life Fixed Term Plan - Series HN (197 days) - Regular Plan-Dividend,10.5375
2014-02-13,123813,Birla Sun Life Fixed Term Plan - Series HN (197 days) - Direct Plan-Growth,10.5424
2014-02-13,123826,Aditya Birla Sun Life Fixed Term Plan - Series HQ (1098 days) - Direct Plan-Normal Dividend,10.5236
2014-02-13,123827,Aditya Birla Sun Life Fixed Term Plan - Series HQ (1098 days) - Regular Plan-Growth,10.5163
2014-02-13,123828,Aditya Birla Sun Life Fixed Term Plan - Series HQ (1098 days) - Direct Plan-Growth,10.5235
2014-02-13,123829,Aditya Birla Sun Life Fixed Term Plan - Series HQ (1098 days) - Regular Plan-Normal Dividend,10.5163
2014-02-13,123830,Aditya Birla Sun Life Fixed Term Plan - Series HQ (1098 days) - Regular Plan-Quarterly Dividend,10.4526
2014-02-13,123831,Aditya Birla Sun Life Fixed Term Plan - Series HQ (1098 days) - Direct Plan-Quarterly Dividend,10.4587
2014-02-13,123832,Invesco India Fixed Maturity Plan - Series XX - Plan B (601 Days) - Dividend Payout,10.4842
2014-02-13,123834,Invesco India Fixed Maturity Plan - Series XX - Plan B (601 Days) - Growth option,10.4842
2014-02-13,123835,Invesco India Fixed Maturity Plan - Series XX - Plan B (601 Days) - Direct Plan - Growth,10.4959
2014-02-13,123836,Sundaram Fixed Term Plan DQ Direct Plan Growth,10.5225
2014-02-13,123838,Sundaram Fixed Term Plan DQ Direct Plan Quarterly Dividend Payout,10.5225
2014-02-13,123839,Sundaram Fixed Term Plan DQ Regular Plan Half Yearly Dividend Payout,10.5143
2014-02-13,123840,Sundaram Fixed Term Plan DQ Regular Plan Quarterly Dividend Payout,10.5145
2014-02-13,123841,Sundaram Fixed Term Plan DQ Regular Plan Growth,10.5146
2014-02-13,123842,BNP Paribas Fixed Term Fund - Series 27 A - Growth option,10.5129
2014-02-13,123845,BNP Paribas Fixed Term Fund Series - 27 A - Dividend Payout - On Maturity,10.5129
2014-02-13,123846,BNP Paribas Fixed Term Fund Series - 27 A - Direct Plan - Growth Option,10.5203
2014-02-13,123850,DWS FIXED MATURITY PLAN - SERIES 34 - DIRECT PLAN - DIVIDEND PAYOUT,10.4897
2014-02-13,123851,LIC NOMURA MF FIXED MATURITY PLAN SERIES 69 - REGULAR PLAN - DIVIDEND PAYOUT,10.5569
2014-02-13,123852,LIC NOMURA MF FIXED MATURITY PLAN SERIES 69 - REGULAR PLAN - GROWTH,10.5569
2014-02-13,123853,LIC NOMURA MF FIXED MATURITY PLAN SERIES 69 - DIRECT PLAN - GROWTH,10.5643
2014-02-13,123854,LIC NOMURA MF FIXED MATURITY PLAN SERIES 69 - DIRECT PLAN - DIVIDEND PAYOUT,10.5643
2014-02-13,123855,DWS FIXED MATURITY PLAN - SERIES 34 - DIRECT PLAN - GROWTH,10.4897
2014-02-13,123856,DWS FIXED MATURITY PLAN - SERIES 34 - REGULAR PLAN - DIVIDEND PAYOUT,10.4804
2014-02-13,123857,DWS FIXED MATURITY PLAN - SERIES 34 - REGULAR PLAN - GROWTH,10.4804
2014-02-13,123858,Kotak Banking and PSU Debt - Daily Dividend Reinvestment,10.0335
2014-02-13,123859,Kotak Banking and PSU Debt - Direct Daily Dividend Reinvestment,10.0587
2014-02-13,123860,Aditya Birla Sun Life Gilt Plus - Liquid Plan - Daily Dividend - Direct Plan,10.011
2014-02-13,123861,Aditya Birla Sun Life Gilt Plus - Liquid Plan - Weekly Dividend - Regular Plan,10.0231
2014-02-13,123863,Aditya Birla Sun Life Gilt Plus - Liquid Plan - Daily Dividend - Regular Plan,10.01
2014-02-13,123866,BNP Paribas Fixed Term Fund - Series 27 B - Growth option,10.4316
2014-02-13,123869,BNP Paribas Fixed Term Fund Series - 27 B - Direct Plan - Growth Option,10.4386
2014-02-13,123871,BNP Paribas Fixed Term Fund Series - 27 B - Dividend Payout - Yearly,10.4316
2014-02-13,123873,BNP Paribas Fixed Term Fund Series - 27 B - Dividend Payout - Calendar Quarterly,10.1755
2014-02-13,123875,IDFC FTP - Series 32 (729 days)_Direct Plan_Quarterly Dividend,10.2588
2014-02-13,123879,IDFC FTP - Series 32 (729 days)_Regular Plan_Growth,10.4242
2014-02-13,123880,IDFC FTP - Series 32 (729 days)_Direct Plan_Growth,10.4358
2014-02-13,123881,IDFC FTP - Series 32 (729 days)_Direct Plan_Half yearly Dividend,10.4239
2014-02-13,123883,IDFC FTP - Series 32 (729 days)_Regular Plan_Quarterly Dividend,10.2532
2014-02-13,123886,Religare Invesco Fixed Maturity Plan - Series XX - Plan C (369 Days) - Direct Plan - Growth,10.5244
2014-02-13,123887,Religare Invesco Fixed Maturity Plan - Series XX - Plan C (369 Days) - Growth,10.5123
2014-02-13,123888,UTI FTIF Series XVI - I (366 DAYS) - Growth Option,10.5428
2014-02-13,123889,UTI FTIF Series XVI - I (366 DAYS) - Annual Div Option - Direct,10.5454
2014-02-13,123890,UTI FTIF Series XVI - I (366 DAYS) - Quarterly Div Option,10.1645
2014-02-13,123891,UTI FTIF Series XVI - I (366 DAYS) - Quarterly Div Option - Direct,10.166
2014-02-13,123892,UTI FTIF Series XVI - I (366 DAYS) - Maturity Div Option - Direct,10.5454
2014-02-13,123894,UTI FTIF Series XVI - I (366 DAYS) - Annual Div Option,10.5428
2014-02-13,123895,UTI FTIF Series XVI - I (366 DAYS) - Maturity Div Option,10.5428
2014-02-13,123896,UTI FTIF Series XVI - I (366 DAYS) - Growth Option - Direct,10.5454
2014-02-13,123897,UTI FTIF Series XVI - I (366 DAYS) - Flexi Div Option,10.5428
2014-02-13,123902,JPMorgan India Banking and PSU Debt Fund - Regular Plan - Growth Option,10.3471
2014-02-13,123903,JPMorgan India Banking and PSU Debt Fund - Regular Plan - Dividend Option,10.3471
2014-02-13,123905,JPMorgan India Banking and PSU Debt Fund - Direct Plan - Growth Option,10.3587
2014-02-13,123908,Baroda Pioneer Fixed Maturity Plan Series E- Plan A- Growth,10.5098
2014-02-13,123909,Baroda Pioneer Fixed Maturity Plan Series E- Plan A- Dividend Payout,10.5098
2014-02-13,123910,Baroda Pioneer Fixed Maturity Plan Series E -Plan B (Direct)- Growth,10.5194
2014-02-13,123911,Baroda Pioneer Fixed Maturity Plan Series E -Plan B (Direct) -Dividend Payout,10.5194
2014-02-13,123916,UTI FTIF Series XVI - II (1100 DAYS) - Annual Div Option,10.5792
2014-02-13,123917,UTI FTIF Series XVI - II (1100 DAYS) - Annual Div Option - Direct,10.6001
2014-02-13,123918,UTI FTIF Series XVI - II (1100 DAYS) - Quarterly Div Option,10.2872
2014-02-13,123919,UTI FTIF Series XVI - II (1100 DAYS) - Quarterly Div Option - Direct,10.2931
2014-02-13,123922,UTI FTIF Series XVI - II (1100 DAYS) - Growth Option,10.5793
2014-02-13,123923,UTI FTIF Series XVI - II (1100 DAYS) - Growth Option - Direct,10.6001
2014-02-13,123924,UTI FTIF Series XVI - II (1100 DAYS) - Flexi Div Option,10.579
2014-02-13,123926,UTI FTIF Series XVI - III (368 DAYS) - Maturity Div Option,10.5043
2014-02-13,123927,UTI FTIF Series XVI - III (368 DAYS) - Maturity Div Option - Direct,10.5141
2014-02-13,123928,UTI FTIF Series XVI - III (368 DAYS) - Flexi Div Option,10.5039
2014-02-13,123930,UTI FTIF Series XVI - III (368 DAYS) - Growth Option - Direct,10.5141
2014-02-13,123931,UTI FTIF Series XVI - III (368 DAYS) - Annual Div Option - Direct,10.5141
2014-02-13,123932,UTI FTIF Series XVI - III (368 DAYS) - Quarterly Div Option,10.1632
2014-02-13,123933,UTI FTIF Series XVI - III (368 DAYS) - Quarterly Div Option - Direct,10.1659
2014-02-13,123934,UTI FTIF Series XVI - III (368 DAYS) - Growth Option,10.5043
2014-02-13,123935,UTI FTIF Series XVI - III (368 DAYS) - Annual Div Option,10.5043
2014-02-13,123944,ICICI Prudential Fixed Maturity Plan-Series 69-372 Days Plan K - Direct Plan - Cumulative,10.485
2014-02-13,123945,ICICI Prudential Fixed Maturity Plan-Series 69-372 Days Plan K - Direct Plan - Dividend,10.485
2014-02-13,123946,ICICI Prudential Fixed Maturity Plan-Series 69-372 Days Plan K - Cumulative,10.4734
2014-02-13,123947,ICICI Prudential Fixed Maturity Plan-Series 69-372 Days Plan K - Dividend,10.4734
2014-02-13,123948,JPMorgan India Banking and PSU Debt Fund - Regular Plan - Weekly Dividend Option,10.1634
2014-02-13,123949,JPMorgan India Banking and PSU Debt Fund - Direct Plan - Weekly Dividend Option,10.1655
2014-02-13,123952,JPMorgan India Banking and PSU Debt Fund - Direct Plan - Monthly Dividend Option,10.0548
2014-02-13,123953,JPMorgan India Banking and PSU Debt Fund - Regular Plan - Fortnightly Dividend Option,10.1876
2014-02-13,123954,HDFC FMP 370D August 2013 (4)-Regular Option-Quarterly Dividend Option,10.1682
2014-02-13,123955,HDFC FMP 370D August 2013 (4)-Regular Option-Flexi Option,10.5216
2014-02-13,123956,HDFC FMP 370D August 2013 (4)-Direct Option-Dividend Option,10.524
2014-02-13,123957,HDFC FMP 370D August 2013 (4)-Direct Option-Quarterly Dividend Option,10.1689
2014-02-13,123958,HDFC FMP 370D August 2013 (4)-Direct Option-Flexi Option,10.524
2014-02-13,123959,HDFC FMP 370D August 2013 (4)-Regular Option-Growth Option,10.5216
2014-02-13,123960,HDFC FMP 370D August 2013 (4)-Regular Option-Dividend Option,10.5216
2014-02-13,123961,HDFC FMP 370D August 2013 (4)-Direct Option-Growth Option,10.524
2014-02-13,123962,L&T FMP - Series VIII - Plan F - Dividend Option - Regular Plan,10.4988
2014-02-13,123963,L&T FMP - Series VIII - Plan F - Growth Option-Direct Plan,10.5038
2014-02-13,123964,L&T FMP - Series VIII - Plan F - Dividend Option-Direct Plan,10.5038
2014-02-13,123965,L&T FMP - Series VIII - Plan F - Growth Option - Regular Plan,10.4988
2014-02-13,123966,Kotak FMP Series 114 (370 Days) - Growth,10.5017
2014-02-13,123967,Kotak FMP Series 114 (370 Days) - Dividend,10.5015
2014-02-13,123968,Kotak FMP Series 114 (370 Days) - Direct Growth,10.5053
2014-02-13,123969,Kotak FMP Series 114 (370 Days) - Direct Dividend,10.5053
2014-02-13,123970,Kotak FMP Series 115 (370 Days) - Growth,10.482
2014-02-13,123971,Kotak FMP Series 115 (370 Days) - Direct Dividend,10.5052
2014-02-13,123972,Kotak FMP Series 115 (370 Days) - Dividend,10.482
2014-02-13,123973,Kotak FMP Series 115 (370 Days) - Direct Growth,10.5052
2014-02-13,123974,Union KBC Fixed Maturity Plan -  Series 8 - Regular Plan - Dividend Payout Option,10.4679
2014-02-13,123975,Union KBC Fixed Maturity Plan -  Series 8 - Direct Plan - Dividend Payout Option,10.4749
2014-02-13,123976,Union KBC Fixed Maturity Plan -  Series 8 - Regular Plan - Growth Option,10.4679
2014-02-13,123977,Union KBC Fixed Maturity Plan -  Series 8 - Direct Plan - Growth Option,10.4749
2014-02-13,123978,Axis Hybrid Fund - Series 7 (1305 Days) - Regular Plan - Growth,10.3134
2014-02-13,123979,Axis Hybrid Fund - Series 7 (1305 Days) - Regular Plan - Dividend,10.3134
2014-02-13,123980,Axis Hybrid Fund - Series 7 (1305 Day) - Direct Plan - Growth,10.3593
2014-02-13,123981,Axis Hybrid Fund - Series 7 (1305 Days) - Direct Plan -Dividend,10.3593
2014-02-13,123982,Reliance Fixed Horizon Fund - XXIV - Series 16 - Direct Plan - Growth Plan,10.44
2014-02-13,123983,Reliance Fixed Horizon Fund - XXIV - Series 16 - Direct Plan - Dividend Plan,10.44
2014-02-13,123984,Reliance Fixed Horizon Fund - XXIV - Series 16 - Dividend Plan,10.4356
2014-02-13,123985,Reliance Fixed Horizon Fund - XXIV - Series 16 - Growth Plan,10.4356
2014-02-13,123986,DWS FIXED MATURITY PLAN - SERIES 35 - DIRECT PLAN - DIVIDEND PAYOUT,10.4663
2014-02-13,123987,DWS FIXED MATURITY PLAN - SERIES 36 - DIRECT PLAN - DIVIDEND PAYOUT,10.4371
2014-02-13,123988,ICICI Prudential Fixed Maturity Plan-Series 70-745 Days Plan A - Direct Plan - Cumulative,10.4349
2014-02-13,123990,ICICI Prudential Fixed Maturity Plan-Series 70-745 Days Plan A - Dividend,10.4239
2014-02-13,123991,ICICI Prudential Fixed Maturity Plan-Series 70-745 Days Plan A - Cumulative,10.4239
2014-02-13,123992,ICICI Prudential Fixed Maturity Plan-Series 69-1092 Days Plan L - Cumulative,10.3826
2014-02-13,123993,ICICI Prudential Fixed Maturity Plan-Series 69-1092 Days Plan L - Dividend,10.3826
2014-02-13,123994,ICICI Prudential Fixed Maturity Plan-Series 69-1092 Days Plan L - Direct Plan - Cumulative,10.4127
2014-02-13,123995,ICICI Prudential Fixed Maturity Plan-Series 69-1092 Days Plan L - Direct Plan - Dividend,10.4127
2014-02-13,123996,SBI DEBT FUND SERIES - 366 DAYS - 38 - DIRECT PLAN - DIVIDEND,10.507
2014-02-13,123997,SBI DEBT FUND SERIES - 366 DAYS - 38 - DIRECT PLAN - GROWTH,10.507
2014-02-13,123998,SBI DEBT FUND SERIES - 366 DAYS - 38 - REGULAR PLAN - DIVIDEND,10.5013
2014-02-13,123999,SBI DEBT FUND SERIES - 366 DAYS - 38 - REGULAR PLAN - GROWTH,10.5013
2014-02-13,124001,SBI DEBT FUND SERIES - 36 MONTHS - 5 - DIRECT PLAN - GROWTH,10.4203
2014-02-13,124002,SBI DEBT FUND SERIES - 36 MONTHS - 5 - REGULAR PLAN - GROWTH,10.4133
2014-02-13,124003,SBI DEBT FUND SERIES - 36 MONTHS - 5 - REGULAR PLAN - DIVIDEND,10.4133
2014-02-13,124004,DWS FIXED MATURITY PLAN - SERIES 35 - DIRECT PLAN - GROWTH,10.4663
2014-02-13,124005,DWS FIXED MATURITY PLAN - SERIES 35 - REGULAR PLAN - DIVIDEND PAYOUT,10.457
2014-02-13,124006,DWS FIXED MATURITY PLAN - SERIES 35 - REGULAR PLAN - GROWTH,10.457
2014-02-13,124007,DWS FIXED MATURITY PLAN - SERIES 36 - DIRECT PLAN - GROWTH,10.4371
2014-02-13,124008,DWS FIXED MATURITY PLAN - SERIES 36 - REGULAR PLAN - DIVIDEND PAYOUT,10.4277
2014-02-13,124009,DWS FIXED MATURITY PLAN - SERIES 36 - REGULAR PLAN - GROWTH,10.4277
2014-02-13,124010,HSBC Fixed Term Series 96 - Dividend Option,10.4978
2014-02-13,124012,HSBC Fixed Term Series 96 - Growth Option,10.4978
2014-02-13,124013,HSBC Fixed Term Series 96 - Direct Plan Growth Option,10.5101
2014-02-13,124018,Tata FMP Series 44 Scheme A- Plan A -Growth Option,10.434
2014-02-13,124019,Tata FMP Series 44 Scheme A - Plan A -Dividend Option ( Payout),10.434
2014-02-13,124020,Tata FMP Series 44 Scheme A - Direct Plan -Growth Option,10.4429
2014-02-13,124022,Tata FMP Series 44 Scheme B- Plan A -Growth Option,10.3626
2014-02-13,124023,Tata FMP Series 44 Scheme B - Plan A -Dividend Option ( Payout),10.3626
2014-02-13,124024,Tata FMP Series 44 Scheme B - Direct Plan - Dividend Option ( Payout),10.371
2014-02-13,124025,Tata FMP Series 44 Scheme B - Direct Plan -Growth Option,10.3709
2014-02-13,124034,Kotak FMP Series 116 (370 Days) - Direct Dividend,10.4692
2014-02-13,124035,Kotak FMP Series 116 (370 Days) - Growth,10.464
2014-02-13,124036,Kotak FMP Series 116 (370 Days) - Direct Growth,10.4685
2014-02-13,124037,Kotak FMP Series 116 (370 Days)- Dividend,10.464
2014-02-13,124038,Kotak FMP Series 117 (370 Days) - Growth,10.4306
2014-02-13,124039,Kotak FMP Series 117 (370 Days) - Direct Growth,10.4528
2014-02-13,124040,Kotak FMP Series 117 (370 Days) - Dividend,10.4306
2014-02-13,124041,Kotak FMP Series 117 (370 Days) - Direct Dividend,10.4527
2014-02-13,124042,IIFL SHORT TERM INCOME FUND REGULAR PLAN GROWTH OPTION,10.3802
2014-02-13,124043,Aditya Birla Sun Life Fixed Term Plan - Series HR (1096 days) - Direct Plan-Normal Dividend,10.415
2014-02-13,124044,Aditya Birla Sun Life Fixed Term Plan - Series HR (1096 days) - Regular Plan-Normal Dividend,10.3921
2014-02-13,124045,Aditya Birla Sun Life Fixed Term Plan - Series HR (1096 days) - Regular Plan-Growth,10.3921
2014-02-13,124046,Aditya Birla Sun Life Fixed Term Plan - Series HR (1096 days) - Direct Plan-Quarterly Dividend,10.3649
2014-02-13,124047,Aditya Birla Sun Life Fixed Term Plan - Series HR (1096 days) - Direct Plan-Growth,10.415
2014-02-13,124048,Aditya Birla Sun Life Fixed Term Plan - Series HR (1096 days) - Regular Plan-Quarterly Dividend,10.3449
2014-02-13,124049,Aditya Birla Sun Life Fixed Term Plan - Series HS (1099 days) - Direct Plan-Normal Dividend,10.4984
2014-02-13,124050,Aditya Birla Sun Life Fixed Term Plan - Series HS (1099 days) - Direct Plan-Quarterly Dividend,10.4376
2014-02-13,124051,Aditya Birla Sun Life Fixed Term Plan - Series HS (1465 days) - Regular Plan-Quarterly Dividend,10.4318
2014-02-13,124052,Aditya Birla Sun Life Fixed Term Plan - Series HS (1465 days) - Regular Plan-Growth,10.4919
2014-02-13,124053,Aditya Birla Sun Life Fixed Term Plan - Series HS (1465 days) - Direct Plan-Growth,10.4984
2014-02-13,124054,Aditya Birla Sun Life Fixed Term Plan - Series HS (1465 days) - Regular Plan-Normal Dividend,10.4919
2014-02-13,124063,Aditya Birla Sun Life Fixed Term Plan - Series HV (1098 days) - Direct Plan-Normal Dividend,10.446
2014-02-13,124064,Aditya Birla Sun Life Fixed Term Plan - Series HV (1098 days) - Direct Plan-Growth,10.446
2014-02-13,124065,Aditya Birla Sun Life Fixed Term Plan - Series HV (1098 days) - Regular Plan-Quarterly Dividend,10.3837
2014-02-13,124066,Aditya Birla Sun Life Fixed Term Plan - Series HV (1098 days) - Regular Plan-Growth,10.4397
2014-02-13,124068,Aditya Birla Sun Life Fixed Term Plan - Series HV (1098 days) - Regular Plan-Normal Dividend,10.4396
2014-02-13,124069,Aditya Birla Sun Life Fixed Term Plan - Series HW (1099 days) - Direct Plan-Normal Dividend,10.3964
2014-02-13,124071,Aditya Birla Sun Life Fixed Term Plan - Series HW (1099 days) - Direct Plan-Growth,10.3964
2014-02-13,124072,Aditya Birla Sun Life Fixed Term Plan - Series HW (1099 days) - Regular Plan-Normal Dividend,10.3743
2014-02-13,124073,Aditya Birla Sun Life Fixed Term Plan - Series HW (1099 days) - Regular Plan-Growth,10.3743
2014-02-13,124074,Aditya Birla Sun Life Fixed Term Plan - Series HW (1099 days) - Regular Plan-Quarterly Dividend,10.3291
2014-02-13,124079,ICICI Prudential Fixed Maturity Plan-Series 70-369 Days Plan E - Direct Plan - Cumulative,10.4488
2014-02-13,124080,ICICI Prudential Fixed Maturity Plan-Series 70-369 Days Plan E - Direct Plan - Dividend,10.4488
2014-02-13,124081,ICICI Prudential Fixed Maturity Plan-Series 70-369 Days Plan E - Dividend,10.4378
2014-02-13,124082,ICICI Prudential Fixed Maturity Plan-Series 70-369 Days Plan E - Cumulative,10.4378
2014-02-13,124088,IIFL SHORT TERM INCOME FUND REGULAR PLAN MONTHLY DIVIDEND,10.3802
2014-02-13,124090,IIFL SHORT TERM INCOME FUND REGULAR PLAN  HALF YEARLY DIVIDEND,10.3802
2014-02-13,124091,IIFL SHORT TERM INCOME FUND DIRECT PLAN  GROWTH OPTION,10.3823
2014-02-13,124096,Reliance Fixed Horizon Fund - XXIV - Series 17-Growth Option,10.4289
2014-02-13,124097,Reliance Fixed Horizon Fund - XXIV - Series 17 -Dividend Payout Option,10.4289
2014-02-13,124098,Reliance Fixed Horizon Fund - XXIV - Series 17-Direct Plan -Growth Option,10.4465
2014-02-13,124099,Reliance Fixed Horizon Fund - XXIV - Series 17- Direct Plan -Dividend Payout Option,10.4465
2014-02-13,124100,DSP BlackRock FMP - Series 115 -12M (Maturity Date 29-Sep-2016) - Regular Plan - Growth Option,10.426
2014-02-13,124101,DSP BlackRock FMP - Series 115 -12M (Maturity Date 29-Sep-2016) - Regular Plan - Dividend Payout - Quarterly Payout,10.426
2014-02-13,124102,DSP BlackRock FMP - Series 115 -12M (Maturity Date 29-Sep-2016) - Regular Plan - Dividend Payout - Regular Payout,10.426
2014-02-13,124103,DSP BlackRock FMP - Series 115 -12M (Maturity Date 29-Sep-2016) - Direct Plan - Growth Option,10.4282
2014-02-13,124104,DSP BlackRock FMP - Series 115 -12M (Maturity Date 29-Sep-2016) - Direct Plan - Dividend Payout - Quarterly Payout,10.4282
2014-02-13,124105,DSP BlackRock FMP - Series 115 -12M (Maturity Date 29-Sep-2016) - Direct Plan - Dividend Payout - Regular Payout,10.4282
2014-02-13,124112,DSP BlackRock FTP - Series 32 - 24M (Maturity Date 21 Sep 2016)- Regular Plan - Dividend Payout Option,10.3931
2014-02-13,124113,DSP BlackRock FTP - Series 32 - 24M (Maturity Date 21 Sep 2016) - Direct Plan - Growth Option,10.4143
2014-02-13,124114,DSP BlackRock FTP - Series 32 - 24M (Maturity Date 21 Sep 2016) - Direct Plan - Dividend Payout Option,10.4143
2014-02-13,124115,DSP BlackRock FTP - Series 32 - 24M (Maturity Date 21 Sep 2016) - Regular Plan - Growth Option,10.3931
2014-02-13,124116,DSP BlackRock Dual Advantage Fund - Series 18 - 34M - Regular Plan - Growth Option (Maturity Date 10-Oct-2016),10.2629
2014-02-13,124117,DSP BlackRock Dual Advantage Fund - Series 18 - 34M - Regular Plan - Dividend Payout Option (Maturity Date 10-Oct-2016),10.2629
2014-02-13,124118,DSP BlackRock Dual Advantage Fund - Series 18 - 34M - Direct Plan - Growth Option (Maturity Date 10-Oct-2016),10.2808
2014-02-13,124119,DSP BlackRock Dual Advantage Fund - Series 18 - 34M - Direct Plan - Dividend Payout Option (Maturity Date 10-Oct-2016),10.2808
2014-02-13,124120,Sundaram Fixed Term Plan DU Direct Plan Quarterly Dividend Payout,10.5057
2014-02-13,124121,Sundaram Fixed Term Plan DU Regular Plan Half Yearly Dividend Payout,10.4819
2014-02-13,124122,Sundaram Fixed Term Plan DU Regular Plan Quarterly Dividend Payout,10.4698
2014-02-13,124123,Sundaram Fixed Term Plan DU Regular Plan Growth,10.482
2014-02-13,124124,Sundaram Fixed Term Plan DU Direct Plan Half Yearly Dividend Payout,10.5071
2014-02-13,124125,Sundaram Fixed Term Plan DU Direct Plan Growth,10.5054
2014-02-13,124126,Sundaram Fixed Term Plan DV Regular Plan Growth,10.4952
2014-02-13,124127,Sundaram Fixed Term Plan DV Regular Plan Half Yearly Dividend Payout,10.4952
2014-02-13,124128,Sundaram Fixed Term Plan DV Regular Plan Quarterly Dividend Payout,10.4953
2014-02-13,124130,Sundaram Fixed Term Plan DV Direct Plan Growth,10.5023
2014-02-13,124133,Sundaram Fixed Term Plan DW Regular Plan Growth,10.4255
2014-02-13,124134,Sundaram Fixed Term Plan DW Regular Plan Quarterly Dividend Payout,10.4251
2014-02-13,124136,Sundaram Fixed Term Plan DW Direct Plan Growth,10.4329
2014-02-13,124138,ICICI Prudential Multiple Yield Fund - Series 5 - 1100 Days - Plan A - Cumulative,10.581
2014-02-13,124139,ICICI Prudential Multiple Yield Fund - Series 5 - 1100 Days - Plan A - Dividend,10.581
2014-02-13,124140,ICICI Prudential Multiple Yield Fund - Series 5 - 1100 Days - Plan A - Direct Plan - Cumulative,10.6566
2014-02-13,124141,ICICI Prudential Multiple Yield Fund - Series 5 - 1100 Days - Plan A - Direct Plan - Dividend,10.6566
2014-02-13,124142,ICICI Prudential Fixed Maturity Plan-Series 70-366 Days Plan B - Cumulative,10.4388
2014-02-13,124143,ICICI Prudential Fixed Maturity Plan-Series 70-366 Days Plan B - Direct Plan - Cumulative,10.441
2014-02-13,124145,ICICI Prudential Fixed Maturity Plan-Series 70-366 Days Plan B - Dividend,10.4388
2014-02-13,124150,LIC NOMURA MF FIXED MATURITY PLAN SERIES 70 - REGULAR PLAN - DIVIDEND PAYOUT,10.4838
2014-02-13,124151,LIC NOMURA MF FIXED MATURITY PLAN SERIES 70 - REGULAR PLAN - GROWTH,10.4838
2014-02-13,124152,LIC NOMURA MF FIXED MATURITY PLAN SERIES 70 - DIRECT PLAN - DIVIDEND PAYOUT,10.4885
2014-02-13,124153,LIC NOMURA MF FIXED MATURITY PLAN SERIES 70 - DIRECT PLAN - GROWTH,10.4885
2014-02-13,124155,DWS FIXED MATURITY PLAN - SERIES 37 - DIRECT PLAN - GROWTH,10.4012
2014-02-13,124156,DWS FIXED MATURITY PLAN - SERIES 37 - REGULAR PLAN - GROWTH,10.3879
2014-02-13,124157,DWS FIXED MATURITY PLAN - SERIES 37 - REGULAR PLAN - DIVIDEND PAYOUT,10.3879
2014-02-13,124158,HDFC FMP 370D September 2013 (1)-Regular Option-Growth Option,10.477
2014-02-13,124159,HDFC FMP 370D September 2013 (1)-Regular Option-Dividend Option,10.477
2014-02-13,124160,HDFC FMP 370D September 2013 (1)-Regular Option-Quarterly Dividend Option,10.152
2014-02-13,124162,HDFC FMP 370D September 2013 (1)-Direct Option-Growth Option,10.4793
2014-02-13,124163,HDFC FMP 370D September 2013 (1)-Direct Option-Dividend Option,10.4793
2014-02-13,124164,HDFC FMP 370D September 2013 (1)-Direct Option-Flexi Option,10.4793
2014-02-13,124165,HDFC FMP 370D September 2013 (1)-Direct Option-Quarterly Dividend Option,10.1523
2014-02-13,124166,DSP BlackRock FMP - Series 117 -12M (Maturity Date 29-Sep-2016) - Regular Plan - Growth Option,10.4112
2014-02-13,124167,DSP BlackRock FMP - Series 117 -12M (Maturity Date 29-Sep-2016) - Regular Plan - Dividend Payout - Quarterly Payout,10.4112
2014-02-13,124168,DSP BlackRock FMP - Series 117 -12M (Maturity Date 29-Sep-2016) - Direct Plan - Growth Option,10.4133
2014-02-13,124169,DSP BlackRock FMP - Series 117 -12M (Maturity Date 29-Sep-2016) - Direct Plan - Dividend Payout - Quarterly Payout,10.4133
2014-02-13,124170,DSP BlackRock FMP - Series 117 -12M (Maturity Date 29-Sep-2016) - Direct Plan - Dividend Payout - Regular Payout,10.4133
2014-02-13,124171,DSP BlackRock FMP - Series 117 -12M (Maturity Date 29-Sep-2016) - Regular Plan - Dividend Payout - Regular Payout,10.4112
2014-02-13,124172,DSP Banking & PSU Debt Fund - Regular Plan - Growth,10.4022
2014-02-13,124173,DSP Banking & PSU Debt Fund - Regular Plan - IDCW - Daily Reinvest,10.155
2014-02-13,124174,DSP Banking & PSU Debt Fund - Regular Plan - IDCW,10.2568
2014-02-13,124175,DSP Banking & PSU Debt Fund - Direct Plan - Growth,10.4171
2014-02-13,124176,DSP Banking & PSU Debt Fund - Direct Plan - IDCW - Monthly,10.1747
2014-02-13,124177,DSP Banking & PSU Debt Fund - Direct Plan - IDCW - Quarterly,10.2624
2014-02-13,124178,DSP Banking & PSU Debt Fund - Direct Plan - IDCW,10.2624
2014-02-13,124179,DSP Banking & PSU Debt Fund - Regular Plan - IDCW - Weekly,10.16
2014-02-13,124180,DSP Banking & PSU Debt Fund - Regular Plan - IDCW - Monthly,10.1731
2014-02-13,124181,DSP Banking & PSU Debt Fund - Regular Plan - IDCW - Quarterly,10.2568
2014-02-13,124182,DSP Banking & PSU Debt Fund - Direct Plan - IDCW - Daily Reinvest,10.1552
2014-02-13,124183,DSP Banking & PSU Debt Fund - Direct Plan - IDCW - Weekly,10.16
2014-02-13,124184,L&T FMP SERIES -VIII-Plan G - Growth Option - Regular Plan,10.5227
2014-02-13,124185,L&T FMP SERIES -VIII-Plan G - Growth Option-Direct Plan,10.5276
2014-02-13,124186,L&T FMP SERIES -VIII-Plan G - Dividend Option - Regular Plan,10.5227
2014-02-13,124187,L&T FMP SERIES -VIII-Plan G - Dividend Option - Direct Plan,10.5276
2014-02-13,124188,IDFC FTP - Series 33 (729 days)_Regular Plan_Growth,10.4249
2014-02-13,124189,IDFC FTP - Series 33 (729 days)_Direct Plan_Quarterly Dividend,10.2978
2014-02-13,124190,IDFC FTP - Series 33 (729 days)_Direct Plan_Periodic Dividend,10.4359
2014-02-13,124192,IDFC FTP - Series 33 (729 days)_Regular Plan_Quarterly Dividend,10.2917
2014-02-13,124194,IDFC FTP - Series 33 (729 days)_Direct Plan_Growth,10.4359
2014-02-13,124197,IDFC FTP - Series 33 (729 days)_Regular Plan_Half yearly Dividend,10.4249
2014-02-13,124198,IDBI FMP - Series III - 368 days (September 2013) - K-Growth Regular,10.4291
2014-02-13,124199,IDBI FMP - Series III - 368 days (September 2013) - K-Growth Direct,10.4398
2014-02-13,124200,IDBI FMP - Series III - 368 days (September 2013) - K-Dividend Regular,10.4291
2014-02-13,124201,IDBI FMP - Series III - 368 days (September 2013) - K-Dividend Direct,10.4398
2014-02-13,124203,Pramerica Fixed Duration Fund - Series 14 - Direct Plan - Growth,1044.0257
2014-02-13,124205,Pramerica Fixed Duration Fund - Series 14 - Regular Plan - Growth,1041.8113
2014-02-13,124210,Reliance Fixed Horizon Fund - XXIV - Series 18-Growth Option,10.4305
2014-02-13,124211,Reliance Fixed Horizon Fund - XXIV - Series 18 -Dividend Payout Optioin,10.4305
2014-02-13,124213,Reliance Fixed Horizon Fund - XXIV - Series 18 -Direct Plan -Growth Option,10.4348
2014-02-13,124215,ICICI Prudential Fixed Maturity Plan-Series 70-367 Days Plan C - Direct Plan - Cumulative,10.4256
2014-02-13,124216,ICICI Prudential Fixed Maturity Plan-Series 70-367 Days Plan C - Direct Plan - Dividend,10.4256
2014-02-13,124217,ICICI Prudential Fixed Maturity Plan-Series 70-367 Days Plan C - Cumulative,10.4235
2014-02-13,124218,ICICI Prudential Fixed Maturity Plan-Series 70-367 Days Plan C - Dividend,10.4235
2014-02-13,124219,ICICI Prudential Fixed Maturity Plan-Series 70-742 Days Plan D - Direct Plan - Cumulative,10.3787
2014-02-13,124220,ICICI Prudential Fixed Maturity Plan-Series 70-742 Days Plan D - Direct Plan - Dividend,10.3787
2014-02-13,124221,ICICI Prudential Fixed Maturity Plan-Series 70-742 Days Plan D - Cumulative,10.3578
2014-02-13,124222,ICICI Prudential Fixed Maturity Plan-Series 70-742 Days Plan D - Dividend,10.3578
2014-02-13,124227,DSP BlackRock FMP - Series 118 -12M (Maturity Date 29-Sep-2016) - Regular Plan - Growth Option,10.3384
2014-02-13,124230,DSP BlackRock FMP - Series 118 -12M (Maturity Date 29-Sep-2016) - Direct Plan - Growth Option,10.3484
2014-02-13,124231,DSP BlackRock FMP - Series 118 -12M (Maturity Date 29-Sep-2016) - Direct Plan - Dividend Payout - Regular Payout,10.3484
2014-02-13,124232,DSP BlackRock FMP - Series 118 -12M (Maturity Date 29-Sep-2016) - Regular Plan - Dividend Payout - Regular Payout,10.3384
2014-02-13,124233,Motilal Oswal Ultra Short Term Fund (MOFUSTF)-Regular Plan- Growth,10.3556
2014-02-13,124234,Motilal Oswal Ultra Short Term Fund (MOFUSTF) -Direct Plan- Growth,10.3902
2014-02-13,124235,DSP BlackRock FMP - Series 119 -12M (Maturity Date 29-Sep-2016) - Regular Plan - Growth Option,10.34
2014-02-13,124236,DSP BlackRock FMP - Series 119 -12M (Maturity Date 29-Sep-2016) - Regular Plan - Dividend Payout - Quarterly Payout,10.34
2014-02-13,124237,DSP BlackRock FMP - Series 119 -12M (Maturity Date 29-Sep-2016) - Regular Plan - Dividend Payout - Regular Payout,10.34
2014-02-13,124238,DSP BlackRock FMP - Series 119 -12M (Maturity Date 29-Sep-2016) - Direct Plan - Dividend Payout - Quarterly Payout,10.3419
2014-02-13,124239,DSP BlackRock FMP - Series 119 -12M (Maturity Date 29-Sep-2016) - Direct Plan - Growth Option,10.3419
2014-02-13,124240,DSP BlackRock FMP - Series 119 -12M (Maturity Date 29-Sep-2016) - Direct Plan - Dividend Payout - Regular Payout,10.3419
2014-02-13,124241,Religare Invesco Fixed Maturity Plan - Series XX - Plan E (370 Days) - Dividend Payout Option,10.4097
2014-02-13,124242,Religare Invesco Fixed Maturity Plan - Series XX - Plan E (370 Days) - Direct Plan - Dividend Payout Option,10.4382
2014-02-13,124243,Religare Invesco Fixed Maturity Plan - Series XX - Plan E (370 Days) - Direct Plan - Growth Option,10.4383
2014-02-13,124244,Religare Invesco Fixed Maturity Plan - Series XX - Plan E (370 Days) - Growth Option,10.4097
2014-02-13,124245,Kotak FMP Series 118 (370 Days) - Growth,10.4109
2014-02-13,124246,Kotak FMP Series 118 (370 Days) - Direct Growth,10.4197
2014-02-13,124247,Kotak FMP Series 118 (370 Days) - Dividend,10.4109
2014-02-13,124248,Kotak FMP Series 118 (370 Days) - Direct Dividend,10.4197
2014-02-13,124249,Reliance Fixed Horizon Fund - XXIV - Series 20 - Direct Plan - Growth Option,10.3458
2014-02-13,124250,Reliance Fixed Horizon Fund - XXIV - Series 20 - Direct Plan - Dividend Payout Option,10.3458
2014-02-13,124251,Reliance Fixed Horizon Fund - XXIV - Series 20 - Growth Option,10.3264
2014-02-13,124252,Reliance Fixed Horizon Fund - XXIV - Series 20 - Dividend Payout Option,10.3264
2014-02-13,124257,JPMorgan India Fixed Maturity Plan - Series 28 - Regular Plan - Growth Option,10.3357
2014-02-13,124258,JPMorgan India Fixed Maturity Plan - Series 28 - Direct Plan - Growth Option,10.3546
2014-02-13,124259,JPMorgan India Fixed Maturity Plan - Series 28 - Direct Plan - Dividend Option,10.3549
2014-02-13,124260,JPMorgan India Fixed Maturity Plan - Series 28 - Regular Plan - Dividend Option,10.3357
2014-02-13,124261,Reliance Fixed Horizon Fund - XXIV - Series 21 - Growth Option,10.3234
2014-02-13,124262,Reliance Fixed Horizon Fund - XXIV - Series 21 - Direct Plan - Growth Option,10.3433
2014-02-13,124263,Reliance Fixed Horizon Fund - XXIV - Series 21 - Dividend Payout Option,10.3234
2014-02-13,124264,Reliance Fixed Horizon Fund - XXIV - Series 21 - Direct Plan - Dividend Payout Option,10.3433
2014-02-13,124266,UTI Overnight Fund - Direct Plan - Daily IDCW,10.4305
2014-02-13,124271,IDFC FTP - Series 34 (728 days)_Regular Plan_Growth,10.4198
2014-02-13,124273,IDFC FTP - Series 34 (728 days) _Regular Plan_Quarterly Dividend,10.2661
2014-02-13,124277,IDFC FTP - Series 34 (728 days)_Regular Plan_Half yearly Dividend,10.42
2014-02-13,124279,IDFC FTP - Series 34 (728 days)_Direct Plan_Growth,10.4305
2014-02-13,124281,Kotak FMP Series 120 (180 Days) - Dividend,10.4629
2014-02-13,124282,Kotak FMP Series 120 (180 Days) - Direct Dividend,10.4673
2014-02-13,124283,Kotak FMP Series 120 (180 Days) - Growth,10.4629
2014-02-13,124284,Kotak FMP Series 120 (180 Days) - Direct Growth,10.4673
2014-02-13,124291,Sundaram Fixed Term Plan DY Direct Plan Growth,10.3525
2014-02-13,124292,Sundaram Fixed Term Plan DY Direct Plan Half Yearly Dividend Payout,10.3525
2014-02-13,124293,Sundaram Fixed Term Plan DY Direct Plan Quarterly Dividend Payout,10.3524
2014-02-13,124294,Sundaram Fixed Term Plan DY Regular Plan Growth,10.3343
2014-02-13,124295,Sundaram Fixed Term Plan DY Regular Plan Half Yearly Dividend Payout,10.3345
2014-02-13,124296,Sundaram Fixed Term Plan DY Regular Plan Quarterly Dividend Payout,10.3916
2014-02-13,124297,Sundaram Fixed Term Plan DZ Direct Plan Growth,10.3649
2014-02-13,124298,Sundaram Fixed Term Plan DZ Direct Plan Half Yearly Dividend Payout,10.3645
2014-02-13,124299,Sundaram Fixed Term Plan DZ Direct Plan Quarterly Dividend Payout,10.3648
2014-02-13,124300,Sundaram Fixed Term Plan DZ Regular Plan Growth,10.3449
2014-02-13,124301,Sundaram Fixed Term Plan DZ Regular Plan Half Yearly Dividend Payout,10.3449
2014-02-13,124302,Sundaram Fixed Term Plan DZ Regular Plan Quarterly Dividend Payout,10.3451
2014-02-13,124303,Motilal Oswal Ultra Short Term Fund Regular - IDCW Daily Reinvestment,10.0004
2014-02-13,124310,Motilal Oswal Ultra Short Term Fund Regular - IDCW Weekly Reinvestment,10.004
2014-02-13,124311,Motilal Oswal Ultra Short Term Fund Direct - IDCW Fortnightly Reinvestment,10.0324
2014-02-13,124313,Motilal Oswal Ultra Short Term Fund Regular - IDCW Fortnightly Reinvestment,10.0289
2014-02-13,124315,Motilal Oswal Ultra Short Term Fund Regular - IDCW Monthly Payout/Reinvestment,10.0218
2014-02-13,124316,Motilal Oswal Ultra Short Term Fund Direct - IDCW Daily Reinvestment,10.0
2014-02-13,124317,ICICI Prudential Fixed Maturity Plan-Series 70-745 Days Plan G - Direct Plan - Cumulative,10.3637
2014-02-13,124318,ICICI Prudential Fixed Maturity Plan-Series 70-745 Days Plan G - Direct Plan - Dividend,10.3637
2014-02-13,124319,ICICI Prudential Fixed Maturity Plan-Series 70-745 Days Plan G - Cumulative,10.3437
2014-02-13,124320,ICICI Prudential Fixed Maturity Plan-Series 70-745 Days Plan G - Dividend,10.3437
2014-02-13,124321,DWS FIXED MATURITY PLAN - SERIES 38 - DIRECT PLAN - DIVIDEND PAYOUT,10.2897
2014-02-13,124323,DWS FIXED MATURITY PLAN - SERIES 38 - DIRECT PLAN - GROWTH,10.2897
2014-02-13,124324,DWS FIXED MATURITY PLAN - SERIES 38 - REGULAR PLAN - GROWTH,10.2755
2014-02-13,124325,DWS FIXED MATURITY PLAN - SERIES 38 - REGULAR PLAN - DIVIDEND PAYOUT,10.2754
2014-02-13,124329,L&T FMP Series - VIII-Plan I - Growth Option - Regular Plan,10.4977
2014-02-13,124330,L&T FMP Series - VIII-Plan I-Growth Option-Direct Plan,10.5024
2014-02-13,124332,L&T FMP Series - VIII-Plan I-Dividend Option - Regular Plan,10.4977
2014-02-13,124333,Reliance Interval Fund I - Half yearly Interval Fund - Series 2-Dividend Payout option,10.3803
2014-02-13,124334,Reliance Interval Fund I - Half yearly Interval Fund - Series 2-Direct Plan -Dividend Payout Option,10.3884
2014-02-13,124335,Reliance Interval Fund I - Half yearly Interval Fund - Series 2-Direct Plan -Growth Plan,10.3884
2014-02-13,124336,Reliance Interval Fund I - Half yearly Interval Fund - Series 2-Growth Plan,10.3803
2014-02-13,124337,Reliance Dual Advantage Fixed Tenure Fund IV - Plan C - Growth Option,9.9255
2014-02-13,124338,Reliance Dual Advantage Fixed Tenure Fund IV - Plan C - Direct Plan - Dividend Payout Option,9.9616
2014-02-13,124339,Reliance Dual Advantage Fixed Tenure Fund IV - Plan C - Direct Plan - Growth Option,9.9616
2014-02-13,124340,Reliance Dual Advantage Fixed Tenure Fund IV - Plan C - Dividend Payout Option,9.9255
2014-02-13,124341,HDFC FMP 370D September 2013 (2)-Direct Option-Dividend Option,10.4392
2014-02-13,124342,HDFC FMP 370D September 2013 (2)-Direct Option-Flexi Option,10.4392
2014-02-13,124343,HDFC FMP 370D September 2013 (2)-Direct Option-Growth Option,10.4392
2014-02-13,124345,HDFC FMP 370D September 2013 (2)-Regular Option-Dividend Option,10.437
2014-02-13,124347,HDFC FMP 370D September 2013 (2)-Regular Option-Growth Option,10.437
2014-02-13,124348,HDFC FMP 370D September 2013 (2)-Regular Option-Quarterly Dividend Option,10.1402
2014-02-13,124349,HDFC CPO - I - 36M September 2013 - Regular Option - Growth Option,10.1921
2014-02-13,124350,HDFC CPO - I - 36M September 2013 - Direct Option - Growth Option,10.2101
2014-02-13,124351,HDFC CPO - I - 36M September 2013 -  Direct Option - Dividend Option,10.2101
2014-02-13,124352,HDFC CPO - I - 36M September 2013 - Regular Option - Dividend Option,10.1921
2014-02-13,124353,LIC MF CAPITAL PROTECTION ORIENTED FUND SERIES 1 - REGULAR PLAN - DIVIDEND PAYOUT,10.0148
2014-02-13,124354,LIC MF CAPITAL PROTECTION ORIENTED FUND SERIES 1 - REGULAR PLAN - GROWTH,10.0148
2014-02-13,124355,LIC MF CAPITAL PROTECTION ORIENTED FUND SERIES 1 - DIRECT PLAN - DIVIDEND PAYOUT,10.0249
2014-02-13,124356,LIC MF CAPITAL PROTECTION ORIENTED FUND SERIES 1 - DIRECT PLAN - GROWTH,10.0251
2014-02-13,124361,ICICI Prudential Fixed Maturity Plan-Series 70-368 Days Plan J - Direct Plan - Cumulative,10.3643
2014-02-13,124362,ICICI Prudential Fixed Maturity Plan-Series 70-368 Days Plan J - Cumulative,10.354
2014-02-13,124363,ICICI Prudential Fixed Maturity Plan-Series 70-368 Days Plan J - Dividend,10.354
2014-02-13,124364,ICICI Prudential Fixed Maturity Plan-Series 70-368 Days Plan J - Direct Plan - Dividend,10.3643
2014-02-13,124365,IDBI FMP - Series III - 564 days (September 2013) - L Growth Regular,10.3837
2014-02-13,124366,IDBI FMP - Series III - 564 days (September 2013) - L Growth Direct,10.4034
2014-02-13,124367,IDBI FMP - Series III - 564 days (September 2013) - L Dividend Regular,10.3837
2014-02-13,124369,SBI DEBT FUND SERIES - 366 DAYS - 39 - DIRECT PLAN - DIVIDEND,10.4361
2014-02-13,124370,SBI DEBT FUND SERIES - 366 DAYS - 39 - DIRECT PLAN - GROWTH,10.4361
2014-02-13,124371,SBI DEBT FUND SERIES - 366 DAYS - 39 - REGULAR PLAN - DIVIDEND,10.4285
2014-02-13,124372,SBI DEBT FUND SERIES - 366 DAYS - 39 - REGULAR PLAN - GROWTH,10.4285
2014-02-13,124373,SBI DEBT FUND SERIES - 36 MONTHS - 6 - DIRECT PLAN - DIVIDEND,10.3778
2014-02-13,124374,SBI DEBT FUND SERIES - 36 MONTHS - 6 - DIRECT PLAN - GROWTH,10.3778
2014-02-13,124375,SBI DEBT FUND SERIES - 36 MONTHS - 6 - REGULAR PLAN - DIVIDEND,10.3611
2014-02-13,124376,SBI DEBT FUND SERIES - 36 MONTHS - 6 - REGULAR PLAN - GROWTH,10.3611
2014-02-13,124377,IDFC FTP - Series 35 (732 days)-Regular Plan_Half Yearly Dividend,10.343
2014-02-13,124378,IDFC FTP - Series 35 (732 days)-Direct Plan_Growth,10.3633
2014-02-13,124380,IDFC FTP - Series 35 (732 days)-Direct Plan_Quarterly Dividend,10.2102
2014-02-13,124381,IDFC FTP - Series 35 (732 days)-Direct Plan_Half Yearly Dividend,10.3633
2014-02-13,124384,IDFC FTP - Series 35 (732 days)-Regular Plan_Growth,10.343
2014-02-13,124385,IDFC FTP - Series 35 (732 days)-Regular Plan_Quarterly Dividend,10.19
2014-02-13,124393,Kotak FMP Series 119 (370 Days) - Direct Growth,10.4124
2014-02-13,124394,Kotak FMP Series 119 (370 Days) - Dividend,10.4068
2014-02-13,124395,Kotak FMP Series 119 (370 Days) - Direct Dividend,10.4123
2014-02-13,124396,Kotak FMP Series 119 (370 Days) - Growth,10.4074
2014-02-13,124397,ICICI Prudential Fixed Maturity Plan-Series 70-1095 Days Plan H - Direct Plan - Cumulative,10.2934
2014-02-13,124398,ICICI Prudential Fixed Maturity Plan-Series 70-1095 Days Plan H - Direct Plan - Dividend,10.2934
2014-02-13,124399,ICICI Prudential Fixed Maturity Plan-Series 70-1095 Days Plan H - Cumulative,10.2671
2014-02-13,124400,ICICI Prudential Fixed Maturity Plan-Series 70-1095 Days Plan H - Dividend,10.2671
2014-02-13,124405,Aditya Birla Sun Life Fixed Term Plan - Series HY (1098 days) - Direct Plan-Normal Dividend,10.4329
2014-02-13,124406,Aditya Birla Sun Life Fixed Term Plan - Series HY (1098 days) - Regular Plan-Normal Dividend,10.4266
2014-02-13,124407,Aditya Birla Sun Life Fixed Term Plan - Series HY (1098 days) - Regular Plan-Quarterly Dividend,10.3738
2014-02-13,124408,Aditya Birla Sun Life Fixed Term Plan - Series HY (1098 days) - Regular Plan-Growth,10.426
2014-02-13,124410,Aditya Birla Sun Life Fixed Term Plan - Series HY (1098 days) - Direct Plan-Growth,10.4331
2014-02-13,124427,IDFC FTP - Series 38 (166 days)- Direct Plan_Growth,10.3782
2014-02-13,124429,IDFC FTP - Series 38 (166 days)- Regular Plan_Quarterly Dividend,10.2189
2014-02-13,124430,IDFC FTP - Series 38 (166 days)- Direct Plan_Periodic Dividend,10.3782
2014-02-13,124431,IDFC FTP - Series 38 (166 days)- Regular Plan_Growth,10.3722
2014-02-13,124433,IDFC FTP - Series 38 (166 days)- Direct Plan_Quarterly Dividend,10.225
2014-02-13,124434,IDFC FTP - Series 38 (166 days)- Regular Plan_Periodic Dividend,10.3722
2014-02-13,124440,IDFC FTP - Series 39 (506 days)- Direct Plan_Growth,10.3652
2014-02-13,124441,IDFC FTP - Series 39(506 days)- Regular Plan_Half Yearly Dividend,10.3494
2014-02-13,124442,IDFC FTP - Series 39 (506 days)- Regular Plan_Growth,10.3494
2014-02-13,124446,IDFC FTP - Series 39 (506 days)- Direct Plan_Quarterly Dividend,10.2121
2014-02-13,124449,Baroda Pioneer Fixed Maturity Plan -Series G- Plan A- Growth,10.3589
2014-02-13,124450,Baroda Pioneer Fixed Maturity Plan -Series G- Plan A- Dividend Payout,10.3589
2014-02-13,124451,Baroda Pioneer Fixed Maturity Plan -Series G-Plan B (Direct)- Growth,10.3672
2014-02-13,124452,Baroda Pioneer Fixed Maturity Plan -Series G -Plan B (Direct) -Dividend Payout,10.3672
2014-02-13,124459,Birla Sun Life Fixed Term Plan - Series IA (1099 days) - Regular Plan-Quarterly Dividend,10.3631
2014-02-13,124460,Birla Sun Life Fixed Term Plan - Series IA (1099 days) - Regular Plan-Growth,10.4134
2014-02-13,124461,Birla Sun Life Fixed Term Plan - Series IA (1099 days) - Direct Plan-Growth,10.4209
2014-02-13,124462,Birla Sun Life Fixed Term Plan - Series IA (1099 days) - Regular Plan-Normal Dividend,10.4134
2014-02-13,124467,ICICI Prudential Capital Protection Oriented Fund IV - PLAN D - 60 Months - Direct Plan - Cumulative,10.4436
2014-02-13,124468,ICICI Prudential Capital Protection Oriented Fund IV - PLAN D - 60 Months - Cumulative,10.374
2014-02-13,124469,ICICI Prudential Capital Protection Oriented Fund IV - PLAN D - 60 Months - Direct Plan - Dividend,10.4436
2014-02-13,124470,ICICI Prudential Capital Protection Oriented Fund IV - PLAN D - 60 Months - Dividend,10.374
2014-02-13,124475,Religare Invesco Fixed Maturity Plan - Series XX  - Plan F (370 Days) - Dividend Payout,10.3516
2014-02-13,124476,Religare Invesco Fixed Maturity Plan - Series XX  - Plan F (370 Days) - Direct Plan - Growth,10.3557
2014-02-13,124478,Religare Invesco Fixed Maturity Plan - Series XX  - Plan F (370 Days) - Growth,10.3516
2014-02-13,124479,Aditya Birla Sun Life Fixed Term Plan - Series IC (1098 days) - Direct Plan-Normal Dividend,10.3604
2014-02-13,124481,Aditya Birla Sun Life Fixed Term Plan - Series IC (1098 days) - Direct Plan-Growth,10.3604
2014-02-13,124482,Aditya Birla Sun Life Fixed Term Plan - Series IC (1098 days) - Regular Plan-Normal Dividend,10.3542
2014-02-13,124483,Aditya Birla Sun Life Fixed Term Plan - Series IC (1098 days) - Regular Plan-Quarterly Dividend,10.3082
2014-02-13,124484,Aditya Birla Sun Life Fixed Term Plan - Series IC (1098 days) - Regular Plan-Growth,10.3542
2014-02-13,124485,Aditya Birla Sun Life Fixed Term Plan - Series ID (1094 days) - Direct Plan-Normal Dividend,10.3183
2014-02-13,124486,Aditya Birla Sun Life Fixed Term Plan - Series ID (1094 days) - Direct Plan-Growth,10.3183
2014-02-13,124487,Aditya Birla Sun Life Fixed Term Plan - Series ID (1094 days) - Regular Plan-Normal Dividend,10.2991
2014-02-13,124489,Aditya Birla Sun Life Fixed Term Plan - Series ID (1094 days) - Regular Plan-Quarterly Dividend,10.2991
2014-02-13,124490,Aditya Birla Sun Life Fixed Term Plan - Series ID (1094 days) - Regular Plan-Growth,10.2991
2014-02-13,124495,ICICI Prudential Fixed Maturity Plan-Series 70-366 Days Plan I - Direct Plan - Cumulative,10.3436
2014-02-13,124496,ICICI Prudential Fixed Maturity Plan-Series 70-366 Days Plan I - Direct Plan - Dividend,10.3436
2014-02-13,124497,ICICI Prudential Fixed Maturity Plan-Series 70-366 Days Plan I - Cumulative,10.3416
2014-02-13,124498,ICICI Prudential Fixed Maturity Plan-Series 70-366 Days Plan I - Dividend,10.3416
2014-02-13,124504,HDFC FMP 370D September 2013 (3)-Direct Option-Growth Option,10.4206
2014-02-13,124505,HDFC FMP 370D September 2013 (3)-Regular Option-Growth Option,10.4078
2014-02-13,124506,HDFC FMP 370D September 2013 (3)-Direct Option-Dividend Option,10.4206
2014-02-13,124507,HDFC FMP 370D September 2013 (3)-Direct Option-Quarterly Dividend Option,10.1376
2014-02-13,124508,HDFC FMP 370D September 2013 (3)-Direct Option-Flexi Option,10.4206
2014-02-13,124509,HDFC FMP 370D September 2013 (3)-Regular Option-Dividend Option,10.4078
2014-02-13,124510,HDFC FMP 370D September 2013 (3)-Regular Option-Quarterly Dividend Option,10.1335
2014-02-13,124512,HDFC FMP 370D September 2013 (4)-Regular Option-Dividend Option,10.3989
2014-02-13,124514,HDFC FMP 370D September 2013 (4)-Direct Option-Flexi Option,10.4009
2014-02-13,124515,HDFC FMP 370D September 2013 (4)-Direct Option-Growth Option,10.4009
2014-02-13,124516,HDFC FMP 370D September 2013 (4)-Direct Option-Quarterly Dividend Option,10.1267
2014-02-13,124517,HDFC FMP 370D September 2013 (4)-Regular Option-Growth Option,10.3989
2014-02-13,124518,HDFC FMP 370D September 2013 (4)-Regular Option-Quarterly Dividend Option,10.1257
2014-02-13,124521,IDBI FMP - Series III - 366 days (September 2013) - M Dividend Regular,10.253
2014-02-13,124523,IDBI FMP - Series III - 366 days (September 2013) - M Growth Regular,10.253
2014-02-13,124524,IDBI FMP - Series III - 366 days (September 2013) - M Growth Direct,10.2594
2014-02-13,124525,SBI DEBT FUND SERIES - 366 DAYS - 40 - DIRECT PLAN - GROWTH,10.4071
2014-02-13,124526,SBI DEBT FUND SERIES - 366 DAYS - 40 - REGULAR PLAN - DIVIDEND,10.3982
2014-02-13,124527,SBI DEBT FUND SERIES - 366 DAYS - 40 - DIRECT PLAN - DIVIDEND,10.4071
2014-02-13,124528,SBI DEBT FUND SERIES - 366 DAYS - 40 - REGULAR PLAN - GROWTH,10.3982
2014-02-13,124529,Axis Fixed Term Plan - Series 41 (546 days) - Regular Plan - Quarterly Dividend,10.18
2014-02-13,124530,Axis Fixed Term Plan - Series 41 (546 days) - Direct Plan - Growth,10.3085
2014-02-13,124532,Axis Fixed Term Plan - Series 41 (546 days) - Regular Plan - Dividend,10.3012
2014-02-13,124534,Axis Fixed Term Plan - Series 41 (546 days) - Regular Plan - Growth,10.3012
2014-02-13,124539,HDFC FMP 742D September 2013 (1)-Regular Option-Quarterly Dividend Option,10.1538
2014-02-13,124540,HDFC FMP 742D September 2013 (1)-Direct Option-Growth Option,10.394
2014-02-13,124541,HDFC FMP 742D September 2013 (1)-Regular Option-Dividend Option,10.3843
2014-02-13,124542,HDFC FMP 742D September 2013 (1)-Direct Option-Dividend Option,10.394
2014-02-13,124543,HDFC FMP 742D September 2013 (1)-Direct Option-Quarterly Dividend Option,10.1572
2014-02-13,124545,HDFC FMP 742D September 2013 (1)-Regular Option-Growth Option,10.3843
2014-02-13,124546,HDFC FMP 742D September 2013 (1)-Direct Option-Flexi Option,10.394
2014-02-13,124547,HDFC FMP 371D September 2013 (1)-Regular Option-Dividend Option,10.3484
2014-02-13,124548,HDFC FMP 371D September 2013 (1)-Regular Option-Flexi Option,10.3484
2014-02-13,124549,HDFC FMP 371D September 2013 (1)-Direct Option-Quarterly Dividend Option,10.1007
2014-02-13,124550,HDFC FMP 371D September 2013 (1)-Direct Option-Dividend Option,10.3504
2014-02-13,124551,HDFC FMP 371D September 2013 (1)-Regular Option-Quarterly Dividend Option,10.1
2014-02-13,124552,HDFC FMP 371D September 2013 (1)-Regular Option-Growth Option,10.3484
2014-02-13,124553,HDFC FMP 371D September 2013 (1)-Direct Option-Growth Option,10.3504
2014-02-13,124555,UTI FTIF Series XVI - IV (369 DAYS) - Growth Option - Direct,10.4298
2014-02-13,124556,UTI FTIF Series XVI - IV (369 DAYS) - Annual Div Option,10.4187
2014-02-13,124557,UTI FTIF Series XVI - IV (369 DAYS) - Quarterly Div Option,10.1325
2014-02-13,124558,UTI FTIF Series XVI - IV (369 DAYS) - Quarterly Div Option - Direct,10.1359
2014-02-13,124560,UTI FTIF Series XVI - IV (369 DAYS) - Growth Option,10.4186
2014-02-13,124561,UTI FTIF Series XVI - IV (369 DAYS) - Maturity Div Option - Direct,10.4298
2014-02-13,124562,UTI FTIF Series XVI - IV (369 DAYS) - Flexi Div Option,10.4181
2014-02-13,124563,UTI FTIF Series XVI - IV (369 DAYS) - Annual Div Option - Direct,10.4298
2014-02-13,124564,UTI FTIF Series XVI - IV (369 DAYS) - Maturity Div Option,10.4187
2014-02-13,124569,L&T FMP - Series VIII - Plan J - Dividend Option - Regular Plan,10.431
2014-02-13,124571,L&T FMP - Series VIII - Plan J - Growth - Regular Plan,10.431
2014-02-13,124572,L&T FMP - Series VIII - Plan J - Growth Option-Direct Plan,10.4354
2014-02-13,124573,L&T FMP - SERIES IX - PLAN B - Growth-Regular Plan,10.355
2014-02-13,124574,L&T FMP - SERIES IX - PLAN B - Growth-Direct Plan,10.3634
2014-02-13,124575,L&T FMP - SERIES IX - PLAN B - Dividend-Regular Plan,10.355
2014-02-13,124576,L&T FMP - SERIES IX - PLAN B - Dividend-Direct Plan,10.3634
2014-02-13,124577,DWS FIXED MATURITY PLAN - SERIES 39 - DIRECT PLAN - DIVIDEND PAYOUT,10.2832
2014-02-13,124582,ICICI Prudential Fixed Maturity Plan-Series 70-368 Days Plan K - Direct Plan - Cumulative,10.3317
2014-02-13,124583,ICICI Prudential Fixed Maturity Plan-Series 70-368 Days Plan K - Direct Plan - Dividend,10.3317
2014-02-13,124584,ICICI Prudential Fixed Maturity Plan-Series 70-368 Days Plan K - Cumulative,10.3297
2014-02-13,124585,ICICI Prudential Fixed Maturity Plan-Series 70-368 Days Plan K - Dividend,10.3297
2014-02-13,124586,DWS FIXED MATURITY PLAN - SERIES 39 - REGULAR PLAN - GROWTH,10.2775
2014-02-13,124587,DWS FIXED MATURITY PLAN - SERIES 39 - DIRECT PLAN - GROWTH,10.2831
2014-02-13,124589,NIPPON INDIA FLOATER FUND - IDCW Option,10.3426
2014-02-13,124590,NIPPON INDIA FLOATER FUND - DIRECT Plan - IDCW Option,10.3627
2014-02-13,124591,ICICI Prudential Fixed Maturity Plan-Series 70-372 Days Plan L - Direct Plan - Cumulative,10.3114
2014-02-13,124592,ICICI Prudential Fixed Maturity Plan-Series 70-372 Days Plan L - Direct Plan - Dividend,10.3114
2014-02-13,124593,ICICI Prudential Fixed Maturity Plan-Series 70-372 Days Plan L - Cumulative,10.3095
2014-02-13,124594,ICICI Prudential Fixed Maturity Plan-Series 70-372 Days Plan L - Dividend,10.3095
2014-02-13,124595,UTI FIIF Annual Interval Plan II - Direct Plan - IDCW,10.1395
2014-02-13,124596,UTI F I I F-Annual Interval Plan Series - II - Direct Plan - Growth Option,17.1966
2014-02-13,124601,IDFC FTP - S 40 (729 days)-Regular Plan-Quarterly Dividend,10.1529
2014-02-13,124602,IDFC FTP - S 40 (729 days)-Regular Plan-Half Yearly Dividend,10.2989
2014-02-13,124604,IDFC FTP - S 40 (729 days) -Direct Plan-Growth,10.3177
2014-02-13,124605,IDFC FTP - S 40  (729 days)-Direct Plan-Quarterly Dividend,10.1716
2014-02-13,124608,IDFC FTP - S 40 (729 days)-Regular Plan-Growth,10.2989
2014-02-13,124610,IDFC FTP - S 40 (729 days)-Direct Plan-Periodic Dividend,10.3177
2014-02-13,124615,Tata FMP Series 44 Scheme D- Plan A -Growth Option,10.2888
2014-02-13,124616,Tata FMP Series 44 Scheme D - Direct Plan -Growth Option,10.307
2014-02-13,124617,Tata FMP Series 44 Scheme D - Plan A -Dividend Option ( Payout),10.2888
2014-02-13,124647,ICICI Prudential Fixed Maturity Plan-Series 70-745 Days Plan P - Direct Plan - Cumulative,10.2594
2014-02-13,124649,ICICI Prudential Fixed Maturity Plan-Series 70-745 Days Plan P - Cumulative,10.251
2014-02-13,124650,ICICI Prudential Fixed Maturity Plan-Series 70-745 Days Plan P - Dividend,10.251
2014-02-13,124651,ICICI Prudential Fixed Maturity Plan-Series 70-368 Days Plan M - Cumulative,10.3002
2014-02-13,124652,ICICI Prudential Fixed Maturity Plan-Series 70-368 Days Plan M - Dividend,10.3002
2014-02-13,124653,ICICI Prudential Fixed Maturity Plan-Series 70-368 Days Plan M - Direct Plan - Cumulative,10.302
2014-02-13,124654,ICICI Prudential Fixed Maturity Plan-Series 70-368 Days Plan M - Direct Plan - Dividend,10.302
2014-02-13,124655,Kotak FMP series 122 (370 Days) - Growth,10.253
2014-02-13,124656,Kotak FMP series 122 (370 Days) - Dividend,10.253
2014-02-13,124657,Kotak FMP series 122 (370 Days) - Direct Dividend,10.2712
2014-02-13,124658,Kotak FMP series 122 (370 Days) - Direct Growth,10.2712
2014-02-13,124671,UTI FTIF Series XVI - V (731 DAYS) - Annual Div Option,10.4412
2014-02-13,124672,UTI FTIF Series XVI - V (731 DAYS)- Annual Div Option - Direct,10.4631
2014-02-13,124673,UTI FTIF Series XVI - V (731 DAYS)- Growth Option - Direct,10.4631
2014-02-13,124674,UTI FTIF Series XVI - V (731 DAYS) - Quarterly Div Option - Direct,10.1931
2014-02-13,124675,UTI FTIF Series XVI - V (731 DAYS)- Growth Option,10.4412
2014-02-13,124676,UTI FTIF Series XVI - V (731 DAYS)- Maturity Div Option,10.4412
2014-02-13,124677,UTI FTIF Series XVI - V (731 DAYS)- Quarterly Div Option,10.1862
2014-02-13,124678,Reliance Interval Fund - II - Series 1 -Growth Plan,10.2987
2014-02-13,124679,Reliance Interval Fund - II - Series 1 -Direct Plan -Growth Option,10.3024
2014-02-13,124686,IDFC FTP -S 41 (566 days)- Regular Plan_Growth,10.2556
2014-02-13,124687,IDFC FTP -S 41 (566 days)- Regular Plan_Quarterly Dividend,10.148
2014-02-13,124689,IDFC FTP -S 41 (566 days)- Direct Plan_Growth,10.2662
2014-02-13,124706,Reliance Fixed Horizon Fund - XXIV - Series 22 - Growth Option,10.2747
2014-02-13,124707,Reliance Fixed Horizon Fund - XXIV - Series 22 - Direct Plan - Growth Option,10.2851
2014-02-13,124708,Reliance Fixed Horizon Fund - XXIV - Series 22 - Direct Plan - Dividend Payout Option,10.2851
2014-02-13,124709,Reliance Fixed Horizon Fund - XXIV - Series 22 - Dividend Payout Option,10.2747
2014-02-13,124710,HDFC FMP 370D September 2013 (5)-Direct Option-Dividend Option,10.3399
2014-02-13,124712,HDFC FMP 370D September 2013 (5)-Direct Option-Growth Option,10.3399
2014-02-13,124714,HDFC FMP 370D September 2013 (5)-Regular Option-Dividend Option,10.3379
2014-02-13,124716,HDFC FMP 370D September 2013 (5)-Regular Option-Growth Option,10.3379
2014-02-13,124718,ICICI Prudential Fixed Maturity Plan-Series 70-367 Days Plan N - Direct Plan - Cumulative,10.2598
2014-02-13,124719,ICICI Prudential Fixed Maturity Plan-Series 70-367 Days Plan N - Direct Plan - Dividend,10.2598
2014-02-13,124720,ICICI Prudential Fixed Maturity Plan-Series 70-367 Days Plan N - Cumulative,10.258
2014-02-13,124721,ICICI Prudential Fixed Maturity Plan-Series 70-367 Days Plan N - Dividend,10.258
2014-02-13,124722,ICICI Prudential Fixed Maturity Plan-Series 70-369 Days Plan O - Regular Plan - Dividend,10.2474
2014-02-13,124723,ICICI Prudential Fixed Maturity Plan-Series 70-369 Days Plan O - Direct Plan - Cumulative,10.2491
2014-02-13,124724,ICICI Prudential Fixed Maturity Plan-Series 70-369 Days Plan O - Direct Plan - Dividend,10.2491
2014-02-13,124725,ICICI Prudential Fixed Maturity Plan-Series 70-369 Days Plan O - Regular Plan - Cumulative,10.2474
2014-02-13,124726,SBI DEBT FUND SERIES - 366 DAYS - 41 - DIRECT PLAN - DIVIDEND,10.3418
2014-02-13,124727,SBI DEBT FUND SERIES - 366 DAYS - 41 - REGULAR PLAN - DIVIDEND,10.3337
2014-02-13,124728,SBI DEBT FUND SERIES - 366 DAYS - 41 - DIRECT PLAN - GROWTH,10.3418
2014-02-13,124729,SBI DEBT FUND SERIES - 366 DAYS - 41 - REGULAR PLAN - GROWTH,10.3337
2014-02-13,124730,LIC NOMURA MF FIXED MATURITY PLAN SERIES 71 - REGULAR PLAN - DIVIDEND PAYOUT,10.256
2014-02-13,124731,LIC NOMURA MF FIXED MATURITY PLAN SERIES 71 - REGULAR PLAN - GROWTH,10.256
2014-02-13,124732,LIC NOMURA MF FIXED MATURITY PLAN SERIES 71 - DIRECT PLAN - DIVIDEND PAYOUT,10.2616
2014-02-13,124733,LIC NOMURA MF FIXED MATURITY PLAN SERIES 71 - DIRECT PLAN - GROWTH,10.2616
2014-02-13,124735,IDFC FTP -S 42  (731 days)-Direct Plan_Growth,10.2611
2014-02-13,124737,IDFC FTP -S 42 (731 days)-Regular Plan_Quarterly Dividend,10.1332
2014-02-13,124738,IDFC FTP -S 42 (731 days)-Regular Plan_Half Yearly Dividend,10.2431
2014-02-13,124743,IDFC FTP -S 42(731 days) -Regular Plan_Growth,10.2431
2014-02-13,124748,Reliance Interval Fund - II - Series 2 - Growth Plan - Growth Option,10.1817
2014-02-13,124749,Reliance Interval Fund - II - Series 2 - Direct Plan - Growth Plan - Growth Option,10.1975
2014-02-13,124750,Reliance Interval Fund - II - Series 2 - Dividend Plan - Dividend Option,10.1817
2014-02-13,124751,Reliance Interval Fund - II - Series 2 - Direct Plan - Dividend Plan - Dividend Option,10.1975
2014-02-13,124752,Reliance Interval Fund - II - Series 3 - Growth Plan - Growth Option,10.2298
2014-02-13,124753,Reliance Interval Fund - II - Series 3 - Direct Plan - Growth Plan - Growth Option,10.2381
2014-02-13,124754,Reliance Interval Fund - II - Series 3 - Dividend Plan - Dividend Option,10.2298
2014-02-13,124755,Reliance Interval Fund - II - Series 3 - Direct Plan - Dividend Plan - Dividend Option,10.2381
2014-02-13,124765,Aditya Birla Sun Life Fixed Term Plan - Series IG (1098 days) - Direct Plan-Growth,10.3293
2014-02-13,124766,Aditya Birla Sun Life Fixed Term Plan - Series IG (1098 days) - Regular Plan-Normal Dividend,10.3235
2014-02-13,124767,Aditya Birla Sun Life Fixed Term Plan - Series IG (1098 days) - Regular Plan-Quarterly Dividend,10.2818
2014-02-13,124768,Aditya Birla Sun Life Fixed Term Plan - Series IG (1098 days) - Regular Plan-Growth,10.3234
2014-02-13,124769,Aditya Birla Sun Life Fixed Term Plan - Series IG (1098 days) - Direct Plan-Quarterly Dividend,10.2869
2014-02-13,124770,HDFC FMP 370D October 2013 (1) - Regular Option - Growth Option,10.3029
2014-02-13,124771,HDFC FMP 370D October 2013 (1) - Regular Option - Dividend Option,10.3029
2014-02-13,124772,HDFC FMP 370D October 2013 (1) - Regular Option - Quarterly Dividend Option,10.0886
2014-02-13,124773,HDFC FMP 370D October 2013 (1) - Regular Option - Flexi Option,10.3029
2014-02-13,124774,HDFC FMP 370D October 2013 (1) - Direct Option - Growth Option,10.3048
2014-02-13,124776,HDFC FMP 370D October 2013 (1) - Direct Option - Quarterly Dividend Option,10.0894
2014-02-13,124777,HDFC FMP 370D October 2013 (1) - Direct Option - Dividend Option,10.3048
2014-02-13,124784,IDFC FTP -S 44 (730 days)_Regular Plan_Growth,10.2215
2014-02-13,124786,IDFC FTP -S 44 (730 days)_Regular Plan_Quarterly Dividend,10.1394
2014-02-13,124787,IDFC FTP -S 44 (730 days)_Regular Plan_Half Yearly Dividend,10.2216
2014-02-13,124788,IDFC FTP -S 44 (730 days)_Direct Plan_Growth,10.2231
2014-02-13,124791,IDFC FTP -S 44 (730 days)_Direct Plan_Half Yearly Dividend,10.2231
2014-02-13,124794,ICICI Prudential Capital Protection Oriented Fund IV - PLAN E - 36 Months - Direct Plan - Dividend,10.3888
2014-02-13,124795,ICICI Prudential Capital Protection Oriented Fund IV - PLAN E - 36 Months - Cumulative,10.3327
2014-02-13,124796,ICICI Prudential Capital Protection Oriented Fund IV - PLAN E - 36 Months - Dividend,10.3327
2014-02-13,124797,ICICI Prudential Capital Protection Oriented Fund IV - PLAN E - 36 Months - Direct Plan - Cumulative,10.3888
2014-02-13,124804,Tata FMP Series 45 Scheme A- Plan A -Growth Option,10.2176
2014-02-13,124805,Tata FMP Series 45 Scheme A - Direct Plan -Growth Option,10.223
2014-02-13,124806,Tata FMP Series 45 Scheme A - Plan A -Dividend Option ( Payout),10.2176
2014-02-13,124807,Tata FMP Series 45 Scheme A - Direct Plan - Dividend Option ( Payout),10.223
2014-02-13,124812,Tata FMP Series 45 Scheme C - Direct Plan -Growth Option,10.1746
2014-02-13,124813,Tata FMP Series 45 Scheme C - Direct Plan - Dividend Option ( Payout),10.1746
2014-02-13,124814,Tata FMP Series 45 Scheme C- Plan A -Growth Option,10.1699
2014-02-13,124815,Tata FMP Series 45 Scheme C - Plan A -Dividend Option ( Payout),10.1699
2014-02-13,124816,Union KBC Trigger Fund - Series 1 - Regular Plan - Growth Option,9.93
2014-02-13,124817,Union KBC Trigger Fund - Series 1 - Direct Plan - Growth Option,9.95
2014-02-13,124818,Birla Sun Life Fixed Term Plan - Series IH (1098 days) - Direct Plan-Normal Dividend,10.2891
2014-02-13,124820,Birla Sun Life Fixed Term Plan - Series IH (1098 days) - Direct Plan-Growth,10.2891
2014-02-13,124821,Birla Sun Life Fixed Term Plan - Series IH (1098 days) - Regular Plan-Growth,10.2835
2014-02-13,124822,Birla Sun Life Fixed Term Plan - Series IH (1098 days) - Regular Plan-Normal Dividend,10.2835
2014-02-13,124823,Birla Sun Life Fixed Term Plan - Series IH (1098 days) - Regular Plan-Quarterly Dividend,10.2835
2014-02-13,124828,Reliance Dual Advantage Fixed Tenure Fund IV - Plan D - Growth Option,10.1399
2014-02-13,124829,Reliance Dual Advantage Fixed Tenure Fund IV - Plan D - Direct Plan - Growth Option,10.1677
2014-02-13,124830,Reliance Dual Advantage Fixed Tenure Fund IV - Plan D - Dividend Payout Option,10.1399
2014-02-13,124831,Reliance Dual Advantage Fixed Tenure Fund IV - Plan D - Direct Plan - Dividend Payout Option,10.1677
2014-02-13,124832,Aditya Birla Sun Life Corporate Bond Fund -DIRECT - IDCW,10.3503
2014-02-13,124833,Aditya Birla Sun Life Corporate Bond Fund -REGULAR - IDCW,10.2679
2014-02-13,124838,Kotak FMP Series 124 (370 Days) - Growth,10.2296
2014-02-13,124839,Kotak FMP Series 124 (370 Days) - Dividend,10.2296
2014-02-13,124841,Kotak FMP Series 124 (370 Days) - Direct Growth,10.2344
2014-02-13,124842,ICICI Prudential Value Fund - Series 1 - Direct Dividend,10.32
2014-02-13,124843,ICICI Prudential Value Fund - Series 1 -Dividend,10.28
2014-02-13,124844,Birla Sun Life Fixed Term Plan - Series II (1099 days) - Direct Plan-Normal Dividend,10.2416
2014-02-13,124845,Birla Sun Life Fixed Term Plan - Series II (1099 days) - Direct Plan-Growth,10.2416
2014-02-13,124846,Birla Sun Life Fixed Term Plan - Series II (1099 days) - Regular Plan-Quarterly Dividend,10.2366
2014-02-13,124847,Birla Sun Life Fixed Term Plan - Series II (1099 days) - Direct Plan-Quarterly Dividend,10.2416
2014-02-13,124848,Birla Sun Life Fixed Term Plan - Series II (1099 days) - Regular Plan-Normal Dividend,10.2364
2014-02-13,124849,Birla Sun Life Fixed Term Plan - Series II (1099 days) - Regular Plan-Growth,10.2364
2014-02-13,124854,Aditya Birla Sun Life Fixed Term Plan - Series IL (1097 days) - Direct Plan-Normal Dividend,10.2496
2014-02-13,124855,Aditya Birla Sun Life Fixed Term Plan - Series IL (1097 days) - Direct Plan-Quarterly Dividend,10.2496
2014-02-13,124856,Aditya Birla Sun Life Fixed Term Plan - Series IL (1097 days) - Direct Plan-Growth,10.2497
2014-02-13,124857,Aditya Birla Sun Life Fixed Term Plan - Series IL (1097 days) - Regular Plan-Normal Dividend,10.2445
2014-02-13,124858,Aditya Birla Sun Life Fixed Term Plan - Series IL (1097 days) - Regular Plan-Quarterly Dividend,10.2445
2014-02-13,124859,Aditya Birla Sun Life Fixed Term Plan - Series IL (1097 days) - Regular Plan-Growth,10.2445
2014-02-13,124860,UTI FTIF Series XVI - VI (369 DAYS)- Growth Option - Direct,10.3422
2014-02-13,124861,UTI FTIF Series XVI - VI (369 DAYS)- Annual Div Option,10.3382
2014-02-13,124862,UTI FTIF Series XVI - VI (369 DAYS) - Annual Div Option - Direct,10.3407
2014-02-13,124863,UTI FTIF Series XVI - VI (369 DAYS)- Maturity Div Option - Direct,10.3422
2014-02-13,124864,UTI FTIF Series XVI - VI (369 DAYS)-Quarterly Div Option,10.0954
2014-02-13,124865,UTI FTIF Series XVI - VI (369 DAYS)- Quarterly Div Option - Direct,10.0968
2014-02-13,124866,UTI FTIF Series XVI - VI (369 DAYS)- Flexi Div Option - Direct,10.3422
2014-02-13,124867,UTI FTIF Series XVI - VI (369 DAYS)- Flexi Div Option,10.3374
2014-02-13,124868,UTI FTIF Series XVI - VI (369 DAYS)-  Growth Option,10.3381
2014-02-13,124869,UTI FTIF Series XVI - VI (369 DAYS)-Maturity Div Option,10.3381
2014-02-13,124870,Reliance Fixed Horizon Fund - XXIV - Series 23-Growth Option,10.1999
2014-02-13,124872,Reliance Fixed Horizon Fund - XXIV - Series 23-Dividend Payout Option,10.1999
2014-02-13,124873,Reliance Fixed Horizon Fund - XXIV - Series 23-Direct Plan-Growth Option,10.207
2014-02-13,124874,Reliance Interval Fund - II - Series 4-Growth Plan-Growth Option,10.2167
2014-02-13,124876,Reliance Interval Fund - II - Series 4-Direct Plan-Growth Plan -Growth Option,10.2198
2014-02-13,124877,Reliance Interval Fund - II - Series 4-Dividend Plan -Dividend Option,10.2167
2014-02-13,124878,HDFC FMP 370D October 2013 (2) - Direct Option - Growth Option,10.2496
2014-02-13,124879,HDFC FMP 370D October 2013 (2) - Regular Option - Dividend Option,10.2479
2014-02-13,124880,HDFC FMP 370D October 2013 (2) - Regular Option - Flexi Option,10.2479
2014-02-13,124881,HDFC FMP 370D October 2013 (2) - Direct Option - Dividend Option,10.2496
2014-02-13,124882,HDFC FMP 370D October 2013 (2) - Direct Option - Flexi Option,10.2496
2014-02-13,124883,HDFC FMP 370D October 2013 (2) - Direct Option - Quarterly Dividend Option,10.0898
2014-02-13,124884,HDFC FMP 370D October 2013 (2) - Regular Option - Growth Option,10.2479
2014-02-13,124898,DWS Hybrid Fixed Term Fund - Series 17 - Regular Plan - Growth,10.1643
2014-02-13,124899,DWS Hybrid Fixed Term Fund - Series 17 - Direct Plan - Growth,10.2063
2014-02-13,124900,DWS Hybrid Fixed Term Fund - Series 17 - Regular Plan - Dividend (Payout),10.1643
2014-02-13,124912,DSP BlackRock Dual Advantage Fund - Series 19 - 36M - Regular Plan - Growth Option,10.0287
2014-02-13,124913,DSP BlackRock Dual Advantage Fund - Series 19 - 36M - Regular Plan - Dividend Payout Option,10.0287
2014-02-13,124914,DSP BlackRock Dual Advantage Fund - Series 19 - 36M - Direct Plan - Growth Option,10.0421
2014-02-13,124915,DSP BlackRock Dual Advantage Fund - Series 19 - 36M - Direct Plan - Dividend Payout Option,10.0421
2014-02-13,124916,BOI AXA FIXED MATURITY PLAN SERIES 8 DIRECT PLAN DIVIDEND PAYOUT,10.2887
2014-02-13,124917,BOI AXA FIXED MATURITY PLAN SERIES 8 DIRECT PLAN GROWTH,10.2887
2014-02-13,124918,BOI AXA FIXED MATURITY PLAN SERIES 8 REGULAR PLAN GROWTH,10.2882
2014-02-13,124920,ICICI Prudential Fixed Maturity Plan-Series 70-540 Days Plan S - Direct Plan - Cumulative,10.2454
2014-02-13,124921,ICICI Prudential Fixed Maturity Plan-Series 70-540 Days Plan S - Direct Plan - Dividend,10.2454
2014-02-13,124922,ICICI Prudential Fixed Maturity Plan-Series 70-540 Days Plan S - Cumulative,10.2391
2014-02-13,124923,ICICI Prudential Fixed Maturity Plan-Series 70-540 Days Plan S - Dividend,10.2391
2014-02-13,124924,UTI FTIF Series XVI - VII (366 DAYS) -Growth Option,10.3088
2014-02-13,124925,UTI FTIF Series XVI - VII (366 DAYS) - Growth Option - Direct,10.3243
2014-02-13,124926,UTI FTIF Series XVI - VII (366 DAYS) - Annual Div Option - Direct,10.3243
2014-02-13,124928,UTI FTIF Series XVI - VII (366 DAYS) -Flexi Div Option - Direct,10.3249
2014-02-13,124929,UTI FTIF Series XVI - VII (366 DAYS) - Annual Div Option,10.3088
2014-02-13,124930,UTI FTIF Series XVI - VII (366 DAYS) - Maturity Div Option - Direct,10.3243
2014-02-13,124931,UTI FTIF Series XVI - VII (366 DAYS) -Quarterly Div Option,10.0869
2014-02-13,124932,UTI FTIF Series XVI - VII (366 DAYS) -Flexi Div Option,10.3082
2014-02-13,124933,UTI FTIF Series XVI - VII (366 DAYS) -Maturity Div Option,10.3088
2014-02-13,124938,SBI DEBT FUND SERIES - 366 DAYS - 42 - DIRECT PLAN - DIVIDEND,10.2332
2014-02-13,124939,SBI DEBT FUND SERIES - 366 DAYS - 42 - REGULAR PLAN - DIVIDEND,10.2261
2014-02-13,124940,SBI DEBT FUND SERIES - 366 DAYS - 42 - DIRECT PLAN - GROWTH,10.2332
2014-02-13,124941,SBI DEBT FUND SERIES - 366 DAYS - 42 - REGULAR PLAN - GROWTH,10.2261
2014-02-13,124942,UTI FTIF Series XVI - VIII (368 DAYS)-Growth Option,10.2246
2014-02-13,124943,UTI FTIF Series XVI - VIII (368 DAYS)- Annual Div Option,10.2246
2014-02-13,124944,UTI FTIF Series XVI - VIII (368 DAYS)-Maturity Div Option,10.2246
2014-02-13,124945,UTI FTIF Series XVI - VIII (368 DAYS)-Quarterly Div Option,10.0844
2014-02-13,124946,UTI FTIF Series XVI - VIII (368 DAYS)-Quarterly Div Option - Direct,10.0882
2014-02-13,124947,UTI FTIF Series XVI - VIII (368 DAYS)-Flexi Div Option,10.2246
2014-02-13,124949,UTI FTIF Series XVI - VIII (368 DAYS)- Growth Option - Direct,10.2353
2014-02-13,124950,UTI FTIF Series XVI - VIII (368 DAYS)- Maturity Div Option - Direct,10.2347
2014-02-13,124962,UTI Short Duration Fund - Direct Plan - Flexi IDCW,10.2811
2014-02-13,124963,HDFC FMP 372D October 2013 (1) - Direct Option - Dividend Option,10.2613
2014-02-13,124964,HDFC FMP 372D October 2013 (1) - Regular Option - Dividend Option,10.2597
2014-02-13,124965,HDFC FMP 372D October 2013 (1) - Regular Option - Flexi Option,10.2597
2014-02-13,124966,HDFC FMP 372D October 2013 (1) - Regular Option - Growth Option,10.2597
2014-02-13,124967,HDFC FMP 372D October 2013 (1) - Regular Option - Quarterly Dividend Option,10.0878
2014-02-13,124968,HDFC FMP 372D October 2013 (1) - Direct Option - Growth Option,10.2613
2014-02-13,124970,HDFC FMP 372D October 2013 (1) - Direct Option - Quarterly Dividend Option,10.0885
2014-02-13,124981,HDFC FMP 572D October 2013 (1) - Direct Option - Dividend Option,10.2815
2014-02-13,124982,HDFC FMP 572D October 2013 (1) - Direct Option - Quarterly Dividend Option,10.1129
2014-02-13,124983,HDFC FMP 572D October 2013 (1) - Regular Option - Dividend Option,10.2681
2014-02-13,124984,HDFC FMP 572D October 2013 (1) - Regular Option - Flexi Option,10.2681
2014-02-13,124985,HDFC FMP 572D October 2013 (1) - Regular Option - Growth Option,10.2681
2014-02-13,124986,HDFC FMP 572D October 2013 (1) - Regular Option - Quarterly Dividend Option,10.1074
2014-02-13,124987,HDFC FMP 572D October 2013 (1) - Direct Option - Flexi Option,10.2815
2014-02-13,124988,HDFC FMP 572D October 2013 (1) - Direct Option - Growth Option,10.2815
2014-02-13,124994,HSBC Fixed Term Series 98 - Direct Plan Growth Option,10.2472
2014-02-13,124995,HSBC Fixed Term Series 98 - Dividend Option,10.2388
2014-02-13,124996,HSBC Fixed Term Series 98 - Growth Option,10.2388
2014-02-13,125002,HDFC FMP 737D October 2013 (1) - Regular Option - Growth Option,10.2713
2014-02-13,125003,HDFC FMP 737D October 2013 (1) - Regular Option - Quarterly Dividend Option,10.1002
2014-02-13,125004,HDFC FMP 737D October 2013 (1) - Direct Option - Growth Option,10.2857
2014-02-13,125005,SBI DEBT FUND SERIES - 18 MONTHS - 12 - DIRECT PLAN - GROWTH,10.2392
2014-02-13,125006,SBI DEBT FUND SERIES - 18 MONTHS - 12 - REGULAR PLAN - DIVIDEND,10.2299
2014-02-13,125007,SBI DEBT FUND SERIES - 18 MONTHS - 12 - REGULAR PLAN - GROWTH,10.2299
2014-02-13,125008,SBI DEBT FUND SERIES - 18 MONTHS - 12 - DIRECT PLAN - DIVIDEND,10.2392
2014-02-13,125009,BNP Paribas Dual Advantage Fund - Series I Dividend Option,10.0848
2014-02-13,125010,BNP Paribas Dual Advantage Fund - Series I Growth Option,10.0848
2014-02-13,125011,BNP Paribas Dual Advantage Fund - Series I Direct Plan Dividend Option,10.0917
2014-02-13,125012,BNP Paribas Dual Advantage Fund - Series I Direct Plan Growth Option,10.0926
2014-02-13,125013,Axis Fixed Term Plan - Series 42 - Regular Plan - Growth,10.2193
2014-02-13,125014,Axis Fixed Term Plan - Series 42 - Regular Plan - Dividend,10.2193
2014-02-13,125015,Axis Fixed Term Plan - Series 42 - Regular Plan - Quarterly Dividend,10.1688
2014-02-13,125017,Axis Fixed Term Plan - Series 42 - Direct Plan - Growth,10.2313
2014-02-13,125019,Canara Robeco Capital Protection Oriented Fund- Series 2 (Plan A) - Regular Plan - Growth,10.1145
2014-02-13,125020,Canara Robeco Capital Protection Oriented Fund- Series 2 (Plan A) - Direct Plan - Growth,10.1281
2014-02-13,125021,Canara Robeco Capital Protection Oriented Fund- Series 2 (Plan A) - Direct Plan - Dividend,10.1281
2014-02-13,125022,Canara Robeco Capital Protection Oriented Fund- Series 2 (Plan A) - Regular Plan - Dividend,10.1145
2014-02-13,125023,ICICI Prudential Fixed Maturity Plan-Series 70-1285 Days Plan T - Direct Plan - Cumulative,10.2279
2014-02-13,125024,ICICI Prudential Fixed Maturity Plan-Series 70-1285 Days Plan T - Direct Plan - Dividend,10.2279
2014-02-13,125025,ICICI Prudential Fixed Maturity Plan-Series 70-1285 Days Plan T - Cumulative,10.2186
2014-02-13,125026,ICICI Prudential Fixed Maturity Plan-Series 70-1285 Days Plan T - Dividend,10.2186
2014-02-13,125027,HDFC FMP 370D October 2013 (3) - Direct Option - Dividend Option,10.2355
2014-02-13,125029,HDFC FMP 370D October 2013 (3) - Direct Option - Growth Option,10.2355
2014-02-13,125030,HDFC FMP 370D October 2013 (3) - Direct Option - Quarterly Dividend Option,10.0879
2014-02-13,125031,HDFC FMP 370D October 2013 (3) - Regular Option - Dividend Option,10.2332
2014-02-13,125032,HDFC FMP 370D October 2013 (3) - Regular Option - Flexi Option,10.2332
2014-02-13,125033,HDFC FMP 370D October 2013 (3) - Regular Option - Growth Option,10.2332
2014-02-13,125034,HDFC FMP 370D October 2013 (3) - Regular Option - Quarterly Dividend Option,10.0872
2014-02-13,125035,HDFC CPO - I - 36M October 2013 - Regular Option - Growth Option,10.1041
2014-02-13,125036,HDFC CPO - I - 36M October 2013 - Regular Option - Dividend Option,10.1041
2014-02-13,125037,HDFC CPO - I - 36M October 2013 - Direct Option - Growth Option,10.1181
2014-02-13,125038,HDFC CPO - I - 36M October 2013 - Direct Option - Dividend Option,10.1181
2014-02-13,125045,UTI Short Duration Fund - Regular Plan - Flexi IDCW,10.2134
2014-02-13,125050,Aditya Birla Sun Life Fixed Term Plan - Series IO (1097 days) - Direct Plan-Normal Dividend,10.2444
2014-02-13,125051,Aditya Birla Sun Life Fixed Term Plan - Series IO (1097 days) - Regular Plan-Quarterly Dividend,10.2391
2014-02-13,125052,Aditya Birla Sun Life Fixed Term Plan - Series IO (1097 days) - Direct Plan-Quarterly Dividend,10.2444
2014-02-13,125053,Aditya Birla Sun Life Fixed Term Plan - Series IO (1097 days) - Direct Plan-Growth,10.2444
2014-02-13,125055,Aditya Birla Sun Life Fixed Term Plan - Series IO (1097 days) - Regular Plan-Growth,10.2391
2014-02-13,125056,Aditya Birla Sun Life Capital Protection Oriented Fund - Series 16 - Regular Plan-Growth,10.1073
2014-02-13,125057,Aditya Birla Sun Life Capital Protection Oriented Fund - Series 16 - Direct Plan-Growth,10.1497
2014-02-13,125058,Sundaram Hybrid Fund Series C Direct Plan Growth,10.1728
2014-02-13,125061,Sundaram Hybrid Fund Series C Regular Plan Growth,10.1091
2014-02-13,125062,Sundaram Hybrid Fund Series C Regular Plan Half Yearly Dividend Payout,10.1091
2014-02-13,125063,Sundaram Hybrid Fund Series C Regular Plan Yearly Dividend Payout,10.1091
2014-02-13,125071,Aditya Birla Sun Life Fixed Term Plan - Series IP (1100 days) - Direct Plan-Normal Dividend,10.1972
2014-02-13,125072,Aditya Birla Sun Life Fixed Term Plan - Series IP (1100 days) -Direct Plan-Quarterly Dividend,10.1972
2014-02-13,125073,Aditya Birla Sun Life Fixed Term Plan - Series IP (1100 days) - Direct Plan-Growth,10.1972
2014-02-13,125074,Aditya Birla Sun Life Fixed Term Plan - Series IP (1100 days) - Regular Plan-Normal Dividend,10.1843
2014-02-13,125076,Aditya Birla Sun Life Fixed Term Plan - Series IP (1100 days) - Regular Plan-Growth,10.1843
2014-02-13,125077,UTI Annual Interval Fund - II - Direct Plan - Growth Option,16.8876
2014-02-13,125078,UTI Annual Interval Fund - II - Direct Plan - IDCW,10.1026
2014-02-13,125089,UTI FTIF Series XVI - IX (368 DAYS) - Growth Option,10.2013
2014-02-13,125090,UTI FTIF Series XVI - IX (368 DAYS) - Growth Option - Direct,10.2044
2014-02-13,125091,UTI FTIF Series XVI - IX (368 DAYS) - Annual Div Option,10.2013
2014-02-13,125093,UTI FTIF Series XVI - IX (368 DAYS) - Quarterly Div Option,10.0861
2014-02-13,125094,UTI FTIF Series XVI - IX (368 DAYS) - Quarterly Div Option - Direct,10.0874
2014-02-13,125095,UTI FTIF Series XVI - IX (368 DAYS) - Maturity Div Option,10.2013
2014-02-13,125096,UTI FTIF Series XVI - IX (368 DAYS) - Maturity Div Option - Direct,10.2029
2014-02-13,125098,UTI FTIF Series XVI - IX (368 DAYS) - Flexi Div Option - Direct,10.2054
2014-02-13,125110,Baroda ELSS 96 Fund - Plan A- Bonus Option,23.11
2014-02-13,125138,SBI DEBT FUND SERIES - 366 DAYS - 43 - DIRECT PLAN - DIVIDEND,10.2039
2014-02-13,125139,SBI DEBT FUND SERIES - 366 DAYS - 43 - DIRECT PLAN - GROWTH,10.2039
2014-02-13,125140,SBI DEBT FUND SERIES - 366 DAYS - 43 - REGULAR PLAN - DIVIDEND,10.1992
2014-02-13,125141,SBI DEBT FUND SERIES - 366 DAYS - 43 - REGULAR PLAN - GROWTH,10.1992
2014-02-13,125142,HDFC FMP 370D October 2013 (4) - Direct Option - Flexi Option,10.2167
2014-02-13,125143,HDFC FMP 370D October 2013 (4) - Direct Option - Quarterly Dividend Option,10.0875
2014-02-13,125144,HDFC FMP 370D October 2013 (4) - Regular Option - Dividend Option,10.2152
2014-02-13,125145,HDFC FMP 370D October 2013 (4) - Regular Option - Flexi Option,10.2152
2014-02-13,125146,HDFC FMP 370D October 2013 (4) - Regular Option - Growth Option,10.2152
2014-02-13,125147,HDFC FMP 370D October 2013 (4) - Regular Option - Quarterly Dividend Option,10.0868
2014-02-13,125148,HDFC FMP 370D October 2013 (4) - Direct Option - Growth Option,10.2167
2014-02-13,125149,HDFC FMP 370D October 2013 (4) - Direct Option - Dividend Option,10.2167
2014-02-13,125150,Reliance Fixed Horizon Fund - XXIV - Series 24 - Growth Option,10.2459
2014-02-13,125151,Reliance Fixed Horizon Fund - XXIV - Series 24 - Dividend Payout Option,10.2459
2014-02-13,125152,Reliance Fixed Horizon Fund - XXIV - Series 24 - Direct Plan - Growth Option,10.2581
2014-02-13,125153,Reliance Fixed Horizon Fund - XXIV - Series 24 - Direct Plan - Dividend Payout Option,10.2581
2014-02-13,125154,Birla Sun Life Fixed Term Plan-Series IS (368 days) - Direct Plan-Normal Dividend,10.1843
2014-02-13,125155,Birla Sun Life Fixed Term Plan-Series IS (368 days) - Direct Plan-Quarterly Dividend,10.1843
2014-02-13,125156,Birla Sun Life Fixed Term Plan-Series IS (368 days) - Direct Plan-Growth,10.1843
2014-02-13,125157,Birla Sun Life Fixed Term Plan-Series IS (368 days) - Regular Plan-Normal Dividend,10.1819
2014-02-13,125158,Birla Sun Life Fixed Term Plan-Series IS (368 days) - Regular Plan-Growth,10.1819
2014-02-13,125159,Birla Sun Life Fixed Term Plan-Series IS (368 days) - Regular Plan-Quarterly Dividend,10.1819
2014-02-13,125162,Birla Sun Life Fixed Term Plan - Series IT (367 days) - Regular Plan-Normal Dividend,10.1998
2014-02-13,125163,Birla Sun Life Fixed Term Plan - Series IT (367 days) - Regular Plan-Growth,10.1998
2014-02-13,125164,Birla Sun Life Fixed Term Plan - Series IT (367 days) - Direct Plan-Quarterly Dividend,10.2021
2014-02-13,125165,Birla Sun Life Fixed Term Plan - Series IT (367 days) - Direct Plan-Growth,10.2022
2014-02-13,125166,Birla Sun Life Fixed Term Plan - Series IT (367 days) - Regular Plan-Quarterly Dividend,10.1997
2014-02-13,125168,Aditya Birla Sun Life Fixed Term Plan - Series IU (1099 days) - Direct Plan-Normal Dividend,10.2165
2014-02-13,125170,Aditya Birla Sun Life Fixed Term Plan - Series IU (1099 days) - Direct Plan-Growth,10.2165
2014-02-13,125171,Aditya Birla Sun Life Fixed Term Plan - Series IU (1099 days) - Regular Plan-Normal Dividend,10.2047
2014-02-13,125172,Aditya Birla Sun Life Fixed Term Plan - Series IU (1099 days) - Regular Plan-Quarterly Dividend,10.2047
2014-02-13,125173,Aditya Birla Sun Life Fixed Term Plan - Series IU (1099 days) - Regular Plan-Growth,10.2047
2014-02-13,125174,DWS FIXED MATURITY PLAN - SERIES 42 - DIRECT PLAN -GROWTH,10.0137
2014-02-13,125179,DWS FIXED MATURITY PLAN - SERIES 42 - REGULAR PLAN -GROWTH,10.0131
2014-02-13,125184,ICICI Prudential Capital Protection Oriented Fund IV - PLAN F - 60 Months - Direct Plan - Cumulative,10.2115
2014-02-13,125185,ICICI Prudential Capital Protection Oriented Fund IV - PLAN F - 60 Months - Direct Plan - Dividend,10.2115
2014-02-13,125186,ICICI Prudential Capital Protection Oriented Fund IV - PLAN F - 60 Months - Cumulative,10.1698
2014-02-13,125187,ICICI Prudential Capital Protection Oriented Fund IV - PLAN F - 60 Months - Dividend,10.1698
2014-02-13,125189,HSBC Fixed Term Series 97 - Direct Plan Growth Option,10.2123
2014-02-13,125190,HSBC Fixed Term Series 97 - Growth Option,10.2041
2014-02-13,125191,HSBC Fixed Term Series 97 - Dividend Option,10.2041
2014-02-13,125192,Reliance Fixed Horizon Fund - XXIV - Series 25- Direct Plan - Growth Option,10.2014
2014-02-13,125193,Reliance Fixed Horizon Fund - XXIV - Series 25 - Growth Option,10.1948
2014-02-13,125194,Reliance Fixed Horizon Fund - XXIV - Series 25 - Dividend Payout Option,10.1948
2014-02-13,125195,Reliance Fixed Horizon Fund - XXIV - Series 25 - Direct Plan - Dividend Payout Option,10.2014
2014-02-13,125202,DSP BlackRock FMP - Series 126 -12M (Maturity Date 28-Nov-2016) - Regular Plan - Dividend Payout - Regular Payout,10.168
2014-02-13,125203,DSP BlackRock FMP - Series 126 -12M (Maturity Date 28-Nov-2016) - Direct Plan - Dividend Payout - Regular Payout,10.1692
2014-02-13,125204,DSP BlackRock FMP - Series 126 -12M (Maturity Date 28-Nov-2016) - Direct Plan - Growth Option,10.1692
2014-02-13,125205,DSP BlackRock FMP - Series 126 -12M (Maturity Date 28-Nov-2016) - Direct Plan - Dividend Payout - Quarterly Payout,10.1692
2014-02-13,125206,DSP BlackRock FMP - Series 126 -12M (Maturity Date 28-Nov-2016) - Regular Plan - Growth Option,10.168
2014-02-13,125207,DSP BlackRock FMP - Series 126 -12M (Maturity Date 28-Nov-2016) - Regular Plan - Dividend Payout - Quarterly Payout,10.168
2014-02-13,125208,ICICI Prudential Fixed Maturity Plan-Series 71-368 Days Plan A - Regular Plan - Cumulative,10.1955
2014-02-13,125209,ICICI Prudential Fixed Maturity Plan-Series 71-368 Days Plan A - Direct Plan - Cumulative,10.1981
2014-02-13,125210,ICICI Prudential Fixed Maturity Plan-Series 71-368 Days Plan A - Direct Plan - Dividend,10.1981
2014-02-13,125211,ICICI Prudential Fixed Maturity Plan-Series 71-368 Days Plan A - Regular Plan - Dividend,10.1955
2014-02-13,125212,L&T FMP - Series IX-Plan D - Dividend Payout - Regular Plan,10.1798
2014-02-13,125213,L&T FMP - Series IX-Plan D - Growth - Regular Plan,10.1798
2014-02-13,125214,L&T FMP - Series IX-Plan E - Growth - Regular Plan,10.2057
2014-02-13,125215,L&T FMP - Series IX-Plan E - Dividend Payout - Regular Plan,10.2057
2014-02-13,125216,ICICI Prudential Floating Interest Fund - Direct Plan - Quarterly IDCW,101.2856
2014-02-13,125217,L&T FMP - Series IX-Plan D - Dividend Payout - Direct Plan,10.1867
2014-02-13,125218,L&T FMP - Series IX-Plan D - Growth - Direct Plan,10.1867
2014-02-13,125219,L&T FMP - Series IX-Plan E - Dividend Payout - Direct Plan,10.2155
2014-02-13,125220,L&T FMP - Series IX-Plan E - Growth - Direct Plan,10.2155
2014-02-13,125231,HDFC FMP 370D October 2013 (5)-Regular Option-Growth Option,10.1991
2014-02-13,125232,HDFC FMP 370D October 2013 (5)-Regular Option-Quarterly Dividend Option,10.0864
2014-02-13,125233,HDFC FMP 370D October 2013 (5)-Direct Option-Growth Option,10.2006
2014-02-13,125234,HDFC FMP 370D October 2013 (5)-Direct Option-Dividend Option,10.2006
2014-02-13,125235,HDFC FMP 370D October 2013 (5)-Regular Option-Dividend Option,10.1991
2014-02-13,125243,SBI DEBT FUND SERIES - 366 DAYS - 44 - DIRECT PLAN - DIVIDEND,10.1978
2014-02-13,125244,SBI DEBT FUND SERIES - 366 DAYS - 44 - DIRECT PLAN - GROWTH,10.1978
2014-02-13,125245,SBI DEBT FUND SERIES - 366 DAYS - 44 - REGULAR PLAN - GROWTH,10.1933
2014-02-13,125246,SBI DEBT FUND SERIES - 366 DAYS - 44 - REGULAR PLAN - DIVIDEND,10.1933
2014-02-13,125247,Birla Sun Life Fixed Term Plan-Series IV (368 days) - Direct Plan-Normal Dividend,10.1954
2014-02-13,125249,Birla Sun Life Fixed Term Plan - Series IV (368 days) - Regular Plan-Normal Dividend,10.193
2014-02-13,125250,Birla Sun Life Fixed Term Plan - Series IV (368 days) - Regular Plan-Quarterly Dividend,10.193
2014-02-13,125251,Birla Sun Life Fixed Term Plan - Series IV (368 days) - Direct Plan-Growth,10.1954
2014-02-13,125252,Birla Sun Life Fixed Term Plan - Series IV (368 days) - Regular Plan-Growth,10.193
2014-02-13,125254,Kotak Bond Short Term Plan-(Half Yearly Payout of Income Distribution cum capital withdrawal option) - Direct,10.2132
2014-02-13,125255,Reliance Fixed Horizon Fund - XXV - Series 1-Growth Option,10.2143
2014-02-13,125256,Reliance Fixed Horizon Fund - XXV - Series 1-Dividend Payout Option,10.2143
2014-02-13,125257,Reliance Fixed Horizon Fund - XXV - Series 1-Direct Plan -Growth Option,10.2212
2014-02-13,125258,Reliance Fixed Horizon Fund - XXV - Series 1 -Direct Plan -Dividend Payout Option,10.2212
2014-02-13,125259,360 ONE LIQUID FUND REGULAR PLAN  GROWTH,1020.1435
2014-02-13,125260,ICICI Prudential Multiple Yield Fund - Series 5 - 1100 Days - Plan B - Direct Plan - Dividend,10.1258
2014-02-13,125261,ICICI Prudential Multiple Yield Fund - Series 5 - 1100 Days - Plan B -Cumulative,10.0898
2014-02-13,125262,ICICI Prudential Multiple Yield Fund - Series 5 - 1100 Days - Plan B - Dividend,10.0898
2014-02-13,125263,ICICI Prudential Multiple Yield Fund - Series 5 - 1100 Days - Plan B - Direct Plan - Cumulative,10.1258
2014-02-13,125264,NIPPON INDIA LOW DURATION FUND - DIRECT Plan - IDCW Option,1023.4038
2014-02-13,125265,NIPPON INDIA LOW DURATION FUND - IDCW Option,1021.9678
2014-02-13,125266,NIPPON INDIA CORPORATE BOND FUND - DIRECT Plan - IDCW Option,10.1214
2014-02-13,125267,NIPPON INDIA CORPORATE BOND FUND - IDCW Option,10.001
2014-02-13,125268,NIPPON INDIA SHORT DURATION FUND - IDCW Option,10.1279
2014-02-13,125269,NIPPON INDIA SHORT DURATION FUND - Direct Plan - IDCW Option,10.2379
2014-02-13,125270,Reliance Close Ended Equity Fund - Series A - Growth Option,10.0231
2014-02-13,125271,Reliance Close Ended Equity Fund - Series A - Direct Plan - Growth Option,10.0479
2014-02-13,125272,Reliance Close Ended Equity Fund - Series A - Dividend Payout Option,10.0231
2014-02-13,125273,Reliance Close Ended Equity Fund - Series A - Direct Plan - Dividend Payout Option,10.0479
2014-02-13,125274,R*Shares Nifty ETF,60.2235
2014-02-13,125275,Birla Sun Life Fixed Term Plan-Series IW (368 days) - Direct Plan-Normal Dividend,10.1751
2014-02-13,125276,Birla Sun Life Fixed Term Plan - Series IW (368 days) - Direct Plan-Growth,10.1751
2014-02-13,125277,Birla Sun Life Fixed Term Plan - Series IW (368 days) - Regular Plan-Normal Dividend,10.1725
2014-02-13,125278,Birla Sun Life Fixed Term Plan - Series IW (368 days) - Regular Plan-Quarterly Dividend,10.1719
2014-02-13,125279,Birla Sun Life Fixed Term Plan - Series IW (368 days) - Direct Plan-Quarterly Dividend,10.1751
2014-02-13,125280,Birla Sun Life Fixed Term Plan - Series IW (368 days) - Regular Plan-Growth,10.1719
2014-02-13,125281,IDFC FTP - Series 48 (601 days)_Direct Plan_Growth,10.244
2014-02-13,125283,IDFC FTP - Series 48 (601 days)_Direct Plan_Half Yearly Dividend,10.244
2014-02-13,125284,IDFC FTP - Series 48 (601 days)_Regular Plan_Growth,10.2421
2014-02-13,125286,IDFC FTP - Series 48 (601 days)_Regular Plan_Quarterly Dividend,10.1868
2014-02-13,125289,IDFC FTP - Series 48 (601 days)_Regular Plan_HAlf Yearly Dividend,10.2421
2014-02-13,125291,L&T FMP - Series IX-Plan F - Dividend Payout - Direct Plan,10.0
2014-02-13,125292,L&T FMP - Series IX-Plan F - Growth - Direct Plan,10.23
2014-02-13,125293,L&T FMP - Series IX-Plan F - Growth - Regular Plan,10.2274
2014-02-13,125294,L&T FMP - Series IX-Plan F - Dividend Payout - Regular Plan,10.0
2014-02-13,125301,PGIM India Midcap Fund - Direct Plan - Dividend Option - Payout,10.04
2014-02-13,125305,PGIM India Midcap Fund - Regular Plan - Growth Option,10.03
2014-02-13,125306,PGIM India Midcap Fund - Regular Plan - Dividend Option - Payout,10.03
2014-02-13,125307,PGIM India Midcap Fund - Direct Plan - Growth Option,10.04
2014-02-13,125309,Reliance Fixed Horizon Fund - XXV - Series 2-Direct Plan-Growth Option,10.1722
2014-02-13,125310,Reliance Fixed Horizon Fund - XXV - Series 2 -Direct Plan -Dividend Payout Option,10.1722
2014-02-13,125311,Reliance Fixed Horizon Fund - XXV - Series 2-Growth Option,10.1676
2014-02-13,125312,Reliance Fixed Horizon Fund - XXV - Series 2-Dividend Payout Option,10.1676
2014-02-13,125313,ICICI Prudential Fixed Maturity Plan-Series 71-547 Days Plan B - Dividend,10.2361
2014-02-13,125314,ICICI Prudential Fixed Maturity Plan-Series 71-547 Days Plan B - Direct Plan - Cumulative,10.2412
2014-02-13,125315,ICICI Prudential Fixed Maturity Plan-Series 71-547 Days Plan B - Direct Plan - Dividend,10.2412
2014-02-13,125316,ICICI Prudential Fixed Maturity Plan-Series 71-547 Days Plan B - Cumulative,10.2361
2014-02-13,125317,ICICI Prudential Fixed Maturity Plan-Series 71-366 Days Plan C - Direct Plan - Dividend,10.1695
2014-02-13,125318,ICICI Prudential Fixed Maturity Plan-Series 71-366 Days Plan C - Cumulative,10.1683
2014-02-13,125319,ICICI Prudential Fixed Maturity Plan-Series 71-366 Days Plan C - Dividend,10.1683
2014-02-13,125320,ICICI Prudential Fixed Maturity Plan-Series 71-366 Days Plan C - Direct Plan - Cumulative,10.1695
2014-02-13,125321,HDFC FMP 371D November 2013 (1)-Direct Option-Dividend Option,10.1918
2014-02-13,125322,HDFC FMP 371D November 2013 (1)-Direct Option-Flexi Option,10.1918
2014-02-13,125323,HDFC FMP 371D November 2013 (1)-Direct Option-Growth Option,10.1918
2014-02-13,125324,HDFC FMP 371D November 2013 (1)-Direct Option-Quarterly Dividend Option,10.1918
2014-02-13,125325,HDFC FMP 371D November 2013 (1)-Regular Option-Dividend Option,10.1904
2014-02-13,125327,HDFC FMP 371D November 2013 (1)-Regular Option-Growth Option,10.1904
2014-02-13,125328,HDFC FMP 371D November 2013 (1)-Regular Option-Quarterly Dividend Option,10.1904
2014-02-13,125329,HDFC FMP 554D November 2013 (1)-Direct Option-Quarterly Dividend Option,10.2466
2014-02-13,125330,HDFC FMP 554D November 2013 (1)-Regular Option-Dividend Option,10.238
2014-02-13,125331,HDFC FMP 554D November 2013 (1)-Regular Option-Flexi Option,10.238
2014-02-13,125332,HDFC FMP 554D November 2013 (1)-Regular Option-Growth Option,10.238
2014-02-13,125333,HDFC FMP 554D November 2013 (1)-Regular Option-Quarterly Dividend Option,10.238
2014-02-13,125334,HDFC FMP 554D November 2013 (1)-Direct Option-Dividend Option,10.2466
2014-02-13,125335,HDFC FMP 554D November 2013 (1)-Direct Option-Flexi Option,10.2466
2014-02-13,125336,HDFC FMP 554D November 2013 (1)-Direct Option-Growth Option,10.2466
2014-02-13,125337,360 ONE LIQUID FUND REGULAR PLAN  WEEKLY DIVIDEND,1020.1436
2014-02-13,125338,360 ONE LIQUID FUND REGULAR PLAN  FORTNIGHTLY DIVIDEND,1020.1435
2014-02-13,125339,360 ONE LIQUID FUND REGULAR PLAN  MONTHLY DIVIDEND,1020.1435
2014-02-13,125342,360 ONE LIQUID FUND REGULAR PLAN  DAILY DIVIDEND REINVESTMENT,1000.0
2014-02-13,125345,360 ONE LIQUID FUND DIRECT PLAN  GROWTH,1020.2744
2014-02-13,125348,360 ONE LIQUID FUND DIRECT PLAN  HALF YEARLY DIVIDEND,1020.2744
2014-02-13,125350,Axis Small Cap Fund - Regular Plan - Growth,9.89
2014-02-13,125351,Axis Small Cap Fund - Direct Plan - IDCW,9.91
2014-02-13,125352,Axis Small Cap Fund - Regular Plan - IDCW,9.89
2014-02-13,125354,Axis Small Cap Fund - Direct Plan - Growth,9.91
2014-02-13,125356,Reliance Fixed Horizon Fund - XXV - Series 3 - Growth Option,10.1714
2014-02-13,125357,Reliance Fixed Horizon Fund - XXV - Series 3 - Direct Plan - Growth Option,10.178
2014-02-13,125358,Reliance Fixed Horizon Fund - XXV - Series 3 - Direct Plan - Dividend Payout Option,10.178
2014-02-13,125359,Reliance Fixed Horizon Fund - XXV - Series 3  - Dividend Payout Option,10.1714
2014-02-13,125360,HDFC FMP 371D November 2013 (2)-Direct Option-Growth Option,10.1759
2014-02-13,125361,HDFC FMP 371D November 2013 (2)-Direct Option-Quarterly Dividend Option,10.1759
2014-02-13,125362,HDFC FMP 371D November 2013 (2)-Regular Option-Dividend Option,10.1746
2014-02-13,125363,HDFC FMP 371D November 2013 (2)-Direct Option-Dividend Option,10.1759
2014-02-13,125365,HDFC FMP 371D November 2013 (2)-Regular Option-Growth Option,10.1746
2014-02-13,125366,HDFC FMP 371D November 2013 (2)-Regular Option-Quarterly Dividend Option,10.1746
2014-02-13,125367,HDFC FMP 371D November 2013 (2)-Regular Option-Flexi Option,10.1746
2014-02-13,125368,BOI AXA Capital Protection Oriented Fund- Series 1  Regular Growth,9.9942
2014-02-13,125369,BOI AXA Capital Protection Oriented Fund- Series 1  Regular Dividend,9.9942
2014-02-13,125371,BOI AXA Capital Protection Oriented Fund- Series 1  Direct Growth,10.0243
2014-02-13,125372,UTI FTIF Series XVI - X (369 DAYS) - Growth Option - Direct,10.1893
2014-02-13,125373,UTI FTIF Series XVI - X (369 DAYS) - Annual Div Option,10.1841
2014-02-13,125374,UTI FTIF Series XVI - X (369 DAYS) - Annual Div Option - Direct,10.1894
2014-02-13,125375,UTI FTIF Series XVI - X (369 DAYS) - Maturity Div Option - Direct,10.1905
2014-02-13,125376,UTI FTIF Series XVI - X (369 DAYS) - Flexi Div Option - Direct,10.1888
2014-02-13,125377,UTI FTIF Series XVI - X (369 DAYS) - Growth Option,10.1841
2014-02-13,125378,UTI FTIF Series XVI - X (369 DAYS) - Quarterly Div Option,10.0869
2014-02-13,125380,UTI FTIF Series XVI - X (369 DAYS) - Quarterly Div Option - Direct,10.0897
2014-02-13,125381,UTI FTIF Series XVI - X (369 DAYS) - Maturity Div Option,10.1841
2014-02-13,125382,PineBridge India - US Equity Fund - Standard Plan - Dividend option,10.05
2014-02-13,125383,PineBridge India - US Equity Fund - Direct Plan - Growth option,10.061
2014-02-13,125384,PineBridge India - US Equity Fund - Direct Plan - Dividend option,10.061
2014-02-13,125385,PineBridge India - US Equity Fund - Standard Plan - Growth option,10.05
2014-02-13,125386,SBI FIXED INTERVAL DEBT SERIES - 90 DAYS  1 - DIRECT PLAN - DIVIDEND,10.0101
2014-02-13,125387,SBI FIXED INTERVAL DEBT SERIES - 90 DAYS - 1 - REGULAR PLAN - DIVIDEND,10.01
2014-02-13,125388,SBI FIXED INTERVAL DEBT SERIES - 90 DAYS - 1 - DIRECT PLAN - GROWTH,10.2359
2014-02-13,125389,SBI FIXED INTERVAL DEBT SERIES - 90 DAYS  1 - REGULAR PLAN - GROWTH,10.2333
2014-02-13,125390,Reliance Fixed Horizon Fund - XXV - Series 4 - Direct Plan - Growth Option,10.1525
2014-02-13,125391,Reliance Fixed Horizon Fund - XXV - Series 4 - Dividend Payout Option,10.1472
2014-02-13,125392,Reliance Fixed Horizon Fund - XXV - Series 4 - Direct Plan - Dividend Payout Option,10.1525
2014-02-13,125393,Reliance Fixed Horizon Fund - XXV - Series 4 - Growth Option,10.1472
2014-02-13,125394,Reliance Fixed Horizon Fund - XXV - Series 5 - Growth Option,10.182
2014-02-13,125395,Reliance Fixed Horizon Fund - XXV - Series 5 - Direct Plan - Growth Option,10.1862
2014-02-13,125396,Reliance Fixed Horizon Fund - XXV - Series 5 - Direct Plan - Dividend Payout Option,10.1862
2014-02-13,125397,Reliance Fixed Horizon Fund - XXV - Series 5 - Dividend Payout Option,10.182
2014-02-13,125398,Kotak FMP Series 127 (730 Days) - Direct Growth,10.1711
2014-02-13,125399,Kotak FMP Series 127 (730 Days) - Dividend,10.1679
2014-02-13,125400,Kotak FMP Series 127 (730 Days) - Direct Dividend,10.1711
2014-02-13,125401,Kotak FMP Series 127 (730 Days) - Growth,10.1679
2014-02-13,125403,HSBC Fixed Term Series 99 - Direct Plan Growth Option,10.1933
2014-02-13,125404,HSBC Fixed Term Series 99 - Dividend Option,10.1865
2014-02-13,125405,HSBC Fixed Term Series 99 - Growth Option,10.1865
2014-02-13,125406,SBI DEBT FUND SERIES - 366 DAYS - 45 - DIRECT PLAN - DIVIDEND,10.1779
2014-02-13,125407,SBI DEBT FUND SERIES - 366 DAYS - 45 - REGULAR PLAN - DIVIDEND,10.174
2014-02-13,125408,SBI DEBT FUND SERIES - 366 DAYS - 45 - REGULAR PLAN - GROWTH,10.174
2014-02-13,125409,SBI DEBT FUND SERIES - 366 DAYS - 45 - DIRECT PLAN - GROWTH,10.1779
2014-02-13,125410,ICICI Prudential Value Fund - Series 2 - Direct Dividend,9.84
2014-02-13,125411,ICICI Prudential Value Fund - Series 2 - Dividend,9.81
2014-02-13,125413,DSP BlackRock FTP - Series 33 - 24M - Regular Plan - Growth Option (Maturity Date 01-Dec-2016),10.1664
2014-02-13,125414,DSP BlackRock FTP - Series 33 - 24M - Regular Plan - Dividend Payout Option (Maturity Date 01-Dec-2016),10.1664
2014-02-13,125415,DSP BlackRock FTP - Series 33 - 24M - Direct Plan - Growth Option (Maturity Date 01-Dec-2016),10.1769
2014-02-13,125416,DSP BlackRock FTP - Series 33 - 24M - Direct Plan - Dividend Payout Option ( Maturity Date 01-Dec-2016),10.1769
2014-02-13,125417,Sundaram Fixed Term Plan ER Direct Plan Growth,10.1831
2014-02-13,125419,Sundaram Fixed Term Plan ER Direct Plan Quarterly Dividend Payout,10.183
2014-02-13,125420,Sundaram Fixed Term Plan ER Regular Plan Growth,10.1757
2014-02-13,125421,Sundaram Fixed Term Plan ER Regular Plan Half Yearly Dividend Payout,10.1757
2014-02-13,125422,Sundaram Fixed Term Plan ER Regular Plan Quarterly Dividend Payout,10.1757
2014-02-13,125423,DWS Hybrid Fixed Term Fund - Series 19 - Direct Plan - Growth,10.0109
2014-02-13,125424,DWS Hybrid Fixed Term Fund - Series 19 - Regular Plan - Dividend (Payout),9.9794
2014-02-13,125425,DWS Hybrid Fixed Term Fund - Series 19 - Regular Plan - Growth,9.9851
2014-02-13,125426,Axis Fixed Term Plan - Series 43 - Regular Plan - Growth,10.1343
2014-02-13,125427,Axis Fixed Term Plan - Series 43 - Regular Plan - Dividend,10.1343
2014-02-13,125428,Axis Fixed Term Plan - Series 43 - Regular Plan - Quarterly dividend,10.1343
2014-02-13,125429,Axis Fixed Term Plan - Series 43 - Direct Plan - growth,10.1416
2014-02-13,125430,Axis Fixed Term Plan - Series 43 - Direct Plan - Quarterly Dividend,10.1416
2014-02-13,125431,Axis Fixed Term Plan - Series 43 - Direct Plan - Dividend,10.1416
2014-02-13,125432,ICICI Prudential Fixed Maturity Plan-Series 71-525 Days Plan D - Direct Plan - Cumulative,10.1778
2014-02-13,125433,ICICI Prudential Fixed Maturity Plan-Series 71-525 Days Plan D - Direct Plan - Dividend,10.1778
2014-02-13,125434,ICICI Prudential Fixed Maturity Plan-Series 71-525 Days Plan D - Cumulative,10.1735
2014-02-13,125435,ICICI Prudential Fixed Maturity Plan-Series 71-525 Days Plan D - Dividend,10.1735
2014-02-13,125436,ICICI Prudential Fixed Maturity Plan-Series 71-369 Days Plan E - Direct Plan - Cumulative,10.1511
2014-02-13,125437,ICICI Prudential Fixed Maturity Plan-Series 71-369 Days Plan E - Direct Plan - Dividend,10.1511
2014-02-13,125438,ICICI Prudential Fixed Maturity Plan-Series 71-369 Days Plan E - Cumulative,10.1511
2014-02-13,125439,ICICI Prudential Fixed Maturity Plan-Series 71-369 Days Plan E - Dividend,10.1511
2014-02-13,125441,Aditya Birla Sun Life Fixed Term Plan - Series IY (1598 days) - Direct Plan-Quarterly Dividend,10.1728
2014-02-13,125442,Aditya Birla Sun Life Fixed Term Plan - Series IY (1598 days) - Direct Plan-Growth,10.1728
2014-02-13,125443,Aditya Birla Sun Life Fixed Term Plan - Series IY (1598 days) - Regular Plan-Normal Dividend,10.1627
2014-02-13,125444,Aditya Birla Sun Life Fixed Term Plan - Series IY (1598 days) - Regular Plan-Quarterly Dividend,10.1626
2014-02-13,125445,Aditya Birla Sun Life Fixed Term Plan - Series IY (1598 days) - Regular Plan-Growth,10.1627
2014-02-13,125447,Aditya Birla Sun Life Fixed Term Plan - Series IX (1105 days) - Direct Plan-Growth,10.1461
2014-02-13,125448,Aditya Birla Sun Life Fixed Term Plan - Series IX (1105 days) - Direct Plan-Normal Dividend,10.1461
2014-02-13,125449,Aditya Birla Sun Life Fixed Term Plan - Series IX (1105 days) - Regular Plan-Quarterly Dividend,10.1367
2014-02-13,125450,Aditya Birla Sun Life Fixed Term Plan - Series IX (1105 days) - Regular Plan-Normal Dividend,10.1367
2014-02-13,125451,Aditya Birla Sun Life Fixed Term Plan - Series IX (1105 days) - Regular Plan-Growth,10.1367
2014-02-13,125452,HDFC FMP 923D November 2013 (1) - Direct Option-Dividend Option,10.1859
2014-02-13,125453,HDFC FMP 923D November 2013 (1) - Direct Option-Flexi Option,10.1859
2014-02-13,125454,HDFC FMP 923D November 2013 (1) - Direct Option-Growth Option,10.1859
2014-02-13,125455,HDFC FMP 923D November 2013 (1) - Direct Option-Quarterly Dividend Option,10.1859
2014-02-13,125456,HDFC FMP 923D November 2013 (1) - Regular Option-Quarterly Dividend Option,10.1778
2014-02-13,125457,HDFC FMP 923D November 2013 (1) - Regular Option-Dividend Option,10.1778
2014-02-13,125458,HDFC FMP 923D November 2013 (1) - Regular Option-Flexi Option,10.1778
2014-02-13,125459,HDFC FMP 923D November 2013 (1) - Regular Option-Growth Option,10.1778
2014-02-13,125461,SBI DEBT FUND SERIES - 18 MONTHS - 13 - DIRECT PLAN - GROWTH,10.2096
2014-02-13,125462,SBI DEBT FUND SERIES - 18 MONTHS - 13 - REGULAR PLAN - DIVIDEND,10.2043
2014-02-13,125463,SBI DEBT FUND SERIES - 18 MONTHS - 13 - REGULAR PLAN - GROWTH,10.2043
2014-02-13,125464,PEERLESS FMP SERIES 5- DIRECT- DIVIDEND,10.1991
2014-02-13,125465,PEERLESS FMP SERIES 5- REGULAR- DIVIDEND,10.1968
2014-02-13,125466,PEERLESS FMP SERIES 5- REGULAR- GROWTH,10.1972
2014-02-13,125467,PEERLESS FMP SERIES 5- DIRECT- GROWTH,10.199
2014-02-13,125468,IDFC FTP S 49 (729 Days)_Regular Plan_Growth,10.1509
2014-02-13,125470,IDFC FTP S 49 (729 Days)_Regular Plan_Quaterly Dividend,10.1288
2014-02-13,125471,IDFC FTP S 49 (729 Days)_Regular Plan_Half Yearly Dividend,10.1508
2014-02-13,125472,IDFC FTP S 49 (729 Days)_Direct Plan_Growth,10.1551
2014-02-13,125475,IDFC FTP S 49 (729 Days)_Direct Plan_Quarterly Dividend,10.1331
2014-02-13,125494,SBI Small Cap Fund - Regular Plan - Growth,13.5802
2014-02-13,125495,SBI Small Cap Fund - Regular Plan - Income Distribution cum Capital Withdrawal Option (IDCW),13.5818
2014-02-13,125496,SBI Small Cap Fund - Direct Plan - Income Distribution cum Capital Withdrawal Option (IDCW),13.7051
2014-02-13,125497,SBI Small Cap Fund - Direct Plan - Growth,13.678
2014-02-13,125498,SBI BANKING & PSU FUND - Regular Paln - Growth,1386.3671
2014-02-13,125499,SBI Banking & PSU Fund - Regular Plan - Daily Income Distribution cum Capital Withdrawal Option (IDCW),1000.1084
2014-02-13,125500,SBI Banking & PSU Fund - Regular Plan - Weekly Income Distribution cum Capital Withdrawal Option (IDCW),1000.3853
2014-02-13,125501,SBI Banking & PSU Fund - Regular Plan - Monthly Income Distribution cum Capital Withdrawal Option (IDCW),1014.0036
2014-02-13,125502,SBI Banking & PSU Fund - Direct Plan - Daily Income Distribution cum Capital Withdrawal Option (IDCW),1002.9841
2014-02-13,125503,SBI BANKING & PSU FUND - Direct Plan - Growth,1396.1388
2014-02-13,125506,SBI Benchmark Gsec Fund - Regular Plan - Growth Option,1223.7276
2014-02-13,125508,SBI Benchmark Gsec Fund - Regular Plan - Dividend Option,1062.046
2014-02-13,125509,SBI Benchmark Gsec Fund - Direct Plan - Dividend Option,1062.277
2014-02-13,125510,SBI Benchmark Gsec Fund - Direct Plan- Growth Option,1225.8756
2014-02-13,125517,Aditya Birla Sun Life Capital Protection Oriented Fund - Series 17 - Direct Plan-Growth,10.0708
2014-02-13,125518,Aditya Birla Sun Life Capital Protection Oriented Fund - Series 17 - Regular Plan-Growth,10.0407
2014-02-13,125519,SBI DEBT FUND SERIES - 366 DAYS - 46 - DIRECT PLAN - DIVIDEND,10.1589
2014-02-13,125520,SBI DEBT FUND SERIES - 366 DAYS - 46 - REGULAR PLAN - DIVIDEND,10.1555
2014-02-13,125521,SBI DEBT FUND SERIES - 366 DAYS - 46 - REGULAR PLAN - GROWTH,10.1555
2014-02-13,125522,SBI DEBT FUND SERIES - 366 DAYS - 46 - DIRECT PLAN - GROWTH,10.1591
2014-02-13,125523,Tata FMP Series 46 Scheme A-Direct Plan-Growth Option,10.1422
2014-02-13,125524,Tata FMP Series 46 Scheme A-Plan A -Growth Option,10.1382
2014-02-13,125525,Tata FMP Series 46 Scheme A-Direct Plan-Dividend Option(Payout),10.1422
2014-02-13,125526,Tata FMP Series 46 Scheme A-Plan A-Dividend Option(Payout),10.1382
2014-02-13,125527,Reliance Fixed Horizon Fund - XXV - Series 6 - Growth Option,10.1527
2014-02-13,125528,Reliance Fixed Horizon Fund - XXV - Series 6 - Direct Plan - Growth Option,10.1581
2014-02-13,125529,Reliance Fixed Horizon Fund - XXV - Series 6 - Dividend Payout Option,10.1527
2014-02-13,125530,Reliance Fixed Horizon Fund - XXV - Series 6 - Direct Plan - Dividend Payout Option,10.1581
2014-02-13,125531,Union KBC Capital Protection Oriented Fund - Series 4 - Regular Plan - Dividend Option,9.7973
2014-02-13,125532,Union KBC Capital Protection Oriented Fund - Series 4 - Direct Plan - Growth Option,9.809
2014-02-13,125533,Union KBC Capital Protection Oriented Fund - Series 4 - Direct Plan - Dividend Option,9.809
2014-02-13,125534,Union KBC Capital Protection Oriented Fund - Series 4 - Regular Plan - Growth Option,9.7973
2014-02-13,125535,HDFC FMP 538D November 2013 (1) - Direct Option-Dividend Option,10.184
2014-02-13,125536,HDFC FMP 538D November 2013 (1) - Direct Option-Flexi Option,10.184
2014-02-13,125537,HDFC FMP 538D November 2013 (1) - Direct Option-Growth Option,10.184
2014-02-13,125538,HDFC FMP 538D November 2013 (1) - Direct Option-Quarterly Dividend Option,10.184
2014-02-13,125539,HDFC FMP 538D November 2013 (1) - Regular Option-Dividend Option,10.1763
2014-02-13,125541,HDFC FMP 538D November 2013 (1) - Regular Option-Growth Option,10.1763
2014-02-13,125542,HDFC FMP 538D November 2013 (1) - Regular Option-Quarterly Dividend Option,10.1763
2014-02-13,125543,HDFC FMP 370D November 2013 (1) - Direct Option-Quarterly Dividend Option,10.1496
2014-02-13,125544,HDFC FMP 370D November 2013 (1) - Direct Option-Dividend Option,10.1496
2014-02-13,125545,HDFC FMP 370D November 2013 (1) - Direct Option-Flexi Option,10.1496
2014-02-13,125546,HDFC FMP 370D November 2013 (1) - Direct Option-Growth Option,10.1496
2014-02-13,125547,HDFC FMP 370D November 2013 (1) - Regular Option-Dividend Option,10.1485
2014-02-13,125549,HDFC FMP 370D November 2013 (1) - Regular Option-Growth Option,10.1485
2014-02-13,125550,HDFC FMP 370D November 2013 (1) - Regular Option-Quarterly Dividend Option,10.1485
2014-02-13,125551,UTI FTIF Series XVII - I (369 DAYS) - Growth Option,10.1509
2014-02-13,125552,UTI FTIF Series XVII - I (369 DAYS) - Annual Div Option,10.1509
2014-02-13,125553,UTI FTIF Series XVII - I (369 DAYS) - Annual Div Option - Direct,10.1564
2014-02-13,125554,UTI FTIF Series XVII - I (369 DAYS) - Growth Option - Direct,10.1564
2014-02-13,125555,UTI FTIF Series XVII - I (369 DAYS) - Quarterly Div Option - Direct,10.0869
2014-02-13,125556,UTI FTIF Series XVII - I (369 DAYS) - Quarterly Div Option,10.0836
2014-02-13,125558,UTI FTIF Series XVII - I (369 DAYS) - Maturity Div Option,10.1509
2014-02-13,125560,UTI FTIF Series XVII - I (369 DAYS) - Flexi Div Option - Direct,10.1564
2014-02-13,125561,L&T FMP - Series IX-Plan G - Dividend Payout - Regular Plan,10.15
2014-02-13,125562,L&T FMP - Series IX-Plan G- Growth - Direct Plan,10.1555
2014-02-13,125563,L&T FMP - Series IX-Plan G- Dividend Payout - Direct Plan,10.1555
2014-02-13,125564,L&T FMP - Series IX-Plan G - Growth - Regular Plan,10.15
2014-02-13,125565,Tata FMP Series 46 Scheme B - Plan A -Dividend Option ( Payout),10.1192
2014-02-13,125566,Tata FMP Series 46 Scheme B - Direct Plan -Growth Option,10.1228
2014-02-13,125567,Tata FMP Series 46 Scheme B- Plan A -Growth Option,10.1191
2014-02-13,125568,Tata FMP Series 46 Scheme B - Direct Plan - Dividend Option ( Payout),10.1228
2014-02-13,125575,ICICI Prudential Capital Protection Oriented Fund IV - PLAN G - 60 Months Plan - Dividend,10.0701
2014-02-13,125576,ICICI Prudential Capital Protection Oriented Fund IV - PLAN G - 60 Months plan - Cumulative,10.0701
2014-02-13,125577,ICICI Prudential Capital Protection Oriented Fund IV - PLAN G - 60 Months Plan - Direct Plan - Cumulative,10.0988
2014-02-13,125578,ICICI Prudential Capital Protection Oriented Fund IV - PLAN G - 60 Months Plan - Direct Plan - Dividend,10.0988
2014-02-13,125580,Aditya Birla Sun Life Fixed Term Plan - Series JA (1464 days) - Direct Plan-Normal Dividend,10.1493
2014-02-13,125581,Aditya Birla Sun Life Fixed Term Plan - Series JA (1464 days) - Direct Plan-Growth,10.1493
2014-02-13,125584,Aditya Birla Sun Life Fixed Term Plan - Series JA (1464 days) - Regular Plan-Growth,10.1471
2014-02-13,125585,Birla Sun Life Fixed Term Plan - Series JB (91 days) - Direct Plan- Dividend,10.1812
2014-02-13,125587,Birla Sun Life Fixed Term Plan - Series JB (91 days) - Direct Plan-Growth,10.1812
2014-02-13,125588,Birla Sun Life Fixed Term Plan - Series JB (91 days) - Regular Plan-Dividend,10.1804
2014-02-13,125590,Birla Sun Life Fixed Term Plan - Series JB (91 days) - Regular Plan-Growth,10.1804
2014-02-13,125591,ICICI Prudential Fixed Maturity Plan-Series 71-369 Days Plan F - Direct Plan - Dividend,10.1286
2014-02-13,125592,ICICI Prudential Fixed Maturity Plan-Series 71-369 Days Plan F - Regular Plan - Cumulative,10.1276
2014-02-13,125593,ICICI Prudential Fixed Maturity Plan-Series 71-369 Days Plan F - Regular Plan - Dividend,10.1276
2014-02-13,125594,ICICI Prudential Fixed Maturity Plan-Series 71-369 Days Plan F - Direct Plan - Cumulative,10.1286
2014-02-13,125595,Aditya Birla Sun Life Banking and Financial Services Fund - Regular Plan - Growth,9.2
2014-02-13,125596,Aditya Birla Sun Life Banking and Financial Services Fund - REGULAR - IDCW,9.2
2014-02-13,125597,Aditya Birla Sun Life Banking and Financial Services Fund - Direct Plan - Growth,9.22
2014-02-13,125598,Aditya Birla Sun Life Banking and Financial Services Fund - DIRECT - IDCW,9.22
2014-02-13,125600,IDFC FTP S-50(729 Days)_Regular Plan_Half Yearly Dividend,10.1249
2014-02-13,125602,IDFC FTP S-50 (729 Days)_Direct Plan_Growth,10.1287
2014-02-13,125604,IDFC FTP S-50 (729 Days)_Regular Plan_Growth,10.1249
2014-02-13,125605,IDFC FTP S-50 (729 Days)_Regular Plan_Quaterly Dividend,10.1249
2014-02-13,125607,IDFC FTP S-50 (729 Days)_Direct Plan_Quaterly Dividend,10.1287
2014-02-13,125608,IDFC FTP S-50 (729 Days)_Direct Plan_Periodic Dividend,10.1287
2014-02-13,125609,IDFC FTP S -51(597 Days)_Direct Plan_Growth,10.1516
2014-02-13,125612,IDFC FTP S -51(597 Days)_Direct Plan_Half Yearly Dividend,10.1516
2014-02-13,125613,IDFC FTP S -51(597 Days)_Direct Plan_Periodic Dividend,10.1516
2014-02-13,125615,IDFC FTP S -51(597 Days)_Regular Plan_Quarterly Dividend,10.1462
2014-02-13,125616,IDFC FTP S -51(597 Days)_Regular Plan_Growth,10.1461
2014-02-13,125617,IDFC FTP S -51(597 Days)_Regular Plan_Half Yearly Dividend,10.1461
2014-02-13,125619,Religare Invesco Fixed Maturity Plan - Series XXI - Plan E (370 Days) - Regular Plan - Dividend Payout Option,10.1586
2014-02-13,125621,Invesco India Fixed Maturity Plan - Series XXI - Plan E (370 Days) - Regular Plan - Growth Option,10.1586
2014-02-13,125622,Invesco India Fixed Maturity Plan - Series XXI - Plan E (370 Days) - Direct Plan - Growth Option,10.1597
2014-02-13,125645,DSP FMP - Series 129 - 12M (Maturity Date 29-Dec-2016) - Regular Plan - Growth,10.1067
2014-02-13,125646,DSP FMP - Series 129 - 12M (Maturity Date 29-Dec-2016) - Regular Plan - Dividend Payout - Regular Payout,10.1067
2014-02-13,125647,DSP FMP - Series 129 - 12M (Maturity Date 29-Dec-2016) - Regular Plan - Dividend Payout - Quarterly Payout,10.1067
2014-02-13,125648,DSP FMP - Series 129 - 12M (Maturity Date 29-Dec-2016) - Direct Plan - Growth,10.1075
2014-02-13,125649,DSP FMP - Series 129 - 12M (Maturity Date 29-Dec-2016) - Direct Plan - Dividend Payout - Regular Payout,10.1075
2014-02-13,125650,DSP FMP - Series 129 - 12M (Maturity Date 29-Dec-2016) - Direct Plan - Dividend Payout - Quarterly Payout,10.1075
2014-02-13,125651,Sundaram Hybrid Fund Series D Direct Plan Growth,10.0904
2014-02-13,125652,Sundaram Hybrid Fund Series D Direct Plan Half Yearly Dividend Payout,10.0892
2014-02-13,125653,Sundaram Hybrid Fund Series D Direct Plan Yearly Dividend Payout,10.0904
2014-02-13,125654,Sundaram Hybrid Fund Series D Regular Plan Growth,10.0638
2014-02-13,125655,Sundaram Hybrid Fund Series D Regular Plan Half Yearly Dividend Payout,10.0638
2014-02-13,125656,Sundaram Hybrid Fund Series D Regular Plan Yearly Dividend Payout,10.0638
2014-02-13,125657,SBI DEBT FUND SERIES - 366 DAYS - 47 - DIRECT PLAN - DIVIDEND,10.1524
2014-02-13,125658,SBI DEBT FUND SERIES - 366 DAYS - 47 - DIRECT PLAN - GROWTH,10.1524
2014-02-13,125659,SBI DEBT FUND SERIES - 366 DAYS - 47 - REGULAR PLAN - DIVIDEND,10.1475
2014-02-13,125660,SBI DEBT FUND SERIES - 366 DAYS - 47 - REGULAR PLAN - GROWTH,10.1475
2014-02-13,125661,ICICI Prudential Fixed Maturity Plan-Series 71-367 Days Plan G - Direct Plan - Dividend,10.1222
2014-02-13,125662,ICICI Prudential Fixed Maturity Plan-Series 71-367 Days Plan G - Regular Plan - Cumulative,10.1186
2014-02-13,125663,ICICI Prudential Fixed Maturity Plan-Series 71-367 Days Plan G - Direct Plan - Cumulative,10.1222
2014-02-13,125664,ICICI Prudential Fixed Maturity Plan-Series 71-367 Days Plan G - Regular Plan - Dividend,10.1186
2014-02-13,125665,Reliance Fixed Horizon Fund - XXV - Series 7 - Growth Option,10.1131
2014-02-13,125666,Reliance Fixed Horizon Fund - XXV - Series 7 - Direct Plan - Growth Option,10.1175
2014-02-13,125667,Reliance Fixed Horizon Fund - XXV - Series 7 - Dividend Payout Option,10.1131
2014-02-13,125668,Reliance Fixed Horizon Fund - XXV - Series 7 - Direct Plan - Dividend Payout Option,10.1175
2014-02-13,125675,Baroda Pioneer Fixed Maturity Plan Series H -Plan A- Growth,10.1968
2014-02-13,125676,Baroda Pioneer Fixed Maturity Plan Series H- Plan A- Dividend Payout,10.1968
2014-02-13,125677,Baroda Pioneer Fixed Maturity Plan Series H -Plan B (Direct) -Growth,10.1989
2014-02-13,125678,Baroda Pioneer Fixed Maturity Plan Series H -Plan B (Direct) -Dividend Payout,10.1989
2014-02-13,125680,HSBC Fixed Term Series 100 - Direct Plan Growth Option,10.1448
2014-02-13,125681,HSBC Fixed Term Series 100 - Growth Option,10.1392
2014-02-13,125682,HSBC Fixed Term Series 100 - Dividend Option,10.1392
2014-02-13,125683,ICICI Prudential Fixed Maturity Plan-Series 71-505 Days Plan H - Direct Plan - Cumulative,10.1331
2014-02-13,125684,ICICI Prudential Fixed Maturity Plan-Series 71-505 Days Plan H - Cumulative,10.1271
2014-02-13,125685,ICICI Prudential Fixed Maturity Plan-Series 71-505 Days Plan H - Dividend,10.1271
2014-02-13,125686,ICICI Prudential Fixed Maturity Plan-Series 71-505 Days Plan H - Direct Plan - Dividend,10.1331
2014-02-13,125688,DWS FIXED MATURITY PLAN - SERIES 43 - DIRECT PLAN -GROWTH,10.1258
2014-02-13,125689,DWS FIXED MATURITY PLAN - SERIES 43 - REGULAR PLAN -GROWTH,10.1218
2014-02-13,125694,DWS FIXED MATURITY PLAN - SERIES 43 - DIRECT PLAN -REGULAR DIVIDEND,10.1258
2014-02-13,125699,Birla Sun Life Fixed Term Plan - Series JD (91 days) - Direct Plan-Growth,10.1621
2014-02-13,125700,Birla Sun Life Fixed Term Plan - Series JD (91 days) - Regular Plan-Dividend,10.1614
2014-02-13,125701,Birla Sun Life Fixed Term Plan - Series JD (91 days) - Regular Plan-Growth,10.1614
2014-02-13,125702,Birla Sun Life Fixed Term Plan - Series JD (91 days) - Direct Plan-Dividend,10.1621
2014-02-13,125703,HDFC FMP 371D December 2013 (1) - Direct Option-Dividend Option,10.1294
2014-02-13,125704,HDFC FMP 371D December 2013 (1) - Direct Option-Flexi Option,10.1294
2014-02-13,125705,HDFC FMP 371D December 2013 (1) - Direct Option-Growth Option,10.1294
2014-02-13,125706,HDFC FMP 371D December 2013 (1) - Direct Option-Quarterly Dividend Option,10.1294
2014-02-13,125708,HDFC FMP 371D December 2013 (1) - Regular Option-Dividend Option,10.1284
2014-02-13,125709,HDFC FMP 371D December 2013 (1) - Regular Option-Growth Option,10.1284
2014-02-13,125710,HDFC FMP 371D December 2013 (1) - Regular Option-Quarterly Dividend Option,10.1284
2014-02-13,125711,Shriram Aggressive Hybrid Fund- Direct Growth,10.0582
2014-02-13,125712,Shriram Aggressive Hybrid Fund- Direct- IDCW,10.0556
2014-02-13,125713,Shriram Aggressive Hybrid Fund- Regular Growth,10.047
2014-02-13,125714,Shriram Aggressive Hybrid Fund- Regular-IDCW,10.047
2014-02-13,125715,Reliance Dual Advantage Fixed Tenure Fund IV - Plan E - Growth Option,9.9678
2014-02-13,125716,Reliance Dual Advantage Fixed Tenure Fund IV - Plan E - Direct Plan - Growth Option,9.982
2014-02-13,125717,Reliance Dual Advantage Fixed Tenure Fund IV - Plan E - Dividend Payout Option,9.9678
2014-02-13,125718,Reliance Dual Advantage Fixed Tenure Fund IV - Plan E - Direct Plan - Dividend Payout Option,9.982
2014-02-13,125719,SBI DEBT FUND SERIES - 36 MONTHS - 7 - DIRECT PLAN - DIVIDEND,10.0938
2014-02-13,125720,SBI DEBT FUND SERIES - 36 MONTHS - 7 - REGULAR PLAN - DIVIDEND,10.0905
2014-02-13,125721,SBI DEBT FUND SERIES - 36 MONTHS - 7 - DIRECT PLAN - GROWTH,10.0938
2014-02-13,125722,SBI DEBT FUND SERIES - 36 MONTHS - 7 - REGULAR PLAN - GROWTH,10.0905
2014-02-13,125723,IDFC FTP S52(728 Days)_Regular Plan_Growth,10.1186
2014-02-13,125726,IDFC FTP S52(728 Days)_Regular Plan_Half Yearly Dividend,10.1186
2014-02-13,125727,IDFC FTP S52(728 Days)_Direct Plan_Growth,10.1225
2014-02-13,125732,IDFC FTP S52(728 Days)_Regular Plan_Periodic Dividend,10.1186
2014-02-13,125733,SBI DEBT FUND SERIES - 17 MONTHS - 1- DIRECT PLAN - DIVIDEND,10.1422
2014-02-13,125734,SBI DEBT FUND SERIES - 17 MONTHS - 1 - DIRECT PLAN - GROWTH,10.1422
2014-02-13,125735,SBI DEBT FUND SERIES - 17 MONTHS - 1 - REGULAR PLAN - DIVIDEND,10.138
2014-02-13,125736,SBI DEBT FUND SERIES - 17 MONTHS - 1 - REGULAR PLAN - GROWTH,10.138
2014-02-13,125737,HDFC FMP 540D December 2013 (1) - Direct Option-Dividend Option,10.1556
2014-02-13,125738,HDFC FMP 540D December 2013 (1) - Direct Option-Flexi Option,10.1556
2014-02-13,125739,HDFC FMP 540D December 2013 (1) - Regular Option-Dividend Option,10.1491
2014-02-13,125740,HDFC FMP 540D December 2013 (1) - Regular Option-Flexi Option,10.1491
2014-02-13,125741,HDFC FMP 540D December 2013 (1) - Regular Option-Growth Option,10.1491
2014-02-13,125742,HDFC FMP 540D December 2013 (1) - Regular Option-Quarterly Dividend Option,10.1491
2014-02-13,125743,HDFC FMP 540D December 2013 (1) - Direct Option-Growth Option,10.1556
2014-02-13,125744,HDFC FMP 540D December 2013 (1) - Direct Option-Quarterly Dividend Option,10.1556
2014-02-13,125755,UTI FTIF Series XVII - II (369 DAYS) - Growth Option,10.1311
2014-02-13,125756,UTI FTIF Series XVII - II (369 DAYS) - Growth Option - Direct,10.1361
2014-02-13,125757,UTI FTIF Series XVII - II (369 DAYS) - Annual Div Option,10.1311
2014-02-13,125758,UTI FTIF Series XVII - II (369 DAYS) - Quarterly Div Option,10.1311
2014-02-13,125759,UTI FTIF Series XVII - II (369 DAYS) - Quarterly Div Option - Direct,10.1361
2014-02-13,125761,UTI FTIF Series XVII - II (369 DAYS) - Maturity Div Option - Direct,10.1361
2014-02-13,125763,UTI FTIF Series XVII - II (369 DAYS) - Flexi Div Option - Direct,10.1361
2014-02-13,125764,UTI FTIF Series XVII - II (369 DAYS) - Annual Div Option - Direct,10.1361
2014-02-13,125766,Religare Invesco Fixed Maturity Plan - Series 22 - Plan A (368 Days) - Direct Plan - Growth Option,10.1266
2014-02-13,125767,Religare Invesco Fixed Maturity Plan - Series 22 - Plan A (368 Days) - Regular Plan - Dividend Payout Option,10.1262
2014-02-13,125768,Religare Invesco Fixed Maturity Plan - Series 22 - Plan A (368 Days) - Regular Plan - Growth Option,10.1256
2014-02-13,125769,Sundaram Fixed Term Plan ES Direct Plan Growth,10.103
2014-02-13,125771,Sundaram Fixed Term Plan ES Regular Plan Growth,10.0967
2014-02-13,125772,Sundaram Fixed Term Plan ES Regular Plan Half Yearly Dividend Payout,10.0967
2014-02-13,125773,Sundaram Fixed Term Plan ES Regular Plan Quarterly Dividend Payout,10.0967
2014-02-13,125774,Sundaram Fixed Term Plan ES Direct Plan Quarterly Dividend Payout,10.1028
2014-02-13,125775,Sundaram Select Micro Cap Series I - Regular Plan - Growth Option,10.0223
2014-02-13,125776,Sundaram Select Micro Cap Series I - Regular Plan - Dividend Option,10.0223
2014-02-13,125777,Sundaram Select Micro Cap Series I - Direct Plan - Dividend Option,10.0419
2014-02-13,125778,Sundaram Select Micro Cap Series I - Direct Plan - Growth Option,10.0419
2014-02-13,125779,Reliance Fixed Horizon Fund - XXV - Series 8 - Growth Option,10.0961
2014-02-13,125780,Reliance Fixed Horizon Fund - XXV - Series 8 - Direct Plan - Growth Option,10.0977
2014-02-13,125783,Birla Sun Life Fixed Term Plan - Series JE (368 days) - Direct Plan-Normal Dividend,10.1273
2014-02-13,125785,Birla Sun Life Fixed Term Plan - Series JE (368 days) - Direct Plan-Growth,10.1273
2014-02-13,125786,Birla Sun Life Fixed Term Plan - Series JE (368 days) - Regular Plan-Normal Dividend,10.1248
2014-02-13,125787,Birla Sun Life Fixed Term Plan - Series JE (368 days) - Regular Plan-Quarterly Dividend,10.1248
2014-02-13,125788,Birla Sun Life Fixed Term Plan - Series JE (368 days) - Regular Plan-Growth,10.1248
2014-02-13,125789,SBI DEBT FUND SERIES - 90 DAYS - 81 - DIRECT PLAN - DIVIDEND,10.1517
2014-02-13,125790,SBI DEBT FUND SERIES - 90 DAYS - 81 - DIRECT PLAN - GROWTH,10.1517
2014-02-13,125791,SBI DEBT FUND SERIES - 90 DAYS - 81 - REGULAR PLAN - DIVIDEND,10.1499
2014-02-13,125792,SBI DEBT FUND SERIES - 90 DAYS - 81 - REGULAR PLAN - GROWTH,10.1499
2014-02-13,125793,SBI DEBT FUND SERIES - 366 DAYS - 48 - DIRECT PLAN - DIVIDEND,10.1136
2014-02-13,125794,SBI DEBT FUND SERIES - 366 DAYS - 48 - DIRECT PLAN - GROWTH,10.1136
2014-02-13,125795,SBI DEBT FUND SERIES - 366 DAYS - 48 - REGULAR PLAN - DIVIDEND,10.111
2014-02-13,125796,SBI DEBT FUND SERIES - 366 DAYS - 48 - REGULAR PLAN - GROWTH,10.111
2014-02-13,125801,L&T FMP - Series IX-Plan H- Dividend Payout - Direct Plan,10.1058
2014-02-13,125802,L&T FMP - Series IX-Plan H- Growth - Regular Plan,10.0976
2014-02-13,125803,L&T FMP - Series IX-Plan H- Growth - Direct Plan,10.1058
2014-02-13,125804,L&T FMP - Series IX-Plan H - Dividend Payout - Regular Plan,10.0976
2014-02-13,125809,L&T FMP - Series IX-Plan J - Regular Plan - Dividend Payout,10.1331
2014-02-13,125811,L&T FMP - Series IX-Plan J- Regular Plan - Growth,10.1331
2014-02-13,125812,L&T FMP - Series IX-Plan J- Growth - Direct Plan,10.1402
2014-02-13,125817,ICICI Prudential Capital Protection Oriented Fund IV - PLAN H - 36 Months Plan - Direct Plan - Dividend,10.0838
2014-02-13,125818,ICICI Prudential Capital Protection Oriented Fund IV - PLAN H - 36 Months plan - Cumulative,10.0611
2014-02-13,125819,ICICI Prudential Capital Protection Oriented Fund IV - PLAN H - 36 Months Plan - Dividend,10.0611
2014-02-13,125820,ICICI Prudential Capital Protection Oriented Fund IV - PLAN H - 36 Months Plan - Direct Plan - Cumulative,10.0838
2014-02-13,125821,Axis Fixed Term Plan - Series 44 (91 days) - Regular Plan - Growth,10.1533
2014-02-13,125822,Axis Fixed Term Plan - Series 44 (91 days) - Direct Plan - Growth,10.1541
2014-02-13,125823,Axis Fixed Term Plan - Series 44 (91 days) - Regular Plan - Dividend,10.1533
2014-02-13,125824,Axis Fixed Term Plan - Series 44 (91 days) - Direct Plan - Dividend,10.1541
2014-02-13,125831,Kotak FMP Series 128 (371 Days) - Growth,10.1067
2014-02-13,125832,Kotak FMP Series 128 (371 Days) - Direct Growth,10.1113
2014-02-13,125833,Kotak FMP Series 128 (371 Days) - Dividend,10.1067
2014-02-13,125835,Tata FMP Series 46 Scheme C- Plan A -Growth Option,10.0993
2014-02-13,125836,Tata FMP Series 46 Scheme C - Plan A -Dividend Option ( Payout),10.0993
2014-02-13,125837,Tata FMP Series 46 Scheme C - Direct Plan -Growth Option,10.102
2014-02-13,125839,Tata FMP Series 46 Scheme D - Plan A -Dividend Option ( Payout),10.0966
2014-02-13,125840,Tata FMP Series 46 Scheme D - Direct Plan -Growth Option,10.1034
2014-02-13,125841,Tata FMP Series 46 Scheme D - Direct Plan - Dividend Option ( Payout),10.1034
2014-02-13,125842,Tata FMP Series 46 Scheme D- Plan A -Growth Option,10.0966
2014-02-13,125843,Tata FMP Series 46 Scheme E- Plan A -Growth Option,10.0904
2014-02-13,125844,Tata FMP Series 46 Scheme E - Plan A -Dividend Option ( Payout),10.0904
2014-02-13,125845,Tata FMP Series 46 Scheme E - Direct Plan -Growth Option,10.0976
2014-02-13,125847,Reliance Fixed Horizon Fund - XXV - Series 9 - Growth Option,10.092
2014-02-13,125848,Reliance Fixed Horizon Fund - XXV - Series 9 - Direct Plan - Growth Option,10.0958
2014-02-13,125849,Reliance Fixed Horizon Fund - XXV - Series 9 - Dividend Payout Option,10.092
2014-02-13,125850,Reliance Fixed Horizon Fund - XXV - Series 9 - Direct Plan - Dividend Payout Option,10.0958
2014-02-13,125851,Kotak FMP Series 129 (371 Days) - Growth,10.0906
2014-02-13,125852,Kotak FMP Series 129 (371 Days) - Direct Growth,10.094
2014-02-13,125853,Kotak FMP Series 129 (371 Days) - Dividend,10.0906
2014-02-13,125855,DSP BlackRock FMP - Series 130 - 12M - Direct Plan - Dividend Payout - Quarterly Payout,10.0954
2014-02-13,125856,DSP BlackRock FMP - Series 130 - 12M - Direct Plan - Dividend Payout - Regular Payout,10.0954
2014-02-13,125857,DSP BlackRock FMP - Series 130 - 12M - Direct Plan - Growth,10.0954
2014-02-13,125858,DSP BlackRock FMP - Series 130 - 12M - Regular Plan - Dividend Payout - Quarterly Payout,10.0948
2014-02-13,125859,DSP BlackRock FMP - Series 130 - 12M - Regular Plan - Dividend Payout - Regular Payout,10.0948
2014-02-13,125860,DSP BlackRock FMP - Series 130 - 12M - Regular Plan - Growth,10.0948
2014-02-13,125865,ICICI Prudential Fixed Maturity Plan-Series 71-1095 Days Plan O - Direct Plan - Cumulative,10.1009
2014-02-13,125866,ICICI Prudential Fixed Maturity Plan-Series 71-1095 Days Plan O - Direct Plan - Dividend,10.1009
2014-02-13,125867,ICICI Prudential Fixed Maturity Plan-Series 71-1095 Days Plan O - Cumulative,10.0925
2014-02-13,125868,ICICI Prudential Fixed Maturity Plan-Series 71-1095 Days Plan O - Dividend,10.0925
2014-02-13,125869,HDFC FMP 371D December 2013 (2)-Regular Option-Growth Option,10.1214
2014-02-13,125870,HDFC FMP 371D December 2013 (2)-Regular Option-Dividend Option,10.1214
2014-02-13,125871,HDFC FMP 371D December 2013 (2)-Regular Option-Quarterly Dividend Option,10.1214
2014-02-13,125872,HDFC FMP 371D December 2013 (2)-Regular Option-Flexi Option,10.1214
2014-02-13,125873,HDFC FMP 371D December 2013 (2)-Direct Option-Quarterly Dividend Option,10.1223
2014-02-13,125874,HDFC FMP 371D December 2013 (2)-Direct Option-Flexi Option,10.1223
2014-02-13,125875,HDFC FMP 371D December 2013 (2)-Direct Option-Dividend Option,10.1223
2014-02-13,125876,HDFC FMP 371D December 2013 (2)-Direct Option-Growth Option,10.1223
2014-02-13,125883,Reliance Fixed Horizon Fund - XXV - Series 10 - Growth Option,10.0628
2014-02-13,125884,Reliance Fixed Horizon Fund - XXV - Series 10 - Direct Plan - Dividend Payout Option,10.064
2014-02-13,125885,Reliance Fixed Horizon Fund - XXV - Series 10 - Dividend Payout Option,10.0628
2014-02-13,125886,Reliance Fixed Horizon Fund - XXV - Series 10 - Direct Plan - Growth Option,10.064
2014-02-13,125887,Reliance Close Ended Equity Fund - Series B - Growth Option,9.8584
2014-02-13,125888,Reliance Close Ended Equity Fund - Series B - Direct Plan - Growth Option,9.8732
2014-02-13,125889,Reliance Close Ended Equity Fund - Series B - Direct Plan - Dividend Payout Option,9.8732
2014-02-13,125890,Reliance Close Ended Equity Fund - Series B - Dividend Payout Option,9.8584
2014-02-13,125897,ICICI Prudential Fixed Maturity Plan-Series 71-368 Days Plan K - Direct Plan - Cumulative,10.0979
2014-02-13,125898,ICICI Prudential Fixed Maturity Plan-Series 71-368 Days Plan K - Direct Plan - Dividend,10.0979
2014-02-13,125899,ICICI Prudential Fixed Maturity Plan-Series 71-368 Days Plan K - Regular Plan - Cumulative,10.0964
2014-02-13,125900,ICICI Prudential Fixed Maturity Plan-Series 71-368 Days Plan K - Regular Plan - Dividend,10.0964
2014-02-13,125901,IDFC FTP S-54(732 Days)_Regular Plan_Growth,10.1031
2014-02-13,125910,IDFC FTP S-54(732 Days)_Direct Plan_Growth,10.1064
2014-02-13,125921,LIC MF FIXED MATURITY PLAN SERIES 72(MATURITY DATE 13/12/2016) - DIRECT PLAN - DIVIDEND PAYOUT,10.1146
2014-02-13,125922,LIC MF FIXED MATURITY PLAN SERIES 72(MATURITY DATE 13/12/2016) - REGULAR PLAN - DIVIDEND PAYOUT,10.1075
2014-02-13,125923,LIC MF FIXED MATURITY PLAN SERIES 72(MATURITY DATE 13/12/2016) - DIRECT PLAN - GROWTH,10.1146
2014-02-13,125924,LIC MF FIXED MATURITY PLAN SERIES 72(MATURITY DATE 13/12/2016) - REGULAR PLAN - GROWTH,10.1076
2014-02-13,125925,LIC NOMURA MF FIXED MATURITY PLAN SERIES 73 - DIRECT PLAN - DIVIDEND PAYOUT,10.0991
2014-02-13,125926,LIC NOMURA MF FIXED MATURITY PLAN SERIES 73 - REGULAR PLAN - DIVIDEND PAYOUT,10.097
2014-02-13,125927,LIC NOMURA MF FIXED MATURITY PLAN SERIES 73 - DIRECT PLAN - GROWTH,10.0991
2014-02-13,125928,LIC NOMURA MF FIXED MATURITY PLAN SERIES 73 - REGULAR PLAN - GROWTH,10.097
2014-02-13,125933,Reliance Fixed Horizon Fund - XXV - Series 11 - Growth Option,10.1101
2014-02-13,125934,Reliance Fixed Horizon Fund - XXV - Series 11 - Direct Plan - Growth Option,10.1141
2014-02-13,125942,Birla Sun Life Fixed Term Plan - Series JG (368 days) - Direct Plan-Quarterly Dividend,10.118
2014-02-13,125943,Birla Sun Life Fixed Term Plan - Series JG (368 days) - Direct Plan-Normal Dividend,10.118
2014-02-13,125944,Birla Sun Life Fixed Term Plan - Series JG (368 days) - Direct Plan-Growth,10.118
2014-02-13,125945,Birla Sun Life Fixed Term Plan - Series JG (368 days) - Regular Plan-Normal Dividend,10.1164
2014-02-13,125946,Birla Sun Life Fixed Term Plan - Series JG (368 days) - Regular Plan-Quarterly Dividend,10.1164
2014-02-13,125947,Birla Sun Life Fixed Term Plan - Series JG (368 days) - Regular Plan-Growth,10.1164
2014-02-13,125953,UTI Fixed Income Interval Fund ( Half Yearly Plan-II)- Direct Plan - Growth Option,16.2298
2014-02-13,125954,Reliance Fixed Horizon Fund - XXV - Series 12 - Growth Option,10.0814
2014-02-13,125956,Reliance Fixed Horizon Fund - XXV - Series 12 - Dividend Payout Option,10.0814
2014-02-13,125957,Reliance Fixed Horizon Fund - XXV - Series 12 - Direct Plan - Growth Option,10.0848
2014-02-13,125965,SBI DEBT FUND SERIES - 90 DAYS - 82 - DIRECT PLAN - GROWTH,10.1377
2014-02-13,125966,SBI DEBT FUND SERIES - 90 DAYS - 82 - REGULAR PLAN - DIVIDEND,10.1369
2014-02-13,125967,SBI DEBT FUND SERIES - 90 DAYS - 82 - REGULAR PLAN - GROWTH,10.1369
2014-02-13,125968,SBI DEBT FUND SERIES - 90 DAYS - 82 - DIRECT PLAN - DIVIDEND,10.1377
2014-02-13,125969,ICICI Prudential Fixed Maturity Plan-Series 71-480 Days Plan L - Direct Plan - Cumulative,10.1054
2014-02-13,125970,ICICI Prudential Fixed Maturity Plan-Series 71-480 Days Plan L - Direct Plan - Dividend,10.1054
2014-02-13,125971,ICICI Prudential Fixed Maturity Plan-Series 71-480 Days Plan L - Cumulative,10.1011
2014-02-13,125972,ICICI Prudential Fixed Maturity Plan-Series 71-480 Days Plan L - Dividend,10.1011
2014-02-13,125973,ICICI Prudential Fixed Maturity Plan-Series 71-371 Days Plan M - Regular Plan - Cumulative,10.0851
2014-02-13,125974,ICICI Prudential Fixed Maturity Plan-Series 71-371 Days Plan M - Regular Plan - Dividend,10.0851
2014-02-13,125975,ICICI Prudential Fixed Maturity Plan-Series 71-371 Days Plan M - Direct Plan - Dividend,10.0879
2014-02-13,125976,ICICI Prudential Fixed Maturity Plan-Series 71-371 Days Plan M - Direct Plan - Cumulative,10.0879
2014-02-13,125981,HDFC FMP 531D December 2013 (1)-Direct Option-Quarterly Dividend Option,10.1202
2014-02-13,125982,HDFC FMP 531D December 2013 (1)-Regular Option-Growth Option,10.1148
2014-02-13,125983,HDFC FMP 531D December 2013 (1)-Regular Option-Quarterly Dividend Option,10.1148
2014-02-13,125984,HDFC FMP 531D December 2013 (1)-Direct Option-Dividend Option,10.1202
2014-02-13,125985,HDFC FMP 531D December 2013 (1)-Direct Option-Flexi Option,10.0
2014-02-13,125986,HDFC FMP 531D December 2013 (1)-Direct Option-Growth Option,10.1202
2014-02-13,125987,HDFC FMP 531D December 2013 (1)-Regular Option-Dividend Option,10.1148
2014-02-13,125988,HDFC FMP 531D December 2013 (1)-Regular Option-Flexi Option,10.0
2014-02-13,125989,HDFC FMP 369D December 2013 (1)-Direct Option-Growth Option,10.1064
2014-02-13,125990,HDFC FMP 369D December 2013 (1)-Direct Option-Quarterly Dividend Option,10.1064
2014-02-13,125991,HDFC FMP 369D December 2013 (1)-Regular Option-Dividend Option,10.1056
2014-02-13,125992,HDFC FMP 369D December 2013 (1)-Regular Option-Flexi Option,10.1056
2014-02-13,125993,HDFC FMP 369D December 2013 (1)-Regular Option-Growth Option,10.1056
2014-02-13,125994,HDFC FMP 369D December 2013 (1)-Regular Option-Quarterly Dividend Option,10.1056
2014-02-13,125995,HDFC FMP 369D December 2013 (1)-Direct Option-Dividend Option,10.1064
2014-02-13,125996,HDFC FMP 369D December 2013 (1)-Direct Option-Flexi Option,10.1064
2014-02-13,126013,Aditya Birla Sun Life Fixed Term Plan - Series JJ (1092 days) - Direct Plan-Normal Dividend,10.1072
2014-02-13,126015,Aditya Birla Sun Life Fixed Term Plan - Series JJ (1092 days) - Direct Plan-Growth,10.1072
2014-02-13,126016,Aditya Birla Sun Life Fixed Term Plan - Series JJ (1092 days) - Regular Plan-Normal Dividend,10.1005
2014-02-13,126017,Aditya Birla Sun Life Fixed Term Plan - Series JJ (1092 days) - Regular Plan-Growth,10.1005
2014-02-13,126018,Aditya Birla Sun Life Fixed Term Plan - Series JJ (1092 days) - Regular Plan-Quarterly Dividend,10.1005
2014-02-13,126020,IDBI FMP Series III 494 Days (December 2013)- O Growth Regular,10.0928
2014-02-13,126023,IDBI FMP Series III 494 Days (December 2013)- O Dividend Regular,10.0928
2014-02-13,126024,IDBI FMP Series III 494 Days (December 2013)- O Growth Direct,10.0981
2014-02-13,126030,UTI FIIF Annual Interval Plan IV - Direct Plan - IDCW,10.0974
2014-02-13,126031,UTI Fixed Interval Income Fund (Annual Interval Plan) Series IV - Direct Plan - Growth Option,16.3514
2014-02-13,126042,IDFC FTP S 57(594 Days)_Regular Plan_Growth,10.0963
2014-02-13,126044,IDFC FTP S 57(594 Days)_Regular Plan_Quaterly Dividend,10.0963
2014-02-13,126045,IDFC FTP S 57(594 Days)_Regular Plan_Half Yearly Dividend,10.0963
2014-02-13,126049,IDFC FTP S 57(594 Days)_Direct Plan_Half Yearly Dividend,10.1003
2014-02-13,126050,IDFC FTP S 57(594 Days)_Direct Plan_Growth,10.1003
2014-02-13,126052,Kotak FMP Series 131 (1061 Days) - Direct Growth,10.129
2014-02-13,126053,Kotak FMP Series 131 (1061 Days) - Growth,10.1261
2014-02-13,126054,Kotak FMP Series 131 (1061 Days) - Dividend,10.1261
2014-02-13,126063,Aditya Birla Sun Life Fixed Term Plan - Series JI (1099 days) - Direct Plan-Quarterly Dividend,10.0966
2014-02-13,126065,Aditya Birla Sun Life Fixed Term Plan - Series JI (1099 days) - Regular Plan-Normal Dividend,10.0952
2014-02-13,126066,Aditya Birla Sun Life Fixed Term Plan - Series JI (1099 days) - Regular Plan-Quarterly Dividend,10.0952
2014-02-13,126067,Aditya Birla Sun Life Fixed Term Plan - Series JI (1099 days) - Direct Plan-Growth,10.0966
2014-02-13,126068,Aditya Birla Sun Life Fixed Term Plan - Series JI (1099 days) - Regular Plan-Growth,10.0952
2014-02-13,126070,PRINCIPAL PNB FIXED MATURITY PLAN SERIES B10 - REGULAR PLAN - DIVIDEND PAYOUT,10.1204
2014-02-13,126071,PRINCIPAL PNB FIXED MATURITY PLAN SERIES B10 - DIRECT PLAN - GROWTH,10.1284
2014-02-13,126073,PRINCIPAL PNB FIXED MATURITY PLAN SERIES B10 - REGULAR PLAN - GROWTH,10.1204
2014-02-13,126086,ICICI Prudential Multiple Yield Fund - Series 5 - 1825 Days - Plan C - Cumulative,10.0159
2014-02-13,126087,ICICI Prudential Multiple Yield Fund - Series 5 - 1825 Days - Plan C - Dividend,10.0159
2014-02-13,126088,ICICI Prudential Multiple Yield Fund - Series 5 - 1825 Days - Plan C - Direct Plan - Cumulative,10.0351
2014-02-13,126089,Baroda Pioneer Fixed Maturity Plan Series J - Plan A - Dividend Payout,10.0984
2014-02-13,126090,Baroda Pioneer Fixed Maturity Plan Series J - Plan A - Growth,10.0984
2014-02-13,126091,Baroda Pioneer Fixed Maturity Plan Series J - Plan B (Direct) - Growth,10.0998
2014-02-13,126092,Baroda Pioneer Fixed Maturity Plan Series J - Plan B (Direct) - Dividend Payout,10.0998
2014-02-13,126093,SBI DEBT FUND SERIES - 366 DAYS - 49 - DIRECT PLAN - DIVIDEND,10.1012
2014-02-13,126094,SBI DEBT FUND SERIES - 366 DAYS - 49 - DIRECT PLAN - GROWTH,10.1012
2014-02-13,126095,SBI DEBT FUND SERIES - 366 DAYS - 49 - REGULAR PLAN - GROWTH,10.0988
2014-02-13,126096,SBI DEBT FUND SERIES - 366 DAYS - 49 - REGULAR PLAN - DIVIDEND,10.0988
2014-02-13,126097,UTI FTIF Series XVII - III (366 DAYS) - Growth Option,10.104
2014-02-13,126098,UTI FTIF Series XVII - III (366 DAYS) - Growth Option - Direct,10.1082
2014-02-13,126099,UTI FTIF Series XVII - III (366 DAYS) - Annual Div Option,10.1041
2014-02-13,126100,UTI FTIF Series XVII - III (366 DAYS) - Annual Div Option - Direct,10.1082
2014-02-13,126101,UTI FTIF Series XVII - III (366 DAYS) - Quarterly Div Option - Direct,10.1082
2014-02-13,126102,UTI FTIF Series XVII - III (366 DAYS) - Maturity Div Option,10.104
2014-02-13,126104,UTI FTIF Series XVII - III (366 DAYS) - Quarterly Div Option,10.104
2014-02-13,126105,UTI FTIF Series XVII - III (366 DAYS) - Maturity Div Option - Direct,10.1082
2014-02-13,126107,Aditya Birla Sun Life Fixed Term Plan - Series JK (1099 days) - Direct Plan-Quarterly Dividend,10.0953
2014-02-13,126108,Aditya Birla Sun Life Fixed Term Plan - Series JK (1099 days) - Direct Plan-Growth,10.0952
2014-02-13,126110,Aditya Birla Sun Life Fixed Term Plan - Series JK (1099 days) - Regular Plan-Normal Dividend,10.0907
2014-02-13,126111,Aditya Birla Sun Life Fixed Term Plan - Series JK (1099 days) - Regular Plan-Quarterly Dividend,10.0907
2014-02-13,126112,Aditya Birla Sun Life Fixed Term Plan - Series JK (1099 days) - Regular Plan-Growth,10.0907
2014-02-13,126113,ICICI Prudential Multiple Yield Fund - Series 5 - 1100 Days - Plan D -Dividend,10.0799
2014-02-13,126114,ICICI Prudential Multiple Yield Fund - Series 5 - 1100 Days - Plan D - Direct Plan - Cumulative,10.087
2014-02-13,126115,ICICI Prudential Multiple Yield Fund - Series 5 - 1100 Days - Plan D - Direct Plan - Dividend,10.087
2014-02-13,126116,ICICI Prudential Multiple Yield Fund - Series 5 - 1100 Days - Plan D -Cumulative,10.0799
2014-02-13,126125,ICICI Prudential Fixed Maturity Plan-Series 72-368 Days Plan A - Direct Plan - Cumulative,10.0523
2014-02-13,126126,ICICI Prudential Fixed Maturity Plan-Series 72-368 Days Plan A - Direct Plan - Dividend,10.0523
2014-02-13,126127,ICICI Prudential Fixed Maturity Plan-Series 72-368 Days Plan A - Cumulative,10.0502
2014-02-13,126128,ICICI Prudential Fixed Maturity Plan-Series 72-368 Days Plan A - Dividend,10.0502
2014-02-13,126130,Birla Sun Life Fixed Term Plan - Series JL (368 days) - Direct Plan-Growth,10.0801
2014-02-13,126131,Birla Sun Life Fixed Term Plan - Series JL (368 days) - Direct Plan-Normal Dividend,10.0801
2014-02-13,126132,Birla Sun Life Fixed Term Plan - Series JL (368 days) - Regular Plan-Growth,10.0789
2014-02-13,126133,Birla Sun Life Fixed Term Plan - Series JL (368 days) - Regular Plan-Normal Dividend,10.0789
2014-02-13,126134,Birla Sun Life Fixed Term Plan - Series JL (368 days) - Regular Plan-Quarterly Dividend,10.0789
2014-02-13,126139,HDFC FMP 504D December 2013 (1)-Direct Option-Dividend Option,10.1033
2014-02-13,126140,HDFC FMP 504D December 2013 (1)-Direct Option-Flexi Option,10.1033
2014-02-13,126141,HDFC FMP 504D December 2013 (1)-Direct Option-Growth Option,10.1033
2014-02-13,126142,HDFC FMP 504D December 2013 (1)-Direct Option-Quarterly Dividend Option,10.1033
2014-02-13,126143,HDFC FMP 504D December 2013 (1)-Regular Option-Dividend Option,10.0985
2014-02-13,126144,HDFC FMP 504D December 2013 (1)-Regular Option-Flexi Option,10.0985
2014-02-13,126145,HDFC FMP 504D December 2013 (1)-Regular Option-Growth Option,10.0985
2014-02-13,126146,HDFC FMP 504D December 2013 (1)-Regular Option-Quarterly Dividend Option,10.0985
2014-02-13,126147,HDFC FMP 372D December 2013 (1)-Direct Option-Dividend Option,10.0839
2014-02-13,126148,HDFC FMP 372D December 2013 (1)-Direct Option-Flexi Option,10.0839
2014-02-13,126149,HDFC FMP 372D December 2013 (1)-Direct Option-Growth Option,10.0839
2014-02-13,126150,HDFC FMP 372D December 2013 (1)-Direct Option-Quarterly Dividend Option,10.0839
2014-02-13,126151,HDFC FMP 372D December 2013 (1)-Regular Option-Dividend Option,10.0832
2014-02-13,126152,HDFC FMP 372D December 2013 (1)-Regular Option-Flexi Option,10.0
2014-02-13,126153,HDFC FMP 372D December 2013 (1)-Regular Option-Growth Option,10.0832
2014-02-13,126154,HDFC FMP 372D December 2013 (1)-Regular Option-Quarterly Dividend Option,10.0832
2014-02-13,126163,IDBI Liquid Fund Bonus Direct,1359.5755
2014-02-13,126164,IDBI Liquid Fund Bonus Regular,1358.1973
2014-02-13,126167,ICICI Prudential Fixed Maturity Plan-Series 72-525 Days Plan B - Direct Plan - Cumulative,10.0585
2014-02-13,126169,ICICI Prudential Fixed Maturity Plan-Series 72-525 Days Plan B - Cumulative,10.0552
2014-02-13,126170,ICICI Prudential Fixed Maturity Plan-Series 72-525 Days Plan B - Dividend,10.0552
2014-02-13,126171,IDFC FTP S-59(728 Days)_Regular Plan_Growth,10.0645
2014-02-13,126173,IDFC FTP S-59(728 Days)_Direct Plan_Half Yearly Dividend,10.0683
2014-02-13,126175,IDFC FTP S-59(728 Days)_Direct Plan_Growth,10.0683
2014-02-13,126180,IDFC FTP S-59(728 Days)_Direct Plan_Periodic Dividend,10.0683
2014-02-13,126181,IDFC FTP S-60(643 Days)_Regular Plan_Growth,10.0745
2014-02-13,126182,IDFC FTP S-60(643 Days)_Regular Plan_Half Yearly Dividend,10.0745
2014-02-13,126183,IDFC FTP S-60(643 Days)_Regular Plan_Quarterly Dividend,10.0745
2014-02-13,126187,IDFC FTP S-60(643 Days)_Regular Plan_Periodic Dividend,10.0745
2014-02-13,126188,IDFC FTP S-60(643 Days)_Direct Plan_Growth,10.0777
2014-02-13,126192,L&T FMP Series X - Plan A (368 days) - Regular Plan - Growth Option,10.0766
2014-02-13,126193,L&T FMP Series X - Plan A (368 days) - Direct Plan - Growth Option,10.0799
2014-02-13,126194,L&T FMP Series X - Plan A (368 days) - Regular Plan - Dividend (Payout) Option,10.0766
2014-02-13,126196,L&T FMP Series X - Plan B (1119 days) - Direct Plan - Growth Option,10.0701
2014-02-13,126197,L&T FMP Series X - Plan B (1119 days) - Regular Plan- Dividend (Payout) Option,10.0654
2014-02-13,126198,L&T FMP Series X - Plan B (1119 days) - Regular Plan - Growth Option,10.0654
2014-02-13,126200,Axis Fixed Term Plan - Series 47 - Regular Plan - Growth,10.0528
2014-02-13,126201,Axis Fixed Term Plan - Series 47 - Regular Plan - Dividend,10.0528
2014-02-13,126202,Axis Fixed Term Plan - Series 47 - Regular Plan - Quarterly Dividend,10.0528
2014-02-13,126203,Axis Fixed Term Plan - Series 47 - Direct Plan - Growth,10.0565
2014-02-13,126205,SBI DEBT FUND SERIES - 16 MONTHS - 1 - DIRECT PLAN - GROWTH,10.0757
2014-02-13,126206,SBI DEBT FUND SERIES - 16 MONTHS - 1 - REGULAR PLAN - DIVIDEND,10.073
2014-02-13,126207,SBI DEBT FUND SERIES - 16 MONTHS - 1 - REGULAR PLAN - GROWTH,10.073
2014-02-13,126208,SBI DEBT FUND SERIES - 16 MONTHS - 1- DIRECT PLAN - DIVIDEND,10.0757
2014-02-13,126209,SBI DEBT FUND SERIES - 16 MONTHS - 2 - DIRECT PLAN - GROWTH,10.0493
2014-02-13,126210,SBI DEBT FUND SERIES - 16 MONTHS - 2 - REGULAR PLAN - DIVIDEND,10.0474
2014-02-13,126211,SBI DEBT FUND SERIES - 16 MONTHS - 2 - REGULAR PLAN - GROWTH,10.0474
2014-02-13,126212,SBI DEBT FUND SERIES - 16 MONTHS - 2- DIRECT PLAN - DIVIDEND,10.0493
2014-02-13,126219,Birla Sun Life Fixed Term Plan - Series JN (368 days) - Direct Plan-Normal Dividend,10.0561
2014-02-13,126221,Birla Sun Life Fixed Term Plan - Series JN (368 days) - Direct Plan-Growth,10.056
2014-02-13,126222,Birla Sun Life Fixed Term Plan - Series JN (368 days) - Regular Plan-Normal Dividend,10.055
2014-02-13,126223,Birla Sun Life Fixed Term Plan - Series JN (368 days) - Regular Plan-Quarterly Dividend,10.055
2014-02-13,126224,Birla Sun Life Fixed Term Plan - Series JN (368 days) - Regular Plan-Growth,10.055
2014-02-13,126225,Aditya Birla Sun Life Fixed Term Plan - Series JP (1175 days) - Regular Plan-Growth,10.0654
2014-02-13,126228,Aditya Birla Sun Life Fixed Term Plan - Series JP (1175 days) - Direct Plan-Growth,10.0685
2014-02-13,126229,Aditya Birla Sun Life Fixed Term Plan - Series JP (1175 days) - Regular Plan-Normal Dividend,10.0654
2014-02-13,126230,Aditya Birla Sun Life Fixed Term Plan - Series JP (1175 days) - Regular Plan-Quarterly Dividend,10.0654
2014-02-13,126231,ICICI Prudential Capital Protection Oriented Fund V - PLAN A - 5 Years Plan - Direct Plan - Cumulative,9.9219
2014-02-13,126232,ICICI Prudential Capital Protection Oriented Fund V - PLAN A - 5 Years Plan - Cumulative,9.91
2014-02-13,126233,ICICI Prudential Capital Protection Oriented Fund V - PLAN A - 5 Years Plan - Dividend,9.91
2014-02-13,126234,ICICI Prudential Capital Protection Oriented Fund V - PLAN A - 5 Years Plan - Direct Plan - Dividend,9.9219
2014-02-13,126239,LIC MF Capital Protection Oriented Fund-Series 2-Direct Plan-Dividend Payout,9.9688
2014-02-13,126240,HDFC FMP 372D December 2013 (2) - Direct Option-Dividend Option,10.0699
2014-02-13,126241,HDFC FMP 372D December 2013 (2) - Direct Option-Growth Option,10.0699
2014-02-13,126242,HDFC FMP 372D December 2013 (2) - Direct Option-Quarterly Dividend Option,10.0699
2014-02-13,126243,HDFC FMP 372D December 2013 (2) - Regular Option-Dividend Option,10.0693
2014-02-13,126244,HDFC FMP 372D December 2013 (2) - Regular Option-Flexi Option,10.0693
2014-02-13,126245,HDFC FMP 372D December 2013 (2) - Regular Option-Growth Option,10.0693
2014-02-13,126246,HDFC FMP 372D December 2013 (2) - Regular Option-Quarterly Dividend Option,10.0693
2014-02-13,126247,HDFC FMP 372D December 2013 (2) - Direct Option-Flexi Option,10.0699
2014-02-13,126248,Axis Fixed Term Plan - Series 48 (30 Days) - Regular Plan - Growth,10.0197
2014-02-13,126249,Axis Fixed Term Plan - Series 48 (30 Days) - Regular Plan - Dividend (Payout Facility),10.0197
2014-02-13,126250,Axis Fixed Term Plan - Series 48 (30 Days) - Regular Plan - Half Yearly Dividend,10.0197
2014-02-13,126251,Axis Fixed Term Plan - Series 48 (30 Days) - Direct Plan - Growth,10.0232
2014-02-13,126252,Axis Fixed Term Plan - Series 48 (30 Days) - Direct - Dividend,10.0232
2014-02-13,126254,Reliance Fixed Horizon Fund - XXV - Series 13 - Growth Option,10.0544
2014-02-13,126255,Reliance Fixed Horizon Fund - XXV - Series 13 - Dividend Payout Option,10.0544
2014-02-13,126256,Reliance Fixed Horizon Fund - XXV - Series 13 - Direct Plan - Growth Option,10.0579
2014-02-13,126259,Tata FMP Series 45 Scheme D - Plan A -Dividend Option ( Payout),10.0485
2014-02-13,126260,Tata FMP Series 45 Scheme D- Plan A -Growth Option,10.0485
2014-02-13,126261,Tata FMP Series 45 Scheme D - Direct Plan -Growth Option,10.0509
2014-02-13,126266,Tata FMP Series 46 Scheme H- Plan A -Growth Option,10.0325
2014-02-13,126267,Tata FMP Series 46 Scheme H - Plan A -Dividend Option ( Payout),10.0325
2014-02-13,126268,Tata FMP Series 46 Scheme H - Direct Plan -Growth Option,10.0354
2014-02-13,126269,Tata FMP Series 46 Scheme H - Direct Plan - Dividend Option ( Payout),10.0354
2014-02-13,126270,Tata FMP Series 46 Scheme I- Plan A -Growth Option,10.0233
2014-02-13,126272,Tata FMP Series 46 Scheme I - Direct Plan -Growth Option,10.0241
2014-02-13,126273,Tata FMP Series 46 Scheme I - Direct Plan - Dividend Option ( Payout),10.0241
2014-02-13,126280,Kotak FMP Series 132 (546 Days) - Growth,10.0639
2014-02-13,126281,Kotak FMP Series 132 (546 Days) - Direct Growth,10.068
2014-02-13,126282,Kotak FMP Series 132 (546 Days) - Dividend,10.0639
2014-02-13,126283,Kotak FMP Series 132 (546 Days) - Direct Dividend,10.0683
2014-02-13,126294,IDFC FTP S-62(636 Days)_Regular Plan_Growth,10.0573
2014-02-13,126296,IDFC FTP S-62(636 Days)_Regular Plan_Half Yearly Dividend,10.0573
2014-02-13,126297,IDFC FTP S-62(636 Days)_Regular Plan_Quarterly Dividend,10.0573
2014-02-13,126299,IDFC FTP S-62(636 Days)_Direct Plan_Growth,10.0613
2014-02-13,126304,UTI FTIF Series XVII - V (366 DAYS) - Growth Option,10.0611
2014-02-13,126305,UTI FTIF Series XVII - V (366 DAYS) - Growth Option - Direct,10.0642
2014-02-13,126306,UTI FTIF Series XVII - V  (366 DAYS) - Annual Div Option,10.0611
2014-02-13,126307,UTI FTIF Series XVII - V (366 DAYS) - Annual Div Option - Direct,10.0642
2014-02-13,126308,UTI FTIF Series XVII - V  (366 DAYS) - Quarterly Div Option,10.0611
2014-02-13,126309,UTI FTIF Series XVII - V (366 DAYS) - Quarterly Div Option - Direct,10.0643
2014-02-13,126310,UTI FTIF Series XVII - V (366 DAYS) - Maturity Div Option,10.0611
2014-02-13,126311,UTI FTIF Series XVII - V (366 DAYS) - Maturity Div Option - Direct,10.0642
2014-02-13,126312,UTI FTIF Series XVII - V (366 DAYS) - Flexi Div Option,10.0611
2014-02-13,126314,UTI FTIF Series XVII - IV (531 DAYS) - Quarterly Div Option,10.099
2014-02-13,126315,UTI FTIF Series XVII - IV (531 DAYS) - Quarterly Div Option - Direct,10.1041
2014-02-13,126317,UTI FTIF Series XVII - IV (531 DAYS) - Maturity Div Option - Direct,10.1041
2014-02-13,126319,UTI FTIF Series XVII - IV (531 DAYS) - Growth Option,10.099
2014-02-13,126320,UTI FTIF Series XVII - IV (531 DAYS) - Annual Div Option,10.099
2014-02-13,126321,UTI FTIF Series XVII - IV (531 DAYS) - Annual Div Option - Direct,10.1041
2014-02-13,126323,UTI FTIF Series XVII - IV (531 DAYS) - Growth Option - Direct,10.1041
2014-02-13,126324,ICICI Prudential Fixed Maturity Plan-Series 72-366 Days Plan C - Direct Plan - Cumulative,10.0327
2014-02-13,126325,ICICI Prudential Fixed Maturity Plan-Series 72-366 Days Plan C - Cumulative,10.0312
2014-02-13,126326,ICICI Prudential Fixed Maturity Plan-Series 72-366 Days Plan C - Direct Plan - Dividend,10.0327
2014-02-13,126327,ICICI Prudential Fixed Maturity Plan-Series 72-366 Days Plan C - Dividend,10.0312
2014-02-13,126332,ICICI Prudential Fixed Maturity Plan-Series 72-368 Days Plan D - Direct Plan - Cumulative,10.0473
2014-02-13,126333,ICICI Prudential Fixed Maturity Plan-Series 72-368 Days Plan D - Direct Plan - Dividend,10.0473
2014-02-13,126334,ICICI Prudential Fixed Maturity Plan-Series 72-368 Days Plan D - Cumulative,10.0458
2014-02-13,126335,ICICI Prudential Fixed Maturity Plan-Series 72-368 Days Plan D - Dividend,10.0458
2014-02-13,126346,Union Capital Protection Oriented Fund - Series 5 - Direct Plan - Growth Option,10.0033
2014-02-13,126347,Union Capital Protection Oriented Fund - Series 5 - Direct Plan - Dividend Option,10.0033
2014-02-13,126348,Union Capital Protection Oriented Fund - Series 5 - Regular Plan - Growth Option,10.0014
2014-02-13,126349,Union Capital Protection Oriented Fund - Series 5 - Regular Plan - Dividend Option,10.0014
2014-02-13,126350,Invesco India - Invesco Pan European Equity Fund of Fund - Regular Plan - IDCW (Payout / Reinvestment),10.4952
2014-02-13,126351,Invesco India - Invesco Pan European Equity Fund of Fund - Regular Plan - Growth Option,10.4952
2014-02-13,126352,Invesco India - Invesco Pan European Equity Fund of Fund - Direct Plan - IDCW (Payout / Reinvestment),10.4988
2014-02-13,126353,Invesco India - Invesco Pan European Equity Fund of Fund - Direct Plan - Growth Option,10.4987
2014-02-13,126354,Axis Hybrid Fund Series 8 (1279 days) - Regular Plan - Growth,9.9782
2014-02-13,126355,Axis Hybrid Fund Series 8 (1279 days) - Regular Plan - Dividend,9.9782
2014-02-13,126356,Axis Hybrid Fund Series 8 (1279 days) - Direct Plan - Growth,9.9857
2014-02-13,126357,Axis Hybrid Fund Series 8 (1279 days) - Direct Plan - Dividend,9.9857
2014-02-13,126358,Birla Sun Life Fixed Term Plan-Series JO (367 days)-Regular Plan-Growth,10.0415
2014-02-13,126359,Birla Sun Life Fixed Term Plan-Series JO (367 days)-Regular Plan-Quarterly Dividend,10.0415
2014-02-13,126360,Birla Sun Life Fixed Term Plan-Series JO (367 days)-Direct Plan-Normal Dividend,10.0429
2014-02-13,126361,Birla Sun Life Fixed Term Plan-Series JO (367 days)-Direct Plan-Growth,10.0429
2014-02-13,126362,Birla Sun Life Fixed Term Plan-Series JO (367 days)-Direct Plan-Quarterly Dividend,10.0428
2014-02-13,126365,Aditya Birla Sun Life Fixed Term Plan-Series JQ (1099 days)-Direct Plan-Growth,10.0465
2014-02-13,126366,Aditya Birla Sun Life Fixed Term Plan-Series JQ (1099 days)-Direct Plan-Quarterly Dividend,10.0465
2014-02-13,126367,Aditya Birla Sun Life Fixed Term Plan-Series JQ (1099 days)-Regular Plan-Growth,10.0452
2014-02-13,126368,Aditya Birla Sun Life Fixed Term Plan-Series JQ (1099 days)-Regular Plan-Normal Dividend,10.0453
2014-02-13,126369,Aditya Birla Sun Life Fixed Term Plan-Series JQ (1099 days)-Regular Plan-Quarterly Dividend,10.0453
2014-02-13,126370,Reliance Fixed Horizon Fund - XXV - Series 14 -Dividend Payout Option,10.0312
2014-02-13,126371,Reliance Fixed Horizon Fund - XXV - Series 14-Growth Option,10.0312
2014-02-13,126372,Reliance Fixed Horizon Fund - XXV - Series 14-Direct Plan -Growth Option,10.0319
2014-02-13,126373,Reliance Fixed Horizon Fund - XXV - Series 14 -Direct Plan -Dividend Payout Option,10.0319
2014-02-13,126374,DSP BlackRock FTP - Series 36 - 15M  - (Maturity Date 27 April 2017)- Regular Plan - Growth Option,10.0278
2014-02-13,126375,DSP BlackRock FTP - Series 36 - 15M - (Maturity Date 27 April 2017) - Regular Plan - Dividend Payout Option,10.0278
2014-02-13,126376,DSP BlackRock FTP - Series 36 - 15M - (Maturity Date 27 April 2017 ) - Direct Plan - Growth Option,10.0286
2014-02-13,126377,DSP BlackRock FTP - Series 36 - 15M - (Maturity Date 27 April 2017) - Direct Plan - Dividend Payout Option,10.0286
2014-02-13,126380,LIC MF Capital Protection Oriented Fund-Series 2-Direct Plan-Growth,9.9688
2014-02-13,126381,LIC MF Capital Protection Oriented Fund-Series 2-Regular Plan-Growth,9.9654
2014-02-13,126382,LIC MF Capital Protection Oriented Fund-Series 2-Regular Plan-Dividend Payout,9.9654
2014-02-13,126391,DSP Dynamic Asset Allocation Fund - Direct Plan - IDCW - Monthly,9.9991
2014-02-13,126392,DSP Dynamic Asset Allocation Fund - Regular Plan - IDCW - Monthly,9.9975
2014-02-13,126393,DSP Dynamic Asset Allocation Fund - Direct Plan - Growth,9.9991
2014-02-13,126394,DSP Dynamic Asset Allocation Fund - Regular Plan - Growth,9.9975
2014-02-13,126395,ICICI Prudential Fixed Maturity Plan-Series 72-500 Days Plan E - Dividend,10.0412
2014-02-13,126396,ICICI Prudential Fixed Maturity Plan-Series 72-500 Days Plan E - Direct Plan - Cumulative,10.0434
2014-02-13,126397,ICICI Prudential Fixed Maturity Plan-Series 72-500 Days Plan E - Cumulative,10.0412
2014-02-13,126399,HDFC FMP 371D January 2014 (1) - Direct Option-Flexi Option,10.0557
2014-02-13,126400,HDFC FMP 371D January 2014 (1) - Direct Option-Growth Option,10.0557
2014-02-13,126401,HDFC FMP 371D January 2014 (1) - Regular Option-Quarterly Dividend Option,10.0552
2014-02-13,126402,HDFC FMP 371D January 2014 (1) - Direct Option-Dividend Option,10.0557
2014-02-13,126403,HDFC FMP 371D January 2014 (1) - Regular Option-Dividend Option,10.0552
2014-02-13,126404,HDFC FMP 371D January 2014 (1) - Regular Option-Flexi Option,10.0552
2014-02-13,126405,HDFC FMP 371D January 2014 (1) - Regular Option-Growth Option,10.0552
2014-02-13,126406,HDFC FMP 371D January 2014 (1) - Direct Option-Quarterly Dividend Option,10.0557
2014-02-13,126407,Sundaram Select Micro Cap Series II - Direct Plan - Dividend Option,10.093
2014-02-13,126408,Sundaram Select Micro Cap Series II - Direct Plan - Growth Option,10.093
2014-02-13,126409,Sundaram Select Micro Cap Series II - Regular Plan - Dividend Option,10.0851
2014-02-13,126410,Sundaram Select Micro Cap Series II - Regular Plan - Growth Option,10.0851
2014-02-13,126413,Sundaram Fixed Term Plan EU Regular Plan Growth,10.0277
2014-02-13,126414,Sundaram Fixed Term Plan EU Regular Plan Half Yearly Dividend Payout,10.0277
2014-02-13,126415,Sundaram Fixed Term Plan EU Regular Plan Quarterly Dividend Payout,10.0277
2014-02-13,126416,Sundaram Fixed Term Plan EU Direct Plan Growth,10.0292
2014-02-13,126428,IDFC FTP -S 64(447 Days) -Direct Plan_Quarterly Dividend,10.044
2014-02-13,126429,IDFC FTP -S 64(447 Days) -Regular Plan_Growth,10.0403
2014-02-13,126432,IDFC FTP -S 64(447 Days) -Direct Plan_Growth,10.044
2014-02-13,126435,IDFC FTP -S 64(447 Days) -Regular Plan_Quarterly Dividend,10.0403
2014-02-13,126437,HDFC CPO - II - 36M January 2014 - Regular Option - Dividend Option,9.9915
2014-02-13,126438,HDFC CPO - II - 36M January 2014 - Regular Option - Growth Option,9.9915
2014-02-13,126439,HDFC CPO - II - 36M January 2014 - Direct Option - Dividend Option,9.9936
2014-02-13,126440,HDFC CPO - II - 36M January 2014 - Direct Option - Growth Option,9.9936
2014-02-13,126447,DWS Inflation Indexed Bond Fund - Direct Plan - Regular Dividend,9.8946
2014-02-13,126448,Aditya Birla Sun Life Fixed Term Plan - Series JR (1162 days) - Direct Plan-Normal Dividend,10.0321
2014-02-13,126449,Aditya Birla Sun Life Fixed Term Plan - Series JR (1162 days) - Regular Plan-Normal Dividend,10.0301
2014-02-13,126450,Aditya Birla Sun Life Fixed Term Plan - Series JR (1162 days) - Regular Plan-Growth,10.0301
2014-02-13,126451,Aditya Birla Sun Life Fixed Term Plan - Series JR (1162 days) - Regular Plan-Quarterly Dividend,10.0301
2014-02-13,126452,Aditya Birla Sun Life Fixed Term Plan - Series JR (1162 days) - Direct Plan-Quarterly Dividend,10.0321
2014-02-13,126453,Aditya Birla Sun Life Fixed Term Plan - Series JR (1162 days) - Direct Plan-Growth,10.0321
2014-02-13,126455,DWS Inflation Indexed Bond Fund - Direct Plan - Growth,9.8946
2014-02-13,126456,DWS Inflation Indexed Bond Fund - Direct Plan - Bonus,9.8946
2014-02-13,126457,DWS Inflation Indexed Bond Fund - Regular Plan - Regular Dividend,9.8918
2014-02-13,126458,DWS Inflation Indexed Bond Fund - Regular Plan - Bonus,9.8918
2014-02-13,126459,DWS Inflation Indexed Bond Fund - Regular Plan - Growth,9.8918
2014-02-13,126460,DWS Inflation Indexed Bond Fund - Regular Plan - Quarterly Dividend,9.8918
2014-02-13,126461,DWS Inflation Indexed Bond Fund - Direct Plan - Quarterly Dividend,9.8946
2014-02-13,126462,DWS Inflation Indexed Bond Fund - Regular Plan - Monthly Dividend,9.8918
2014-02-13,126463,SBI Dual Advantage Fund Series - I - Regular Plan - Growth,9.9696
2014-02-13,126464,SBI Dual Advantage Fund Series - I - Regular Plan - Dividend,9.9696
2014-02-13,126465,SBI Dual Advantage Fund Series - I - Direct Plan - Growth,9.9696
2014-02-13,126466,SBI Dual Advantage Fund Series - I - Direct Plan - Dividend,9.9696
2014-02-13,126467,IDBI FMP - Series IV - 518 Days (January 2014) - B Dividend Regular,10.0111
2014-02-13,126468,IDBI FMP - Series IV - 518 Days (January 2014) - B Growth Regular,10.0111
2014-02-13,126469,IDBI FMP - Series IV - 518 Days (January 2014) - B Growth Direct,10.0141
2014-02-13,126470,IDBI FMP - Series IV - 518 Days (January 2014) - B Dividend Direct,10.0141
2014-02-13,126471,IDFC EOS 2 ( 3 years) - Regular Plan_Dividend,10.0432
2014-02-13,126472,IDFC EOS 2 ( 3 years) - Direct Plan_Dividend,10.0482
2014-02-13,126473,ICICI Prudential Fixed Maturity Plan-Series 72-1092 Days Plan F - Direct Plan - Dividend,10.0357
2014-02-13,126474,ICICI Prudential Fixed Maturity Plan-Series 72-1092 Days Plan F - Dividend,10.0332
2014-02-13,126475,ICICI Prudential Fixed Maturity Plan-Series 72-1092 Days Plan F - Direct Plan - Cumulative,10.0357
2014-02-13,126476,ICICI Prudential Fixed Maturity Plan-Series 72-1092 Days Plan F - Cumulative,10.0332
2014-02-13,126477,Nippon India Fixed Horizon Fund - XXV - Series 15 - Direct Plan - Growth Option,10.0322
2014-02-13,126478,Nippon India Fixed Horizon Fund - XXV - Series 15 - Dividend Payout Option,10.03
2014-02-13,126479,Nippon India Fixed Horizon Fund - XXV - Series 15 - Direct Plan - Dividend Payout Option,10.0322
2014-02-13,126480,Nippon India Fixed Horizon Fund - XXV - Series 15 - Growth Option,10.03
2014-02-13,126483,Reliance Fixed Horizon Fund - XXV - Series 16 - Dividend Payout Option,10.0329
2014-02-13,126484,Reliance Fixed Horizon Fund - XXV - Series 16 - Growth Option,10.0329
2014-02-13,126485,Reliance Fixed Horizon Fund - XXV - Series 16 - Direct Plan - Growth Option,10.0346
2014-02-13,126486,Reliance Fixed Horizon Fund - XXV - Series 16 - Direct Plan - Dividend Payout Option,10.0346
2014-02-13,126487,HDFC FMP 491D January 2014 (1) - Direct Option-Growth Option,10.0644
2014-02-13,126488,HDFC FMP 491D January 2014 (1) - Direct Option-Quarterly Dividend Option,10.0644
2014-02-13,126489,HDFC FMP 491D January 2014 (1) - Regular Option-Dividend Option,10.0611
2014-02-13,126490,HDFC FMP 491D January 2014 (1) - Regular Option-Flexi Option,10.0
2014-02-13,126491,HDFC FMP 491D January 2014 (1) - Regular Option-Growth Option,10.0611
2014-02-13,126492,HDFC FMP 491D January 2014 (1) - Regular Option-Quarterly Dividend Option,10.0611
2014-02-13,126493,HDFC FMP 491D January 2014 (1) - Direct Option-Flexi Option,10.0644
2014-02-13,126494,HDFC FMP 491D January 2014 (1) - Direct Option-Dividend Option,10.0644
2014-02-13,126495,Kotak Hybrid Fixed Term Plan Series 2 - Regular Plan - Growth,9.9379
2014-02-13,126496,Kotak Hybrid Fixed Term Plan Series 2 - Direct Plan - Diviedend,9.9436
2014-02-13,126497,Kotak Hybrid Fixed Term Plan Series 2 - Direct Plan - Growth,9.9436
2014-02-13,126498,Kotak Hybrid Fixed Term Plan Series 2 - Regular Plan - Dividend,9.9379
2014-02-13,126499,ICICI Prudential Fixed Maturity Plan-Series 72-823 Days Plan H - Cumulative,10.0199
2014-02-13,126500,ICICI Prudential Fixed Maturity Plan-Series 72-823 Days Plan H - Direct Plan - Dividend,10.0229
2014-02-13,126501,ICICI Prudential Fixed Maturity Plan-Series 72-823 Days Plan H - Dividend,10.0199
2014-02-13,126502,ICICI Prudential Fixed Maturity Plan-Series 72-823 Days Plan H - Direct Plan - Cumulative,10.0229
2014-02-13,126503,HDFC FMP 369D January 2014 (1) - Direct Option-Dividend Option,10.0354
2014-02-13,126504,HDFC FMP 369D January 2014 (1) - Direct Option-Growth Option,10.0354
2014-02-13,126505,HDFC FMP 369D January 2014 (1) - Direct Option-Quarterly Dividend Option,10.0354
2014-02-13,126506,HDFC FMP 369D January 2014 (1) - Regular Option-Dividend Option,10.035
2014-02-13,126507,HDFC FMP 369D January 2014 (1) - Regular Option-Flexi Option,10.035
2014-02-13,126508,HDFC FMP 369D January 2014 (1) - Regular Option-Growth Option,10.035
2014-02-13,126509,HDFC FMP 369D January 2014 (1) - Regular Option-Quarterly Dividend Option,10.035
2014-02-13,126510,HDFC FMP 369D January 2014 (1) - Direct Option-Flexi Option,10.0354
2014-02-13,126511,SBI DEBT FUND SERIES - 366 DAYS - 50 - DIRECT PLAN - DIVIDEND,10.0472
2014-02-13,126512,SBI DEBT FUND SERIES - 366 DAYS - 50 - DIRECT PLAN - GROWTH,10.0473
2014-02-13,126513,SBI DEBT FUND SERIES - 366 DAYS - 50 - REGULAR PLAN - GROWTH,10.0458
2014-02-13,126514,SBI DEBT FUND SERIES - 366 DAYS - 50 - REGULAR PLAN - DIVIDEND,10.0458
2014-02-13,126533,IDFC FTP-65(728 Days)_Regular Plan_Growth,10.0201
2014-02-13,126535,IDFC FTP-65(728 Days)_Regular Plan_Quaterly Dividend,10.0201
2014-02-13,126536,IDFC FTP-65(728 Days)_Direct Plan_Growth,10.0214
2014-02-13,126538,IDFC FTP-65(728 Days)_Regular Plan_Half Yearly Dividend,10.0201
2014-02-13,126542,IDFC FTP-65(728 Days)_Direct Plan_Periodic Dividend,10.0214
2014-02-13,126546,IDFC FTP - S 66(1170 Days)_Direct Plan_Growth,10.0301
2014-02-13,126552,IDFC FTP - S 66(1170 Days)_Regular Plan_Growth,10.0275
2014-02-13,126560,ICICI Prudential Fixed Maturity Plan-Series 72-370 Days Plan G - Direct Plan - Cumulative,10.0367
2014-02-13,126561,ICICI Prudential Fixed Maturity Plan-Series 72-370 Days Plan G - Direct Plan - Dividend,10.0367
2014-02-13,126562,ICICI Prudential Fixed Maturity Plan-Series 72-370 Days Plan G - Cumulative,10.0361
2014-02-13,126563,ICICI Prudential Fixed Maturity Plan-Series 72-370 Days Plan G - Dividend,10.0361
2014-02-13,126564,ICICI Prudential Capital Protection Oriented Fund V - PLAN B - 1100 Days - Direct Plan - Cumulative,10.0445
2014-02-13,126565,ICICI Prudential Capital Protection Oriented Fund V - PLAN B - 1100 Days - Direct Plan - Dividend,10.0445
2014-02-13,126566,ICICI Prudential Capital Protection Oriented Fund V - PLAN B - 1100 Days - Cumulative,10.0405
2014-02-13,126567,ICICI Prudential Capital Protection Oriented Fund V - PLAN B - 1100 Days - Dividend,10.0405
2014-02-13,126568,L&T FMP Series X - Plan D (367 days) - Direct Plan - Dividend (Payout) Option,10.014
2014-02-13,126569,L&T FMP Series X - Plan D (367 days) - Direct Plan - Growth Option,10.014
2014-02-13,126571,L&T FMP Series X - Plan D (367 days) - Regular Plan - Growth Option,10.0124
2014-02-13,126572,L&T FMP Series X - Plan E (1000 days) - Direct Plan - Growth Option,10.0219
2014-02-13,126573,L&T FMP Series X - Plan E (1000 days) - Regular Plan - Dividend (Payout) Option,10.0192
2014-02-13,126574,L&T FMP Series X - Plan E (1000 days) - Direct Plan - Dividend (Payout) Option,10.0219
2014-02-13,126575,L&T FMP Series X - Plan E (1000 days) - Regular Plan - Growth Option,10.0192
2014-02-13,126580,SBI DEBT FUND SERIES A - 1 REGULAR PLAN - GROWTH,10.0347
2014-02-13,126581,SBI DEBT FUND SERIES A - 1 DIRECT - GROWTH,10.0381
2014-02-13,126582,SBI DEBT FUND SERIES A - 1 DIRECT PLAN - DIVIDEND,10.0381
2014-02-13,126583,SBI DEBT FUND SERIES A - 1 REGULAR PLAN DIVIDEND,10.0347
2014-02-13,126590,ICICI Prudential Fixed Maturity Plan-Series 72-366 Days Plan I - Direct Plan - Cumulative,10.0268
2014-02-13,126591,ICICI Prudential Fixed Maturity Plan-Series 72-366 Days Plan I - Direct Plan - Dividend,10.0268
2014-02-13,126592,ICICI Prudential Fixed Maturity Plan-Series 72-366 Days Plan I - Regular Plan - Cumulative,10.0263
2014-02-13,126593,ICICI Prudential Fixed Maturity Plan-Series 72-366 Days Plan I - Regular Plan - Dividend,10.0263
2014-02-13,126594,HSBC Fixed Term Series 101 - Dividend Option,10.0277
2014-02-13,126595,HSBC Fixed Term Series 101 - Direct Plan Growth Option,10.0297
2014-02-13,126597,HSBC Fixed Term Series 101 - Growth Option,10.0277
2014-02-13,126598,Aditya Birla Sun Life Fixed Term Plan - Corporate Bond Series A (1170 days) - Direct Plan-Growth,9.9391
2014-02-13,126599,Aditya Birla Sun Life Fixed Term Plan - Corporate Bond Series A (1170 days) - Regular Plan-Dividend,9.9381
2014-02-13,126600,Aditya Birla Sun Life Fixed Term Plan - Corporate Bond Series A (1170 days) - Direct Plan-Dividend,9.9391
2014-02-13,126601,Aditya Birla Sun Life Fixed Term Plan - Corporate Bond Series A (1170 days) - Regular Plan-Growth,9.9381
2014-02-13,126602,HDFC FMP 372D January 2014 (1)-Regular Option-Growth Option,10.0189
2014-02-13,126603,HDFC FMP 372D January 2014 (1)-Regular Option-Dividend Option,10.0189
2014-02-13,126604,HDFC FMP 372D January 2014 (1)-Regular Option-Quarterly Dividend Option,10.0189
2014-02-13,126605,HDFC FMP 372D January 2014 (1)-Regular Option-Flexi Option,10.0189
2014-02-13,126606,HDFC FMP 372D January 2014 (1)-Direct Option-Growth Option,10.0192
2014-02-13,126607,HDFC FMP 372D January 2014 (1)-Direct Option-Quarterly Dividend Option,10.0192
2014-02-13,126608,HDFC FMP 372D January 2014 (1)-Direct Option-Flexi Option,10.0192
2014-02-13,126609,HDFC FMP 372D January 2014 (1)-Direct Option-Dividend Option,10.0192
2014-02-13,126610,Aditya Birla Sun Life Capital Protection Oriented Fund - Series 18 - Regular Plan-Growth,10.0171
2014-02-13,126611,Aditya Birla Sun Life Capital Protection Oriented Fund - Series 18 - Direct Plan-Growth,10.0214
2014-02-13,126612,Birla Sun Life Fixed Term Plan-Series JS (368 days) - Direct Plan-Quarterly Dividend,10.0295
2014-02-13,126613,Birla Sun Life Fixed Term Plan-Series JS (368 days) - Direct Plan-Growth,10.0295
2014-02-13,126614,Birla Sun Life Fixed Term Plan-Series JS (368 days) - Regular Plan-Normal Dividend,10.0286
2014-02-13,126615,Birla Sun Life Fixed Term Plan-Series JS (368 days) - Regular Plan-Quarterly Dividend,10.0286
2014-02-13,126616,Birla Sun Life Fixed Term Plan-Series JS (368 days) - Regular Plan-Growth,10.0286
2014-02-13,126618,JPMorgan Europe Dynamic Equity Offshore Fund - Growth Option - Regular Plan,10.3477
2014-02-13,126619,JPMorgan Europe Dynamic Equity Offshore Fund - Growth Option - Direct Plan,10.3486
2014-02-13,126620,HDFC FMP 478D January 2014 (1) - Regular Option-Dividend Option,10.0163
2014-02-13,126621,HDFC FMP 478D January 2014 (1) - Direct Option-Dividend Option,10.0183
2014-02-13,126622,HDFC FMP 478D January 2014 (1) - Direct Option-Flexi Option,10.0183
2014-02-13,126623,HDFC FMP 478D January 2014 (1) - Direct Option-Growth Option,10.0183
2014-02-13,126624,HDFC FMP 478D January 2014 (1) - Direct Option-Quarterly Dividend Option,10.0183
2014-02-13,126625,HDFC FMP 478D January 2014 (1) - Regular Option-Flexi Option,10.0163
2014-02-13,126626,HDFC FMP 478D January 2014 (1) - Regular Option-Growth Option,10.0163
2014-02-13,126627,HDFC FMP 478D January 2014 (1) - Regular Option-Quarterly Dividend Option,10.0163
2014-02-13,126628,UTI FTIF Series XVII -VI (366 DAYS)- Growth Option,10.0477
2014-02-13,126629,UTI FTIF Series XVII -VI (366 DAYS)- Growth Option - Direct,10.0504
2014-02-13,126630,UTI FTIF Series XVII -VI (366 DAYS) - Annual Div Option,10.0477
2014-02-13,126631,UTI FTIF Series XVII -VI (366 DAYS) - Quarterly Div Option - Direct,10.0503
2014-02-13,126632,UTI FTIF Series XVII -VI (366 DAYS)- Maturity Div Option,10.0477
2014-02-13,126633,UTI FTIF Series XVII -VI (366 DAYS)- Maturity Div Option - Direct,10.0503
2014-02-13,126634,UTI FTIF Series XVII -VI (366 DAYS)- Flexi Div Option - Direct,10.0504
2014-02-13,126635,UTI FTIF Series XVII -VI (366 DAYS)- Annual Div Option - Direct,10.0504
2014-02-13,126636,UTI FTIF Series XVII -VI (366 DAYS)- Quarterly Div Option,10.0477
2014-02-13,126641,ICICI Prudential Fixed Maturity Plan-Series 72-483 Days Plan J - Direct Plan - Cumulative,10.0312
2014-02-13,126642,ICICI Prudential Fixed Maturity Plan-Series 72-483 Days Plan J - Cumulative,10.0298
2014-02-13,126643,ICICI Prudential Fixed Maturity Plan-Series 72-483 Days Plan J - Dividend,10.0298
2014-02-13,126644,ICICI Prudential Fixed Maturity Plan-Series 72-483 Days Plan J - Direct Plan - Dividend,10.0312
2014-02-13,126645,UTI FTIF Series XVII -VII (465 DAYS)- Growth Option,10.0325
2014-02-13,126646,UTI FTIF Series XVII -VII (465 DAYS)- Growth Option - Direct,10.0342
2014-02-13,126647,UTI FTIF Series XVII -VII (465 DAYS)- Quarterly Div Option - Direct,10.0342
2014-02-13,126648,UTI FTIF Series XVII -VII (465 DAYS)- Maturity Div Option,10.0326
2014-02-13,126649,UTI FTIF Series XVII -VII (465 DAYS)- Flexi Div Option,10.0326
2014-02-13,126650,UTI FTIF Series XVII -VII (465 DAYS)- Flexi Div Option - Direct,10.0341
2014-02-13,126651,UTI FTIF Series XVII -VII (465 DAYS)) - Maturity Div Option - Direct,10.0342
2014-02-13,126652,UTI FTIF Series XVII -VII (465 DAYS)) - Annual Div Option,10.0325
2014-02-13,126653,UTI FTIF Series XVII -VII (465 DAYS)- Annual Div Option - Direct,10.0342
2014-02-13,126654,UTI FTIF Series XVII -VII (465 DAYS)- Quarterly Div Option,10.0325
2014-02-13,126655,UTI FTIF Series XVII -VIII (1096 DAYS)-Growth Option,9.9643
2014-02-13,126656,UTI FTIF Series XVII -VIII (1096 DAYS)- Annual Div Option,9.9643
2014-02-13,126657,UTI FTIF Series XVII -VIII (1096 DAYS)-Annual Div Option - Direct,9.9669
2014-02-13,126658,UTI FTIF Series XVII -VIII (1096 DAYS)-Quarterly Div Option,9.9643
2014-02-13,126659,UTI FTIF Series XVII -VIII (1096 DAYS)-Quarterly Div Option - Direct,9.9667
2014-02-13,126660,UTI FTIF Series XVII -VIII (1096 DAYS)-Maturity Div Option,9.9643
2014-02-13,126661,UTI FTIF Series XVII -VIII (1096 DAYS)-Flexi Div Option,9.9643
2014-02-13,126662,UTI FTIF Series XVII -VIII (1096 DAYS)-Growth Option - Direct,9.9667
2014-02-13,126663,UTI FTIF Series XVII -VIII (1096 DAYS)- Maturity Div Option - Direct,9.9667
2014-02-13,126664,UTI FTIF Series XVII -VIII (1096 DAYS)-Flexi Div Option - Direct,9.9667
2014-02-13,126665,Kotak FMP Series 133 (524 Days) - Growth,10.0182
2014-02-13,126666,Kotak FMP Series 133 (524 Days) - Direct Growth,10.0199
2014-02-13,126671,Birla Sun Life Fixed Term Plan - Series JT (367 days) - Direct Plan-Growth,10.017
2014-02-13,126672,Birla Sun Life Fixed Term Plan - Series JT (367 days) - Regular Plan-Normal Dividend,10.0161
2014-02-13,126673,Birla Sun Life Fixed Term Plan - Series JT (367 days) - Regular Plan-Quarterly Dividend,10.016
2014-02-13,126674,Birla Sun Life Fixed Term Plan - Series JT (367 days) - Regular Plan-Growth,10.0161
2014-02-13,126679,DSP BlackRock FMP - Series 144 - 12M (Maturity Date 20-Feb-2017) - Direct Plan - Dividend Payout - Quarterly Payout,10.0125
2014-02-13,126680,DSP BlackRock FMP - Series 144 - 12M (Maturity Date 20-Feb-2017) - Regular Plan - Dividend Payout - Quarterly Payout,10.0124
2014-02-13,126681,DSP BlackRock FMP - Series 144 - 12M (Maturity Date 20-Feb-2017) - Regular Plan - Dividend Payout - Regular Payout,10.0124
2014-02-13,126682,DSP BlackRock FMP - Series 144 - 12M (Maturity Date 20-Feb-2017) - Direct Plan - Dividend Payout - Regular Payout,10.0125
2014-02-13,126683,DSP BlackRock FMP - Series 144 - 12M (Maturity Date 20-Feb-2017) - Direct Plan - Growth,10.0125
2014-02-13,126684,DSP BlackRock FMP - Series 144 - 12M (Maturity Date 20-Feb-2017) - Regular Plan - Growth,10.0124
2014-02-13,126685,CANARA ROBECO CORPORATE BOND FUND - DIRECT PLAN - GROWTH OPTION,10.0113
2014-02-13,126686,CANARA ROBECO CORPORATE BOND FUND - DIRECT PLAN - IDCW (Payout/Reinvestment),10.0113
2014-02-13,126687,CANARA ROBECO CORPORATE BOND FUND - REGULAR PLAN - GROWTH OPTION,10.0111
2014-02-13,126688,CANARA ROBECO CORPORATE BOND FUND - REGULAR PLAN - IDCW (Payout/Reinvestment),10.0111
2014-02-13,126691,Invesco India Fixed Maturity Plan - Series 22 - Plan F (15 Months) - Regular Plan - Growth,10.0278
2014-02-13,126692,Invesco India Fixed Maturity Plan - Series 22 - Plan F (15 Months) - Direct Plan - Growth,10.0292
2014-02-13,126693,IDFC Interval Fund - Series 4(90 Days)_Regular Plan_Dividend,10.031
2014-02-13,126694,IDFC Interval Fund - Series 4(90 Days)_Regular Plan_Growth,10.031
2014-02-13,126695,IDFC Interval Fund - Series 4(90 Days)_Direct Plan_Dividend,10.0312
2014-02-13,126696,IDFC Interval Fund - Series 4(90 Days)_Direct Plan_Growth,10.0312
2014-02-13,126697,Tata FMP Series 46 Scheme K- Plan A -Growth Option,10.0208
2014-02-13,126698,Tata FMP Series 46 Scheme K - Plan A -Dividend Option ( Payout),10.0208
2014-02-13,126699,Tata FMP Series 46 Scheme K - Direct Plan -Growth Option,10.0216
2014-02-13,126701,Reliance Fixed Horizon Fund - XXV - Series 17 - Growth Option,10.0219
2014-02-13,126702,Reliance Fixed Horizon Fund - XXV - Series 17 - Direct Plan - Growth Option,10.0235
2014-02-13,126703,Reliance Fixed Horizon Fund - XXV - Series 17 - Direct Plan - Dividend Payout Option,10.0235
2014-02-13,126705,HDFC FMP 370D January 2014 (1)- Direct Option-Flexi Option,10.0
2014-02-13,126706,HDFC FMP 370D January 2014 (1)- Direct Option-Growth Option,10.013
2014-02-13,126707,HDFC FMP 370D January 2014 (1)- Direct Option-Quarterly Dividend Option,10.0
2014-02-13,126708,HDFC FMP 370D January 2014 (1)- Regular Option-Dividend Option,10.0128
2014-02-13,126709,HDFC FMP 370D January 2014 (1)- Regular Option-Growth Option,10.0128
2014-02-13,126710,HDFC FMP 370D January 2014 (1)- Regular Option-Quarterly Dividend Option,10.0
2014-02-13,126711,HDFC FMP 370D January 2014 (1)- Direct Option-Dividend Option,10.0
2014-02-13,126712,HDFC FMP 370D January 2014 (1)- Regular Option-Flexi Option,10.0128
2014-02-13,126713,IDFC FTP-S67(729 Days)_Direct Plan_Growth,10.0039
2014-02-13,126719,IDFC FTP-S67(729 Days)_Regular Plan_Quaterly Dividend,10.0028
2014-02-13,126720,IDFC FTP-S67(729 Days)_Regular Plan_Periodic Dividend,10.0028
2014-02-13,126722,IDFC FTP-S67 (729 Days)_Regular Plan_Growth,10.0028
2014-02-13,126733,Birla Sun Life Fixed Term Plan - Series JU (369 days) - Direct Plan-Normal Dividend,10.0144
2014-02-13,126735,Birla Sun Life Fixed Term Plan - Series JU (369 days) - Direct Plan-Growth,10.0144
2014-02-13,126736,Birla Sun Life Fixed Term Plan - Series JU (369 days) - Regular Plan-Normal Dividend,10.0137
2014-02-13,126737,Birla Sun Life Fixed Term Plan - Series JU (369 days) - Regular Plan-Quarterly Dividend,10.0137
2014-02-13,126738,Birla Sun Life Fixed Term Plan - Series JU (369 days) - Regular Plan-Growth,10.0137
2014-02-13,126743,Aditya Birla Sun Life Fixed Term Plan - Corporate Bond Series B (1168 days) - Regular Plan-Dividend,9.9676
2014-02-13,126744,Aditya Birla Sun Life Fixed Term Plan - Corporate Bond Series B (1168 days) - Direct Plan-Dividend,9.9691
2014-02-13,126745,Aditya Birla Sun Life Fixed Term Plan - Corporate Bond Series B (1168 days) - Direct Plan-Growth,9.9691
2014-02-13,126746,Aditya Birla Sun Life Fixed Term Plan - Corporate Bond Series B (1168 days) - Regular Plan-Growth,9.9676
2014-02-13,126747,SBI DEBT FUND SERIES - 366 DAYS - 51 REGULAR PLAN - DIVIDEND,10.0126
2014-02-13,126748,SBI DEBT FUND SERIES - 366 DAYS - 51 DIRECT PLAN - GROWTH,10.0136
2014-02-13,126749,SBI DEBT FUND SERIES - 366 DAYS - 51 REGULAR PLAN - GROWTH,10.0126
2014-02-13,126750,SBI DEBT FUND SERIES - 366 DAYS - 51 DIRECT PLAN - DIVIDEND,10.0136
2014-02-13,126756,Axis Fixed Term Plan - Series 49 - Regular Plan - Growth,10.0222
2014-02-13,126757,Axis Fixed Term Plan - Series 49 - Regular Plan - Dividend,10.0222
2014-02-13,126758,Axis Fixed Term Plan - Series 49 - Regular Plan - Quarterly Dividend,10.0222
2014-02-13,126759,Axis Fixed Term Plan - Series 49 - Direct Plan - Growth,10.0238
2014-02-13,126765,HDFC FMP 1175D January 2014 (1) - Regular Option-Flexi Option,10.0
2014-02-13,126766,HDFC FMP 1175D January 2014 (1) - Regular Option-Growth Option,10.029
2014-02-13,126767,HDFC FMP 1175D January 2014 (1) - Regular Option-Quarterly Dividend Option,10.029
2014-02-13,126768,HDFC FMP 1175D January 2014 (1) - Direct Option-Dividend Option,10.0289
2014-02-13,126769,HDFC FMP 1175D January 2014 (1) - Direct Option-Flexi Option,10.0289
2014-02-13,126770,HDFC FMP 1175D January 2014 (1) - Direct Option-Growth Option,10.0289
2014-02-13,126771,HDFC FMP 1175D January 2014 (1) - Direct Option-Quarterly Dividend Option,10.0289
2014-02-13,126772,HDFC FMP 1175D January 2014 (1) - Regular Option-Dividend Option,10.029
2014-02-13,126773,HDFC FMP 472D January 2014 (1) - Direct Option-Dividend Option,10.0267
2014-02-13,126774,HDFC FMP 472D January 2014 (1) - Direct Option-Flexi Option,10.0267
2014-02-13,126775,HDFC FMP 472D January 2014 (1) - Direct Option-Growth Option,10.0267
2014-02-13,126776,HDFC FMP 472D January 2014 (1) - Direct Option-Quarterly Dividend Option,10.0
2014-02-13,126777,HDFC FMP 472D January 2014 (1) - Regular Option-Dividend Option,10.0251
2014-02-13,126778,HDFC FMP 472D January 2014 (1) - Regular Option-Flexi Option,10.0251
2014-02-13,126779,HDFC FMP 472D January 2014 (1) - Regular Option-Growth Option,10.0251
2014-02-13,126780,HDFC FMP 472D January 2014 (1) - Regular Option-Quarterly Dividend Option,10.0251
2014-02-13,126782,UTI FTIF Series XVII -IX (466 DAYS)-Flexi Div Option - Direct,10.0301
2014-02-13,126783,UTI FTIF Series XVII -IX (466 DAYS)-Growth Option,10.0293
2014-02-13,126784,UTI FTIF Series XVII -IX (466 DAYS)-Growth Option - Direct,10.0301
2014-02-13,126786,UTI FTIF Series XVII -IX (466 DAYS)-Annual Div Option - Direct,10.0301
2014-02-13,126787,UTI FTIF Series XVII -IX (466 DAYS)-Quarterly Div Option,10.0293
2014-02-13,126788,UTI FTIF Series XVII -IX (466 DAYS)-Quarterly Div Option - Direct,10.0301
2014-02-13,126789,UTI FTIF Series XVII -IX (466 DAYS)-Maturity Div Option,10.0293
2014-02-13,126790,UTI FTIF Series XVII -IX (466 DAYS)- Maturity Div Option - Direct,10.0301
2014-02-13,126801,ICICI Prudential Fixed Maturity Plan-Series 72-440 Days Plan L - Dividend,10.0145
2014-02-13,126802,ICICI Prudential Fixed Maturity Plan-Series 72-440 Days Plan L - Direct Plan - Cumulative,10.0153
2014-02-13,126803,ICICI Prudential Fixed Maturity Plan-Series 72-440 Days Plan L - Direct Plan - Dividend,10.0153
2014-02-13,126804,ICICI Prudential Fixed Maturity Plan-Series 72-440 Days Plan L - Cumulative,10.0145
2014-02-13,126805,IDFC FTP S-70(1169 Days)_Regular Plan_Growth,10.0029
2014-02-13,126807,IDFC FTP S-70(1169 Days)_Direct Plan_Periodic Dividend,10.004
2014-02-13,126808,IDFC FTP S-70(1169 Days)_Direct Plan_Growth,10.004
2014-02-13,126810,IDFC FTP S-70(1169 Days)_Regular Plan_Quaterly Dividend,10.0029
2014-02-13,126815,ICICI Prudential Fixed Maturity Plan-Series 72-366 Days Plan K - Direct Plan - Cumulative,10.0047
2014-02-13,126816,ICICI Prudential Fixed Maturity Plan-Series 72-366 Days Plan K - Direct Plan - Dividend,10.0047
2014-02-13,126817,ICICI Prudential Fixed Maturity Plan-Series 72-366 Days Plan K - Cumulative,10.0044
2014-02-13,126818,ICICI Prudential Fixed Maturity Plan-Series 72-366 Days Plan K - Dividend,10.0044
2014-02-13,126819,IDFC FTP S-71 (795 Days)_Regular Plan_Growth,9.9986
2014-02-13,126820,IDFC FTP S-71 (795 Days)_Direct Plan_Growth,9.9996
2014-02-13,126823,IDFC FTP S-71 (795 Days)_Regular Plan_Quaterly Dividend,9.9986
2014-02-13,126829,ICICI Prudential Fixed Maturity Plan-Series 72-785 Days Plan O - Cumulative,10.0065
2014-02-13,126830,ICICI Prudential Fixed Maturity Plan-Series 72-785 Days Plan O - Dividend,10.0065
2014-02-13,126831,ICICI Prudential Fixed Maturity Plan-Series 72-785 Days Plan O - Direct Plan - Cumulative,10.0067
2014-02-13,126832,ICICI Prudential Fixed Maturity Plan-Series 72-785 Days Plan O - Direct Plan - Dividend,10.0067
2014-02-13,126833,Sundaram Fixed Term Plan EW Direct Plan Growth,9.9981
2014-02-13,126836,Sundaram Fixed Term Plan EW Regular Plan Growth,9.9974
2014-02-13,126839,Sundaram Fixed Term Plan EX Regular Plan Quarterly Dividend Payout,10.007
2014-02-13,126840,Sundaram Fixed Term Plan EX Direct Plan Growth,10.0072
2014-02-13,126843,Sundaram Fixed Term Plan EX Regular Plan Growth,10.007
2014-02-13,126844,Sundaram Fixed Term Plan EX Regular Plan Half Yearly Dividend Payout,10.007
2014-02-13,126849,DWS FIXED MATURITY PLAN - SERIES 45 - DIRECT PLAN -GROWTH,10.0207
2014-02-13,126853,DWS FIXED MATURITY PLAN - SERIES 45 - REGULAR PLAN -GROWTH,10.0194
2014-02-13,126854,DWS FIXED MATURITY PLAN - SERIES 45 - REGULAR PLAN -QUARTERLY DIVIDEND,10.0194
2014-02-13,126855,DWS FIXED MATURITY PLAN - SERIES 45 - REGULAR PLAN -REGULAR DIVIDEND,10.0194
2014-02-13,126865,Religare Invesco Fixed Maturity Plan - Series 22 - Plan G (370 Days) - Regular Plan - Growth Option,10.022
2014-02-13,126866,Religare Invesco Fixed Maturity Plan - Series 22 - Plan G (370 Days) - Direct Plan - Growth Option,10.0222
2014-02-13,126867,Pramerica Fixed Duration Fund - Series 17 - Regular Plan - Growth Option,1003.0458
2014-02-13,126869,ramerica Fixed Duration Fund - Series 17 - Direct Plan - Growth Option,1003.065
2014-02-13,126870,ramerica Fixed Duration Fund - Series 17 - Direct Plan - Dividend Payout Facility,1003.065
2014-02-13,126872,ramerica Fixed Duration Fund - Series 17 - Regular Plan - Dividend Payout Facility,1003.0458
2014-02-13,126873,Kotak FMP Series 135 (455 Days) - Growth,10.0294
2014-02-13,126874,Kotak FMP Series 135 (455 Days) - Direct Growth,10.0305
2014-02-13,126877,HDFC FMP 371D January 2014 (2) - Direct Option-Dividend Option,10.0245
2014-02-13,126878,HDFC FMP 371D January 2014 (2) - Direct Option-Flexi Option,10.0
2014-02-13,126879,HDFC FMP 371D January 2014 (2) - Direct Option-Growth Option,10.0245
2014-02-13,126880,HDFC FMP 371D January 2014 (2) - Direct Option-Quarterly Dividend Option,10.0245
2014-02-13,126881,HDFC FMP 371D January 2014 (2) - Regular Option-Dividend Option,10.0243
2014-02-13,126882,HDFC FMP 371D January 2014 (2) - Regular Option-Flexi Option,10.0243
2014-02-13,126883,HDFC FMP 371D January 2014 (2) - Regular Option-Growth Option,10.0243
2014-02-13,126884,HDFC FMP 371D January 2014 (2) - Regular Option-Quarterly Dividend Option,10.0243
2014-02-13,126885,HDFC FMP 90D January 2014 (1) - Direct Option - Dividend Option,10.0319
2014-02-13,126886,HDFC FMP 90D January 2014 (1) - Direct Option - Growth Option,10.0319
2014-02-13,126887,HDFC FMP 90D January 2014 (1) - Regular Option - Dividend Option,10.0309
2014-02-13,126888,HDFC FMP 90D January 2014 (1) - Regular Option - Growth Option,10.0309
2014-02-13,126889,Reliance Fixed Horizon Fund - XXV - Series 18 - Growth Option,10.0036
2014-02-13,126890,Reliance Fixed Horizon Fund - XXV - Series 18 - Dividend Payout Option,10.0036
2014-02-13,126891,Reliance Fixed Horizon Fund - XXV - Series 18 - Direct Plan - Growth Option,10.0037
2014-02-13,126892,Reliance Fixed Horizon Fund - XXV - Series 18 - Direct Plan - Dividend Payout Option,10.0037
2014-02-13,126908,Aditya Birla Sun Life Fixed Term Plan - Series JX (1530 days) - Direct Plan-Growth,10.0239
2014-02-13,126909,Aditya Birla Sun Life Fixed Term Plan - Series JX (1530 days) - Regular Plan-Normal Dividend,10.0226
2014-02-13,126911,Aditya Birla Sun Life Fixed Term Plan - Series JX (1530 days) - Regular Plan-Growth,10.0226
2014-02-13,126912,SBI DEBT FUND SERIES A - 2 DIRECT - GROWTH,10.0083
2014-02-13,126914,SBI DEBT FUND SERIES A - 2 REGULAR PLAN - GROWTH,10.0072
2014-02-13,126915,SBI DEBT FUND SERIES A - 2 REGULAR PLAN - DIVIDEND,10.0072
2014-02-13,126917,BOI AXA FIXED MATURITY PLAN SERIES 9 REGULAR PLAN DIVIDEND PAYOUT,10.0163
2014-02-13,126918,BOI AXA FIXED MATURITY PLAN SERIES 9 REGULAR PLAN GROWTH,10.0163
2014-02-13,126919,BOI AXA FIXED MATURITY PLAN SERIES 9 DIRECT PLAN GRWOTH,10.0166
2014-02-13,126922,DWS FIXED MATURITY PLAN - SERIES 46 - REGULAR PLAN -GROWTH,10.0063
2014-02-13,126926,DWS FIXED MATURITY PLAN - SERIES 46 - DIRECT PLAN -GROWTH,10.0069
2014-02-13,126927,ICICI Prudential Fixed Maturity Plan-Series 72-366 Days Plan M - Direct Plan - Cumulative,10.0044
2014-02-13,126928,ICICI Prudential Fixed Maturity Plan-Series 72-366 Days Plan M - Direct Plan - Dividend,10.0044
2014-02-13,126929,ICICI Prudential Fixed Maturity Plan-Series 72-366 Days Plan M - Cumulative,10.0044
2014-02-13,126930,ICICI Prudential Fixed Maturity Plan-Series 72-366 Days Plan M - Dividend,10.0044
2014-02-13,126935,Invesco India Fixed Maturity Plan - Series 22 - Plan H (427 Days) - Regular Plan - Growth Option,10.0095
2014-02-13,126936,Invesco India Fixed Maturity Plan - Series 22 - Plan H (427 Days) - Direct Plan - Growth Option,10.0096
2014-02-13,126939,UTI Banking & PSU Fund- Regular Plan - Growth Option,10.0309
2014-02-13,126940,UTI Banking & PSU Fund - Direct Plan - Growth Option,10.0315
2014-02-13,126941,UTI Banking & PSU Fund - Regular Plan - Quarterly IDCW,10.0309
2014-02-13,126942,UTI Banking & PSU Fund - Direct Plan - Quarterly IDCW,10.0315
2014-02-13,126959,Tata FMP Series 45 Scheme E - Plan A -Dividend Option ( Payout),10.0099
2014-02-13,126960,Tata FMP Series 45 Scheme E - Direct Plan -Growth Option,10.0104
2014-02-13,126961,Tata FMP Series 45 Scheme E - Direct Plan - Dividend Option ( Payout),10.0104
2014-02-13,126962,Tata FMP Series 45 Scheme E- Plan A -Growth Option,10.01
2014-02-13,126963,Tata FMP Series 46 Scheme L - Plan A -Growth Option,10.007
2014-02-13,126964,Tata FMP Series 46 Scheme L - Plan A -Dividend Option ( Payout),10.007
2014-02-13,126965,Tata FMP Series 46 Scheme L - Direct Plan -Growth Option,10.0071
2014-02-13,126983,Aditya Birla Sun Life Fixed Term Plan - Series JY (1162 days) - Regular Plan-Growth,10.0117
2014-02-13,126984,Aditya Birla Sun Life Fixed Term Plan - Series JY (1162 days) - Direct Plan-Normal Dividend,10.012
2014-02-13,126985,Aditya Birla Sun Life Fixed Term Plan - Series JY (1162 days) - Direct Plan-Quarterly Dividend,10.012
2014-02-13,126986,Aditya Birla Sun Life Fixed Term Plan - Series JY (1162 days) - Direct Plan-Growth,10.012
2014-02-13,126987,Aditya Birla Sun Life Fixed Term Plan - Series JY (1162 days) - Regular Plan-Normal Dividend,10.0117
2014-02-13,126988,Aditya Birla Sun Life Fixed Term Plan - Series JY (1162 days) - Regular Plan-Quarterly Dividend,10.0117
2014-02-13,126989,HDFC FMP 840D January 2014 (1) - Direct Option-Growth Option,10.0059
2014-02-13,126990,HDFC FMP 840D January 2014 (1) - Direct Option-Quarterly Dividend Option,10.0059
2014-02-13,126991,HDFC FMP 840D January 2014 (1) - Regular Option-Growth Option,10.0051
2014-02-13,126992,HDFC FMP 840D January 2014 (1) - Regular Option-Dividend Option,10.0051
2014-02-13,126993,HDFC FMP 840D January 2014 (1) - Regular Option-Flexi Option,10.0
2014-02-13,126994,HDFC FMP 840D January 2014 (1) - Direct Option-Dividend Option,10.0059
2014-02-13,126995,HDFC FMP 840D January 2014 (1) - Regular Option-Quarterly Dividend Option,10.0051
2014-02-13,126996,HDFC FMP 840D January 2014 (1) - Direct Option-Flexi Option,10.0
2014-02-13,127005,HDFC FMP 453D February 2014 (1) - Direct Option-Flexi Option,10.0163
2014-02-13,127006,HDFC FMP 453D February 2014 (1) - Direct Option-Quarterly Dividend Option,10.0
2014-02-13,127007,HDFC FMP 453D February 2014 (1) - Regular Option-Dividend Option,10.0156
2014-02-13,127008,HDFC FMP 453D February 2014 (1) - Regular Option-Flexi Option,10.0156
2014-02-13,127009,HDFC FMP 453D February 2014 (1) - Regular Option-Growth Option,10.0156
2014-02-13,127010,HDFC FMP 453D February 2014 (1) - Regular Option-Quarterly Dividend Option,10.0156
2014-02-13,127011,HDFC FMP 453D February 2014 (1) - Direct Option-Dividend Option,10.0163
2014-02-13,127012,HDFC FMP 453D February 2014 (1) - Direct Option-Growth Option,10.0163
2014-02-13,127019,HDFC FMP 372D February 2014 (1) - Direct Option-Flexi Option,10.011
2014-02-13,127020,HDFC FMP 372D February 2014 (1) - Direct Option-Growth Option,10.011
2014-02-13,127021,HDFC FMP 372D February 2014 (1) - Direct Option-Quarterly Dividend Option,10.011
2014-02-13,127022,HDFC FMP 372D February 2014 (1) - Regular Option-Dividend Option,10.0108
2014-02-13,127023,HDFC FMP 372D February 2014 (1) - Regular Option-Flexi Option,10.0108
2014-02-13,127024,HDFC FMP 372D February 2014 (1) - Regular Option-Quarterly Dividend Option,10.0108
2014-02-13,127025,HDFC FMP 372D February 2014 (1) - Direct Option-Dividend Option,10.011
2014-02-13,127026,HDFC FMP 372D February 2014 (1) - Regular Option-Growth Option,10.0108
2014-02-13,127027,Axis Fixed Term Plan - Series 50 (3 months) - Regular Plan - Growth,10.0301
2014-02-13,127028,Axis Fixed Term Plan - Series 50 (3 months) - Regular Plan - Dividend,10.0301
2014-02-13,127029,Axis Fixed Term Plan - Series 50 (3 months) - Direct Plan - Dividend,10.0309
2014-02-13,127030,Axis Fixed Term Plan - Series 50 (3 months) - Direct Plan - Growth,10.0309
2014-02-13,127035,PEERLESS FMP SERIES 6- DIRECT- DIVIDEND,10.0043
2014-02-13,127036,PEERLESS FMP SERIES 6- DIRECT- GROWTH,10.0043
2014-02-13,127038,PEERLESS FMP SERIES 6- REGULAR- GROWTH,10.0042
2014-02-13,127045,IDFC FTP - S 73 (50 Days)_Regular Plan_Growth,10.0051
2014-02-13,127046,IDFC FTP - S 73 (50 Days)_Direct Plan_Growth,10.0052
2014-02-13,127047,IDFC FTP - S 73 (50 Days)_Regular Plan_Periodic Dividend,10.0051
2014-02-13,127048,IDFC FTP - S 73 (50 Days)_Direct Plan_Periodic Dividend,10.0052
2014-02-13,127054,Birla Sun Life Fixed Term Plan - Series JZ (368 days) - Direct Plan-Quarterly Dividend,10.0105
2014-02-13,127055,Birla Sun Life Fixed Term Plan - Series JZ (368 days) - Direct Plan-Growth,10.0105
2014-02-13,127056,Birla Sun Life Fixed Term Plan - Series JZ (368 days) - Regular Plan-Quarterly Dividend,10.0104
2014-02-13,127057,Birla Sun Life Fixed Term Plan - Series JZ (368 days) - Regular Plan-Growth,10.0104
2014-02-13,127058,Birla Sun Life Fixed Term Plan - Series JZ (368 days) - Regular Plan-Normal Dividend,10.0104
2014-02-13,127093,DWS FIXED MATURITY PLAN - SERIES 47 - DIRECT PLAN -GROWTH,10.0029
2014-02-13,127095,DWS FIXED MATURITY PLAN - SERIES 47 - REGULAR PLAN -GROWTH,10.0027
2014-02-13,127097,DWS FIXED MATURITY PLAN- SERIES 47 - REGULAR PLAN -ANNUAL DIVIDEND,10.0027
2014-02-13,127115,UTI FTIF Series XVII -X (1152 DAYS)-Growth Option,10.0027
2014-02-13,127116,UTI FTIF Series XVII -X (1152 DAYS)-Growth Option - Direct,10.0033
2014-02-13,127118,UTI FTIF Series XVII -X (1152 DAYS)-Annual Div Option - Direct,10.0033
2014-02-13,127119,UTI FTIF Series XVII -X (1152 DAYS)-Quarterly Div Option,10.0027
2014-02-13,127120,UTI FTIF Series XVII -X (367 DAYS)-Quarterly Div Option - Direct,10.0033
2014-02-13,127121,UTI FTIF Series XVII -X (367 DAYS)-Maturity Div Option,10.0027
2014-02-13,127122,UTI FTIF Series XVII -X (367 DAYS)- Maturity Div Option - Direct,10.0033
2014-02-13,127124,UTI FTIF Series XVII -X (367 DAYS)-Flexi Div Option - Direct,10.0033
2014-02-13,127173,JPMorgan India Fixed Maturity Plan - Series 30 - Regular Plan - Growth Option,10.0059
2014-02-13,127174,JPMorgan India Fixed Maturity Plan - Series 30 - Direct Plan - Growth Option,10.006
2014-02-13,127175,JPMorgan India Fixed Maturity Plan - Series 30 - Regular Plan - Dividend Option,10.0059
2014-02-13,127201,HDFC FMP 369D February 2014 (1) - Direct Option-Flexi Option,10.001
2014-02-13,127202,HDFC FMP 369D February 2014 (1) - Direct Option-Growth Option,10.001
2014-02-13,127203,HDFC FMP 369D February 2014 (1) - Direct Option-Quarterly Dividend Option,10.001
2014-02-13,127204,HDFC FMP 369D February 2014 (1) - Regular Option-Dividend Option,10.0002
2014-02-13,127205,HDFC FMP 369D February 2014 (1) - Regular Option-Flexi Option,10.0
2014-02-13,127206,HDFC FMP 369D February 2014 (1) - Direct Option-Dividend Option,10.001
2014-02-13,127207,HDFC FMP 369D February 2014 (1) - Regular Option-Growth Option,10.0002
2014-02-13,127208,HDFC FMP 369D February 2014 (1) - Regular Option-Quarterly Dividend Option,10.0
2014-02-13,127219,HDFC FMP 447D February 2014 (1) - Direct Option-Dividend Option,10.0043
2014-02-13,127220,HDFC FMP 447D February 2014 (1) - Direct Option-Flexi Option,10.0
2014-02-13,127221,HDFC FMP 447D February 2014 (1) - Direct Option-Growth Option,10.0043
2014-02-13,127222,HDFC FMP 447D February 2014 (1) - Direct Option-Quarterly Dividend Option,10.0043
2014-02-13,127223,HDFC FMP 447D February 2014 (1) - Regular Option-Dividend Option,10.0042
2014-02-13,127224,HDFC FMP 447D February 2014 (1) - Regular Option-Flexi Option,10.0042
2014-02-13,127225,HDFC FMP 447D February 2014 (1) - Regular Option-Growth Option,10.0042
2014-02-13,127226,HDFC FMP 447D February 2014 (1) - Regular Option-Quarterly Dividend Option,10.0042
2014-02-13,127245,Birla Sun Life Fixed Term Plan - Series KB (367 days) - Direct Plan-Growth,10.0075
2014-02-13,127246,Birla Sun Life Fixed Term Plan - Series KB (367 days) - Regular Plan-Growth,10.0075
2014-02-13,127247,Birla Sun Life Fixed Term Plan - Series KB (367 days) - Regular Plan-Normal Dividend,10.0075
2014-02-13,127371,HDFC FMP 371D February 2014 (1) - Regular Option-Growth Option,10.0045
2014-02-13,127372,HDFC FMP 371D February 2014 (1) - Regular Option-Quarterly Dividend Option,10.0
2014-02-13,127373,HDFC FMP 371D February 2014 (1) - Direct Option-Dividend Option,10.0045
2014-02-13,127374,HDFC FMP 371D February 2014 (1) - Direct Option-Flexi Option,10.0
2014-02-13,127375,HDFC FMP 371D February 2014 (1) - Direct Option-Growth Option,10.0045
2014-02-13,127376,HDFC FMP 371D February 2014 (1) - Direct Option-Quarterly Dividend Option,10.0045
2014-02-13,127377,HDFC FMP 371D February 2014 (1) - Regular Option-Dividend Option,10.0045
2014-02-13,127378,HDFC FMP 371D February 2014 (1) - Regular Option-Flexi Option,10.0
2014-02-13,127399,ICICI Prudential Interval Fund - Quarterly Interval Plan III - Direct Quarterly Dividend Payout,10.0161
